0.000000000000000000e+00 1.323300494515798320e+01
2.602602602602602580e-02 1.319515875555095619e+01
5.205205205205205160e-02 1.319229830751580401e+01
7.807807807807808087e-02 1.318950617089452493e+01
1.041041041041041032e-01 1.318701146776330013e+01
1.301301301301301117e-01 1.318469293196250014e+01
1.561561561561561340e-01 1.318233279488836729e+01
1.821821821821821563e-01 1.318008465460682999e+01
2.082082082082081509e-01 1.317794851399062672e+01
2.342342342342341732e-01 1.317592437589986787e+01
2.602602602602601678e-01 1.317399768955242401e+01
2.862862862862862179e-01 1.317200003624398441e+01
3.123123123123122125e-01 1.317005042965523387e+01
3.383383383383382070e-01 1.316814887213198837e+01
3.643643643643642571e-01 1.316629536604771467e+01
3.903903903903902517e-01 1.316448610638858518e+01
4.164164164164162463e-01 1.316266109163163911e+01
4.424424424424422964e-01 1.316083606136952966e+01
4.684684684684682909e-01 1.315901101560221065e+01
4.944944944944942855e-01 1.315718595432950266e+01
5.205205205205203356e-01 1.315536363698342726e+01
5.465465465465464412e-01 1.315356771377240008e+01
5.725725725725725468e-01 1.315177177777615292e+01
5.985985985985985414e-01 1.314997582900639550e+01
6.246246246246246470e-01 1.314817986747475054e+01
6.506506506506507526e-01 1.314638389319275014e+01
6.766766766766767471e-01 1.314458790617183581e+01
7.027027027027028527e-01 1.314279190642336204e+01
7.287287287287289583e-01 1.314099589395859269e+01
7.547547547547549529e-01 1.313919986878870105e+01
7.807807807807810585e-01 1.313740383092477160e+01
8.068068068068071641e-01 1.313560790867926542e+01
8.328328328328331587e-01 1.313381947523334858e+01
8.588588588588592643e-01 1.313203102969031733e+01
8.848848848848853699e-01 1.313024257206406453e+01
9.109109109109113644e-01 1.312845410236839427e+01
9.369369369369374700e-01 1.312666562061703246e+01
9.629629629629635756e-01 1.312487712682362506e+01
9.889889889889894592e-01 1.312308862100172924e+01
1.015015015015015454e+00 1.312130010316482931e+01
1.041041041041041559e+00 1.311951157332632434e+01
1.067067067067067665e+00 1.311772303149953345e+01
1.093093093093093771e+00 1.311593447769769050e+01
1.119119119119119876e+00 1.311413582563414693e+01
1.145145145145145982e+00 1.311233650651644211e+01
1.171171171171171865e+00 1.311053717527861018e+01
1.197197197197197971e+00 1.310873783193483533e+01
1.223223223223224077e+00 1.310693847649921295e+01
1.249249249249250182e+00 1.310513910898576206e+01
1.275275275275276288e+00 1.310333972940840930e+01
1.301301301301302393e+00 1.310154033778100668e+01
1.327327327327328277e+00 1.309974093411731566e+01
1.353353353353354382e+00 1.309794151843101950e+01
1.379379379379380488e+00 1.309614209073571445e+01
1.405405405405406594e+00 1.309434265104491502e+01
1.431431431431432699e+00 1.309254319937205580e+01
1.457457457457458805e+00 1.309074373573048078e+01
1.483483483483484688e+00 1.308894426013345580e+01
1.509509509509510794e+00 1.308714477259416498e+01
1.535535535535536900e+00 1.308534527312570539e+01
1.561561561561563005e+00 1.308354576174109418e+01
1.587587587587589111e+00 1.308174623845326145e+01
1.613613613613615216e+00 1.307994670327505915e+01
1.639639639639641100e+00 1.307814715621925217e+01
1.665665665665667206e+00 1.307634759729852725e+01
1.691691691691693311e+00 1.307454802652548231e+01
1.717717717717719417e+00 1.307274844391263713e+01
1.743743743743745522e+00 1.307094884947242619e+01
1.769769769769771628e+00 1.306914924321720051e+01
1.795795795795797511e+00 1.306734962515923293e+01
1.821821821821823617e+00 1.306554999531070571e+01
1.847847847847849723e+00 1.306375035368372650e+01
1.873873873873875828e+00 1.306195070029031413e+01
1.899899899899901934e+00 1.306015103514240927e+01
1.925925925925927817e+00 1.305835135825186555e+01
1.951951951951953923e+00 1.305655166963045488e+01
1.977977977977979807e+00 1.305475196928986925e+01
2.004004004004005690e+00 1.305295225724171715e+01
2.030030030030031352e+00 1.305115253349752003e+01
2.056056056056057457e+00 1.304935279806872472e+01
2.082082082082083119e+00 1.304755305096668572e+01
2.108108108108109224e+00 1.304575329220268287e+01
2.134134134134134886e+00 1.304395352178791079e+01
2.160160160160160991e+00 1.304215373973347880e+01
2.186186186186186653e+00 1.304035394605041809e+01
2.212212212212212314e+00 1.303855414074967278e+01
2.238238238238238420e+00 1.303675432384210708e+01
2.264264264264264082e+00 1.303495449533850348e+01
2.290290290290290187e+00 1.303315465524955741e+01
2.316316316316315849e+00 1.303135132573736144e+01
2.342342342342341954e+00 1.302954611728209500e+01
2.368368368368367616e+00 1.302774067718027595e+01
2.394394394394393277e+00 1.302593500543130922e+01
2.420420420420419383e+00 1.302412910203453755e+01
2.446446446446445044e+00 1.302232296698923975e+01
2.472472472472471150e+00 1.302051660029462710e+01
2.498498498498496811e+00 1.301871000194984518e+01
2.524524524524522917e+00 1.301690317195397029e+01
2.550550550550548579e+00 1.301509611030601832e+01
2.576576576576574240e+00 1.301328881700493412e+01
2.602602602602600346e+00 1.301148129204959325e+01
2.628628628628626007e+00 1.300967353543881089e+01
2.654654654654652113e+00 1.300786554717132759e+01
2.680680680680677774e+00 1.300605732724582175e+01
2.706706706706703436e+00 1.300424887566090071e+01
2.732732732732729541e+00 1.300244019241510074e+01
2.758758758758755203e+00 1.300063127750689240e+01
2.784784784784781309e+00 1.299882213093467875e+01
2.810810810810806970e+00 1.299701275269679179e+01
2.836836836836833076e+00 1.299520314279149069e+01
2.862862862862858737e+00 1.299339330121697067e+01
2.888888888888884399e+00 1.299158322797135234e+01
2.914914914914910504e+00 1.298977292305268705e+01
2.940940940940936166e+00 1.298796238645895684e+01
2.966966966966962271e+00 1.298615161818807096e+01
2.992992992992987933e+00 1.298434061823786578e+01
3.019019019019014038e+00 1.298252938660611022e+01
3.045045045045039700e+00 1.298071792329049678e+01
3.071071071071065361e+00 1.297890622828864693e+01
3.097097097097091467e+00 1.297709430159811461e+01
3.123123123123117129e+00 1.297528214321637030e+01
3.149149149149143234e+00 1.297346975314082229e+01
3.175175175175168896e+00 1.297165713136879717e+01
3.201201201201195001e+00 1.296984427789755401e+01
3.227227227227220663e+00 1.296803119272427018e+01
3.253253253253246324e+00 1.296621787584605556e+01
3.279279279279272430e+00 1.296440432725994185e+01
3.305305305305298091e+00 1.296259054696288615e+01
3.331331331331324197e+00 1.296077653495177096e+01
3.357357357357349859e+00 1.295896229122339882e+01
3.383383383383375964e+00 1.295714781577450303e+01
3.409409409409401626e+00 1.295533310860173515e+01
3.435435435435427287e+00 1.295351816970166858e+01
3.461461461461453393e+00 1.295170299907080746e+01
3.487487487487479054e+00 1.294988759670556888e+01
3.513513513513505160e+00 1.294807121173462505e+01
3.539539539539530821e+00 1.294625349023375627e+01
3.565565565565556927e+00 1.294443551075605647e+01
3.591591591591582588e+00 1.294261727329747025e+01
3.617617617617608250e+00 1.294079877785386223e+01
3.643643643643634356e+00 1.293898002442101536e+01
3.669669669669660017e+00 1.293716101299462551e+01
3.695695695695686123e+00 1.293534174357031041e+01
3.721721721721711784e+00 1.293352221614360076e+01
3.747747747747737446e+00 1.293170243070994729e+01
3.773773773773763551e+00 1.292988238726471195e+01
3.799799799799789213e+00 1.292806208580317318e+01
3.825825825825815318e+00 1.292624152632052592e+01
3.851851851851840980e+00 1.292442070881187988e+01
3.877877877877867085e+00 1.292259963327225769e+01
3.903903903903892747e+00 1.292077829969659675e+01
3.929929929929918853e+00 1.291895670807974739e+01
3.955955955955944958e+00 1.291713485841647113e+01
3.981981981981970620e+00 1.291531275070144602e+01
4.008008008007996281e+00 1.291349038492925771e+01
4.034034034034022831e+00 1.291166776109440839e+01
4.060060060060048492e+00 1.290984487919130963e+01
4.086086086086074154e+00 1.290802173921428242e+01
4.112112112112099815e+00 1.290619834115756071e+01
4.138138138138125477e+00 1.290437468501528606e+01
4.164164164164152027e+00 1.290255077078151302e+01
4.190190190190177688e+00 1.290072659845020375e+01
4.216216216216203350e+00 1.289890216801522982e+01
4.242242242242229011e+00 1.289707747947036864e+01
4.268268268268254673e+00 1.289525253280930883e+01
4.294294294294281222e+00 1.289342732802564662e+01
4.320320320320306884e+00 1.289160186511288408e+01
4.346346346346332545e+00 1.288977614406442918e+01
4.372372372372358207e+00 1.288795016487359923e+01
4.398398398398384757e+00 1.288612392753361391e+01
4.424424424424410418e+00 1.288429743203760047e+01
4.450450450450436080e+00 1.288247067837859205e+01
4.476476476476461741e+00 1.288064366654952231e+01
4.502502502502487403e+00 1.287881639654323251e+01
4.528528528528513952e+00 1.287698886835246803e+01
4.554554554554539614e+00 1.287516108196987474e+01
4.580580580580565275e+00 1.287333303738799906e+01
4.606606606606590937e+00 1.287150473459929856e+01
4.632632632632616598e+00 1.286967617359612071e+01
4.658658658658643148e+00 1.286784735437072413e+01
4.684684684684668809e+00 1.286601827691526267e+01
4.710710710710694471e+00 1.286418894122179069e+01
4.736736736736720133e+00 1.286235934728226660e+01
4.762762762762746682e+00 1.286052949508854226e+01
4.788788788788772344e+00 1.285869938463237183e+01
4.814814814814798005e+00 1.285686901590540643e+01
4.840840840840823667e+00 1.285503838889919770e+01
4.866866866866849328e+00 1.285320750360518893e+01
4.892892892892875878e+00 1.285137636001472572e+01
4.918918918918901539e+00 1.284954495811904707e+01
4.944944944944927201e+00 1.284771329790928718e+01
4.970970970970952862e+00 1.284588137937647900e+01
4.996996996996978524e+00 1.284404920251154536e+01
5.023023023023005074e+00 1.284221676730530604e+01
5.049049049049030735e+00 1.284038407374847424e+01
5.075075075075056397e+00 1.283855112183165659e+01
5.101101101101082058e+00 1.283671791154535136e+01
5.127127127127107720e+00 1.283488444287994845e+01
5.153153153153134269e+00 1.283305071582572943e+01
5.179179179179159931e+00 1.283121673037286747e+01
5.205205205205185592e+00 1.282938248651142388e+01
5.231231231231211254e+00 1.282754798423135512e+01
5.257257257257237804e+00 1.282571322352250220e+01
5.283283283283263465e+00 1.282387820437459247e+01
5.309309309309289127e+00 1.282204292677724844e+01
5.335335335335314788e+00 1.282020739071997539e+01
5.361361361361340450e+00 1.281837159619216493e+01
5.387387387387366999e+00 1.281653554318309673e+01
5.413413413413392661e+00 1.281469923168193858e+01
5.439439439439418322e+00 1.281286266167773569e+01
5.465465465465443984e+00 1.281102583315942667e+01
5.491491491491469645e+00 1.280918874611582936e+01
5.517517517517496195e+00 1.280735140053564436e+01
5.543543543543521857e+00 1.280551379640745679e+01
5.569569569569547518e+00 1.280367593371973456e+01
5.595595595595573180e+00 1.280183781246082475e+01
5.621621621621599729e+00 1.279999943261895723e+01
5.647647647647625391e+00 1.279816079418223751e+01
5.673673673673651052e+00 1.279632189713865920e+01
5.699699699699676714e+00 1.279448274147608622e+01
5.725725725725702375e+00 1.279264332718226704e+01
5.751751751751728925e+00 1.279080365424482402e+01
5.777777777777754586e+00 1.278896372265125692e+01
5.803803803803780248e+00 1.278712353238894117e+01
5.829829829829805909e+00 1.278528308344513320e+01
5.855855855855831571e+00 1.278344237580695619e+01
5.881881881881858121e+00 1.278160140946141432e+01
5.907907907907883782e+00 1.277976018439538208e+01
5.933933933933909444e+00 1.277791870059560786e+01
5.959959959959935105e+00 1.277607695804871213e+01
5.985985985985960767e+00 1.277423495674118392e+01
6.012012012011987316e+00 1.277239269665938970e+01
6.038038038038012978e+00 1.277055017778956092e+01
6.064064064064038639e+00 1.276870740011779937e+01
6.090090090090064301e+00 1.276686436363007537e+01
6.116116116116090851e+00 1.276502106831222960e+01
6.142142142142116512e+00 1.276317751414996593e+01
6.168168168168142174e+00 1.276133370112886034e+01
6.194194194194167835e+00 1.275948962923434671e+01
6.220220220220193497e+00 1.275764529845173278e+01
6.246246246246220046e+00 1.275580070876618244e+01
6.272272272272245708e+00 1.275395586016272986e+01
6.298298298298271369e+00 1.275211075262626714e+01
6.324324324324297031e+00 1.275026538614155136e+01
6.350350350350322692e+00 1.274841976069319927e+01
6.376376376376349242e+00 1.274657387626568728e+01
6.402402402402374904e+00 1.274472773284335325e+01
6.428428428428400565e+00 1.274288133041039295e+01
6.454454454454426227e+00 1.274103466895086001e+01
6.480480480480452776e+00 1.273918774844866775e+01
6.506506506506478438e+00 1.273734056888758204e+01
6.532532532532504099e+00 1.273549313025122487e+01
6.558558558558529761e+00 1.273364543252307612e+01
6.584584584584555422e+00 1.273179747568646825e+01
6.610610610610581972e+00 1.272994925972458446e+01
6.636636636636607633e+00 1.272810078462046413e+01
6.662662662662633295e+00 1.272625205035699381e+01
6.688688688688658956e+00 1.272440305691691442e+01
6.714714714714684618e+00 1.272255380428281235e+01
6.740740740740711168e+00 1.272070429243713008e+01
6.766766766766736829e+00 1.271885452136214845e+01
6.792792792792762491e+00 1.271700449104000263e+01
6.818818818818788152e+00 1.271515420145267328e+01
6.844844844844814702e+00 1.271330365258198114e+01
6.870870870870840363e+00 1.271145284440959600e+01
6.896896896896866025e+00 1.270960177691702953e+01
6.922922922922891686e+00 1.270775045008563886e+01
6.948948948948917348e+00 1.270589886389661594e+01
6.974974974974943898e+00 1.270404701833100169e+01
7.001001001000969559e+00 1.270219491336966833e+01
7.027027027026995221e+00 1.270034254899333348e+01
7.053053053053020882e+00 1.269848992518255137e+01
7.079079079079046544e+00 1.269663704191771103e+01
7.105105105105073093e+00 1.269478389917903627e+01
7.131131131131098755e+00 1.269293049694659103e+01
7.157157157157124416e+00 1.269106308667619842e+01
7.183183183183150078e+00 1.268918993612266632e+01
7.209209209209175739e+00 1.268731625536297614e+01
7.235235235235202289e+00 1.268544204437487188e+01
7.261261261261227951e+00 1.268356730313592351e+01
7.287287287287253612e+00 1.268169203162351977e+01
7.313313313313279274e+00 1.267981622981487355e+01
7.339339339339305823e+00 1.267793989768701124e+01
7.365365365365331485e+00 1.267606303521678512e+01
7.391391391391357146e+00 1.267418564238086098e+01
7.417417417417382808e+00 1.267230771915571630e+01
7.443443443443408469e+00 1.267042926551764914e+01
7.469469469469435019e+00 1.266855028144276929e+01
7.495495495495460681e+00 1.266667076690700000e+01
7.521521521521486342e+00 1.266479072188607446e+01
7.547547547547512004e+00 1.266291014635553402e+01
7.573573573573537665e+00 1.266102904029073351e+01
7.599599599599564215e+00 1.265914740366683056e+01
7.625625625625589876e+00 1.265726523645879453e+01
7.651651651651615538e+00 1.265538253864139406e+01
7.677677677677641199e+00 1.265349931018920593e+01
7.703703703703667749e+00 1.265161555107660618e+01
7.729729729729693410e+00 1.264973126127777725e+01
7.755755755755719072e+00 1.264784644076669551e+01
7.781781781781744733e+00 1.264596108951714193e+01
7.807807807807770395e+00 1.264407520750268965e+01
7.833833833833796945e+00 1.264218879469671108e+01
7.859859859859822606e+00 1.264030185107237436e+01
7.885885885885849156e+00 1.263841437660263622e+01
7.911911911911875706e+00 1.263652637126025269e+01
7.937937937937902255e+00 1.263463783501776305e+01
7.963963963963929693e+00 1.263274876784750234e+01
7.989989989989956243e+00 1.263085916972159062e+01
8.016016016015981904e+00 1.262896904061193482e+01
8.042042042042009342e+00 1.262707838049022513e+01
8.068068068068036780e+00 1.262518718932794037e+01
8.094094094094062442e+00 1.262329546709633732e+01
8.120120120120089879e+00 1.262140321376645780e+01
8.146146146146115541e+00 1.261951042930911804e+01
8.172172172172142979e+00 1.261761711369491579e+01
8.198198198198170417e+00 1.261572326689422496e+01
8.224224224224196078e+00 1.261382888887719389e+01
8.250250250250223516e+00 1.261193397961374529e+01
8.276276276276249177e+00 1.261003853907357097e+01
8.302302302302276615e+00 1.260814256722613891e+01
8.328328328328304053e+00 1.260624606404067904e+01
8.354354354354329715e+00 1.260434902948619573e+01
8.380380380380357153e+00 1.260245146353145174e+01
8.406406406406382814e+00 1.260055336614498245e+01
8.432432432432410252e+00 1.259865473729507812e+01
8.458458458458437690e+00 1.259675557694979631e+01
8.484484484484463351e+00 1.259485588507694942e+01
8.510510510510490789e+00 1.259295566164411007e+01
8.536536536536516451e+00 1.259105490661860394e+01
8.562562562562543889e+00 1.258915361996751692e+01
8.588588588588571326e+00 1.258725180165768265e+01
8.614614614614596988e+00 1.258534945165568786e+01
8.640640640640624426e+00 1.258344656992786703e+01
8.666666666666650087e+00 1.258154315644030419e+01
8.692692692692677525e+00 1.257963921115883110e+01
8.718718718718704963e+00 1.257773473404901665e+01
8.744744744744730625e+00 1.257582972507618102e+01
8.770770770770758062e+00 1.257392418420537794e+01
8.796796796796783724e+00 1.257201811140140180e+01
8.822822822822811162e+00 1.257011150662878762e+01
8.848848848848838600e+00 1.256820436985180045e+01
8.874874874874864261e+00 1.256629670103444063e+01
8.900900900900891699e+00 1.256438850014044206e+01
8.926926926926917361e+00 1.256247976713326509e+01
8.952952952952944798e+00 1.256057050197610003e+01
8.978978978978972236e+00 1.255866070463185835e+01
9.005005005004997898e+00 1.255675037506318148e+01
9.031031031031025336e+00 1.255483951323243019e+01
9.057057057057050997e+00 1.255292811910168282e+01
9.083083083083078435e+00 1.255101619263273882e+01
9.109109109109105873e+00 1.254910373378711341e+01
9.135135135135131534e+00 1.254719074252603050e+01
9.161161161161158972e+00 1.254527721881043334e+01
9.187187187187184634e+00 1.254336316260097028e+01
9.213213213213212072e+00 1.254144857385799838e+01
9.239239239239237733e+00 1.253953345254157981e+01
9.265265265265265171e+00 1.253761779861148185e+01
9.291291291291292609e+00 1.253570161202716982e+01
9.317317317317318270e+00 1.253378489274781238e+01
9.343343343343345708e+00 1.253186764073227266e+01
9.369369369369371370e+00 1.252994985593911004e+01
9.395395395395398808e+00 1.252803153832657124e+01
9.421421421421426246e+00 1.252611268785260279e+01
9.447447447447451907e+00 1.252419330447483148e+01
9.473473473473479345e+00 1.252227338815057323e+01
9.499499499499505006e+00 1.252035293883682421e+01
9.525525525525532444e+00 1.251843195649026974e+01
9.551551551551559882e+00 1.251651044106726474e+01
9.577577577577585544e+00 1.251458839252384436e+01
9.603603603603612981e+00 1.251266581081572049e+01
9.629629629629638643e+00 1.251074269589827281e+01
9.655655655655666081e+00 1.250881904772655240e+01
9.681681681681693519e+00 1.250689486625527636e+01
9.707707707707719180e+00 1.250497015143882606e+01
9.733733733733746618e+00 1.250304490323124718e+01
9.759759759759772280e+00 1.250111912158624072e+01
9.785785785785799717e+00 1.249919280645716846e+01
9.811811811811827155e+00 1.249726595779704219e+01
9.837837837837852817e+00 1.249533857555852912e+01
9.863863863863880255e+00 1.249341065969394471e+01
9.889889889889905916e+00 1.249148221015525095e+01
9.915915915915933354e+00 1.248955322689405101e+01
9.941941941941960792e+00 1.248762370986159276e+01
9.967967967967986453e+00 1.248569365900875994e+01
9.993993993994013891e+00 1.248376307428607213e+01
1.002002002002003955e+01 1.248183195564368475e+01
1.004604604604606699e+01 1.247990030303138198e+01
1.007207207207209443e+01 1.247796811639856962e+01
1.009809809809812009e+01 1.247603539569428754e+01
1.012412412412414753e+01 1.247410214086719016e+01
1.015015015015017319e+01 1.247216835186555350e+01
1.017617617617620063e+01 1.247023402863726638e+01
1.020220220220222807e+01 1.246829917112983566e+01
1.022822822822825373e+01 1.246636377929037387e+01
1.025425425425428116e+01 1.246442785306560097e+01
1.028028028028030683e+01 1.246249139240184078e+01
1.030630630630633426e+01 1.246055439724502101e+01
1.033233233233236170e+01 1.245861686754066078e+01
1.035835835835838736e+01 1.245667880323387777e+01
1.038438438438441480e+01 1.245474020426938111e+01
1.041041041041044046e+01 1.245280107059146779e+01
1.043643643643646790e+01 1.245086140214401915e+01
1.046246246246249534e+01 1.244892119887049553e+01
1.048848848848852100e+01 1.244698046071394160e+01
1.051451451451454844e+01 1.244503918761697214e+01
1.054054054054057410e+01 1.244309737952177564e+01
1.056656656656660154e+01 1.244115503637010889e+01
1.059259259259262720e+01 1.243921215810329173e+01
1.061861861861865464e+01 1.243726874466221055e+01
1.064464464464468207e+01 1.243532479598730411e+01
1.067067067067070774e+01 1.243338031201856708e+01
1.069669669669673517e+01 1.243143529269554648e+01
1.072272272272276084e+01 1.242948973795733636e+01
1.074874874874878827e+01 1.242754364774257603e+01
1.077477477477481571e+01 1.242559607589520354e+01
1.080080080080084137e+01 1.242362427739473496e+01
1.082682682682686881e+01 1.242165144264335375e+01
1.085285285285289447e+01 1.241967757157546082e+01
1.087887887887892191e+01 1.241770266412496682e+01
1.090490490490494935e+01 1.241572672022528323e+01
1.093093093093097501e+01 1.241374973980932417e+01
1.095695695695700245e+01 1.241177172280949748e+01
1.098298298298302811e+01 1.240979266915770118e+01
1.100900900900905555e+01 1.240781257878532173e+01
1.103503503503508298e+01 1.240583145162323042e+01
1.106106106106110865e+01 1.240384928760177452e+01
1.108708708708713608e+01 1.240186608665077550e+01
1.111311311311316175e+01 1.239988184869952725e+01
1.113913913913918918e+01 1.239789657367678544e+01
1.116516516516521662e+01 1.239591026151077280e+01
1.119119119119124228e+01 1.239392291212916142e+01
1.121721721721726972e+01 1.239193452545907981e+01
1.124324324324329538e+01 1.238994510142710403e+01
1.126926926926932282e+01 1.238795463995925239e+01
1.129529529529535026e+01 1.238596314098098006e+01
1.132132132132137592e+01 1.238397060441717734e+01
1.134734734734740336e+01 1.238197703019216078e+01
1.137337337337342902e+01 1.237998241822967671e+01
1.139939939939945646e+01 1.237798676845288348e+01
1.142542542542548389e+01 1.237599008078435503e+01
1.145145145145150956e+01 1.237399235514607909e+01
1.147747747747753699e+01 1.237199359145943944e+01
1.150350350350356265e+01 1.236999378964522656e+01
1.152952952952959009e+01 1.236799294962362161e+01
1.155555555555561753e+01 1.236599107131419117e+01
1.158158158158164319e+01 1.236398815463589074e+01
1.160760760760767063e+01 1.236198419950705052e+01
1.163363363363369629e+01 1.235997920584537191e+01
1.165965965965972373e+01 1.235797317356792924e+01
1.168568568568575117e+01 1.235596610259115202e+01
1.171171171171177683e+01 1.235395799283083207e+01
1.173773773773780427e+01 1.235194884420210570e+01
1.176376376376382993e+01 1.234993865661946089e+01
1.178978978978985737e+01 1.234792742999671944e+01
1.181581581581588480e+01 1.234591516424703705e+01
1.184184184184191047e+01 1.234390185928290151e+01
1.186786786786793790e+01 1.234188751501611847e+01
1.189389389389396356e+01 1.233987213135781147e+01
1.191991991991999100e+01 1.233785570821841304e+01
1.194594594594601666e+01 1.233583824550765939e+01
1.197197197197204410e+01 1.233381974313458329e+01
1.199799799799807154e+01 1.233180020100751229e+01
1.202402402402409720e+01 1.232977961903405273e+01
1.205005005005012464e+01 1.232775799712109865e+01
1.207607607607615030e+01 1.232573533517480691e+01
1.210210210210217774e+01 1.232371163310060780e+01
1.212812812812820518e+01 1.232168689080318558e+01
1.215415415415423084e+01 1.231966110818648197e+01
1.218018018018025828e+01 1.231763428515367842e+01
1.220620620620628394e+01 1.231560642160720143e+01
1.223223223223231138e+01 1.231357751744870654e+01
1.225825825825833881e+01 1.231154757257907484e+01
1.228428428428436447e+01 1.230951658689840578e+01
1.231031031031039191e+01 1.230748456030601190e+01
1.233633633633641757e+01 1.230545149270040639e+01
1.236236236236244501e+01 1.230341738397930129e+01
1.238838838838847245e+01 1.230138223403960041e+01
1.241441441441449811e+01 1.229934604277738508e+01
1.244044044044052555e+01 1.229730881008791243e+01
1.246646646646655121e+01 1.229527053586560825e+01
1.249249249249257865e+01 1.229323122000405810e+01
1.251851851851860609e+01 1.229119086239599490e+01
1.254454454454463175e+01 1.228914946293330068e+01
1.257057057057065919e+01 1.228710702150699063e+01
1.259659659659668485e+01 1.228506353800720596e+01
1.262262262262271229e+01 1.228301901232321214e+01
1.264864864864873972e+01 1.228097344434337934e+01
1.267467467467476538e+01 1.227892683395519136e+01
1.270070070070079282e+01 1.227687918104521536e+01
1.272672672672681848e+01 1.227483048549911082e+01
1.275275275275284592e+01 1.227278074720161705e+01
1.277877877877887336e+01 1.227072996603653721e+01
1.280480480480489902e+01 1.226867814188673833e+01
1.283083083083092646e+01 1.226662527463413710e+01
1.285685685685695212e+01 1.226457136415969273e+01
1.288288288288297956e+01 1.226251641034339990e+01
1.290890890890900700e+01 1.226046041306427625e+01
1.293493493493503266e+01 1.225840337220035359e+01
1.296096096096106010e+01 1.225634528762866893e+01
1.298698698698708576e+01 1.225428615922525744e+01
1.301301301301311319e+01 1.225222598686513820e+01
1.303903903903914063e+01 1.225016477042230889e+01
1.306506506506516629e+01 1.224810250976973514e+01
1.309109109109119373e+01 1.224603920477933450e+01
1.311711711711721939e+01 1.224397485532197472e+01
1.314314314314324683e+01 1.224190946126746127e+01
1.316916916916927427e+01 1.223984302248452316e+01
1.319519519519529993e+01 1.223777553884080760e+01
1.322122122122132737e+01 1.223570701020286577e+01
1.324724724724735303e+01 1.223363743643614043e+01
1.327327327327338047e+01 1.223156681740496410e+01
1.329929929929940613e+01 1.222949515297253953e+01
1.332532532532543357e+01 1.222740451638905235e+01
1.335135135135146101e+01 1.222530337305334314e+01
1.337737737737748667e+01 1.222320040968984500e+01
1.340340340340351410e+01 1.222109562615398914e+01
1.342942942942953977e+01 1.221898902229999884e+01
1.345545545545556720e+01 1.221688059798086989e+01
1.348148148148159464e+01 1.221477035304836001e+01
1.350750750750762030e+01 1.221265828735297632e+01
1.353353353353364774e+01 1.221054440074396297e+01
1.355955955955967340e+01 1.220842869306928868e+01
1.358558558558570084e+01 1.220631116417563611e+01
1.361161161161172828e+01 1.220419181390838403e+01
1.363763763763775394e+01 1.220207064211159853e+01
1.366366366366378138e+01 1.219994764862801340e+01
1.368968968968980704e+01 1.219782283329902839e+01
1.371571571571583448e+01 1.219569619596468080e+01
1.374174174174186192e+01 1.219356773646364545e+01
1.376776776776788758e+01 1.219143745463320805e+01
1.379379379379391501e+01 1.218930535030926521e+01
1.381981981981994068e+01 1.218717142332629599e+01
1.384584584584596811e+01 1.218503567351735484e+01
1.387187187187199555e+01 1.218289810071405732e+01
1.389789789789802121e+01 1.218075870474656064e+01
1.392392392392404865e+01 1.217861748544355649e+01
1.394994994995007431e+01 1.217647444263224621e+01
1.397597597597610175e+01 1.217432957613833189e+01
1.400200200200212919e+01 1.217218288578599683e+01
1.402802802802815485e+01 1.217003437139789668e+01
1.405405405405418229e+01 1.216788403279513275e+01
1.408008008008020795e+01 1.216573186979724142e+01
1.410610610610623539e+01 1.216357788222218339e+01
1.413213213213226283e+01 1.216142206988631358e+01
1.415815815815828849e+01 1.215926443260437750e+01
1.418418418418431592e+01 1.215710497018948821e+01
1.421021021021034159e+01 1.215494368245310497e+01
1.423623623623636902e+01 1.215278056920502259e+01
1.426226226226239646e+01 1.215061563025335367e+01
1.428828828828842212e+01 1.214844886540450375e+01
1.431431431431444956e+01 1.214628027446315706e+01
1.434034034034047522e+01 1.214410985723226410e+01
1.436636636636650266e+01 1.214193761351300971e+01
1.439239239239253010e+01 1.213976354310480588e+01
1.441841841841855576e+01 1.213758764580526872e+01
1.444444444444458320e+01 1.213540992141019537e+01
1.447047047047060886e+01 1.213323036971354796e+01
1.449649649649663630e+01 1.213104899050743590e+01
1.452252252252266373e+01 1.212886578358208922e+01
1.454854854854868940e+01 1.212668074872584434e+01
1.457457457457471683e+01 1.212449388572511744e+01
1.460060060060074250e+01 1.212230519436438847e+01
1.462662662662676993e+01 1.212011467442617807e+01
1.465265265265279560e+01 1.211792232569102445e+01
1.467867867867882303e+01 1.211572814793746211e+01
1.470470470470485047e+01 1.211353214094200403e+01
1.473073073073087613e+01 1.211133430447911152e+01
1.475675675675690357e+01 1.210913463832117642e+01
1.478278278278292923e+01 1.210693314223849448e+01
1.480880880880895667e+01 1.210472981599924935e+01
1.483483483483498411e+01 1.210252465936947885e+01
1.486086086086100977e+01 1.210031767211305720e+01
1.488688688688703721e+01 1.209810885399167191e+01
1.491291291291306287e+01 1.209589820476479183e+01
1.493893893893909031e+01 1.209368572418964760e+01
1.496496496496511774e+01 1.209147141202120679e+01
1.499099099099114341e+01 1.208925526801214545e+01
1.501701701701717084e+01 1.208703729191282328e+01
1.504304304304319650e+01 1.208481748347125695e+01
1.506906906906922394e+01 1.208259584243308993e+01
1.509509509509525138e+01 1.208036604181378237e+01
1.512112112112127704e+01 1.207811533673130633e+01
1.514714714714730448e+01 1.207586182695362176e+01
1.517317317317333014e+01 1.207360551221315248e+01
1.519919919919935758e+01 1.207134639223977146e+01
1.522522522522538502e+01 1.206908446676077595e+01
1.525125125125141068e+01 1.206681973550086084e+01
1.527727727727743812e+01 1.206455219818207603e+01
1.530330330330346378e+01 1.206228185452380863e+01
1.532932932932949122e+01 1.206000870424274574e+01
1.535535535535551865e+01 1.205773274705284237e+01
1.538138138138154432e+01 1.205545398266528956e+01
1.540740740740757175e+01 1.205317241078848056e+01
1.543343343343359741e+01 1.205088803112798246e+01
1.545945945945962485e+01 1.204860084338649884e+01
1.548548548548565229e+01 1.204631084726383072e+01
1.551151151151167795e+01 1.204401804245685170e+01
1.553753753753770539e+01 1.204172242865946885e+01
1.556356356356373105e+01 1.203942400556258185e+01
1.558958958958975849e+01 1.203712277285405641e+01
1.561561561561578593e+01 1.203481873021867798e+01
1.564164164164181159e+01 1.203251187733811989e+01
1.566766766766783903e+01 1.203020221389090949e+01
1.569369369369386469e+01 1.202788973955237495e+01
1.571971971971989213e+01 1.202557445399462566e+01
1.574574574574591956e+01 1.202325635688649719e+01
1.577177177177194523e+01 1.202093544789351931e+01
1.579779779779797266e+01 1.201861172667787336e+01
1.582382382382399832e+01 1.201628519289835140e+01
1.584984984985002576e+01 1.201395584621031354e+01
1.587587587587605320e+01 1.201162368626564181e+01
1.590190190190207886e+01 1.200928871271270459e+01
1.592792792792810630e+01 1.200695092519630869e+01
1.595395395395413196e+01 1.200461032335765310e+01
1.597997997998015940e+01 1.200226690683428643e+01
1.600600600600618506e+01 1.199992067526006068e+01
1.603203203203221250e+01 1.199757162826508505e+01
1.605805805805823994e+01 1.199521976547567625e+01
1.608408408408426737e+01 1.199286508651431404e+01
1.611011011011029126e+01 1.199050759099958618e+01
1.613613613613631870e+01 1.198814727854614937e+01
1.616216216216234614e+01 1.198578414876467058e+01
1.618818818818837357e+01 1.198341820126177737e+01
1.621421421421440101e+01 1.198104943564000813e+01
1.624024024024042490e+01 1.197867785149775699e+01
1.626626626626645233e+01 1.197630344842922767e+01
1.629229229229247977e+01 1.197392622602436418e+01
1.631831831831850721e+01 1.197154618386881175e+01
1.634434434434453465e+01 1.196916332154385465e+01
1.637037037037055853e+01 1.196677763862635224e+01
1.639639639639658597e+01 1.196438913468869636e+01
1.642242242242261341e+01 1.196198608751606862e+01
1.644844844844864085e+01 1.195956586198981242e+01
1.647447447447466828e+01 1.195714149133504733e+01
1.650050050050069217e+01 1.195471297510092690e+01
1.652652652652671961e+01 1.195228031283176762e+01
1.655255255255274704e+01 1.194984350406698859e+01
1.657857857857877448e+01 1.194740254834105286e+01
1.660460460460480192e+01 1.194495744518339109e+01
1.663063063063082581e+01 1.194250819411833930e+01
1.665665665665685324e+01 1.194005479466506792e+01
1.668268268268288068e+01 1.193759724633751773e+01
1.670870870870890812e+01 1.193513554864432358e+01
1.673473473473493556e+01 1.193266970108874148e+01
1.676076076076095944e+01 1.193019970316858114e+01
1.678678678678698688e+01 1.192772555437612780e+01
1.681281281281301432e+01 1.192524725419806941e+01
1.683883883883904176e+01 1.192276480211541489e+01
1.686486486486506919e+01 1.192027819760342133e+01
1.689089089089109308e+01 1.191778744013151226e+01
1.691691691691712052e+01 1.191529252916319948e+01
1.694294294294314795e+01 1.191279346415599605e+01
1.696896896896917539e+01 1.191029024456133811e+01
1.699499499499520283e+01 1.190778286982449785e+01
1.702102102102122672e+01 1.190527133938449467e+01
1.704704704704725415e+01 1.190275565267401170e+01
1.707307307307328159e+01 1.190023580911930878e+01
1.709909909909930903e+01 1.189771180814012475e+01
1.712512512512533647e+01 1.189518364914958681e+01
1.715115115115136035e+01 1.189265133155412180e+01
1.717717717717738779e+01 1.189011485475335661e+01
1.720320320320341523e+01 1.188757421814002413e+01
1.722922922922944267e+01 1.188502942109985838e+01
1.725525525525547010e+01 1.188248046301150218e+01
1.728128128128149399e+01 1.187992734324639876e+01
1.730730730730752143e+01 1.187737006116869054e+01
1.733333333333354886e+01 1.187480861613511074e+01
1.735935935935957630e+01 1.187224300749488393e+01
1.738538538538560374e+01 1.186967323458960344e+01
1.741141141141162763e+01 1.186707889657139248e+01
1.743743743743765506e+01 1.186447838754093986e+01
1.746346346346368250e+01 1.186187231774081674e+01
1.748948948948970994e+01 1.185926068647577125e+01
1.751551551551573738e+01 1.185664349304228438e+01
1.754154154154176126e+01 1.185402073672845269e+01
1.756756756756778870e+01 1.185139241681386046e+01
1.759359359359381614e+01 1.184875853256945177e+01
1.761961961961984358e+01 1.184611908325740437e+01
1.764564564564587101e+01 1.184347406813099290e+01
1.767167167167189490e+01 1.184082348643445926e+01
1.769769769769792234e+01 1.183816733740287219e+01
1.772372372372394977e+01 1.183550562026199238e+01
1.774974974974997721e+01 1.183283833422812670e+01
1.777577577577600465e+01 1.183016547850798794e+01
1.780180180180202854e+01 1.182748705229854380e+01
1.782782782782805597e+01 1.182480305478686766e+01
1.785385385385408341e+01 1.182211348514999294e+01
1.787987987988011085e+01 1.181941834255474610e+01
1.790590590590613473e+01 1.181671762615759924e+01
1.793193193193216217e+01 1.181401133510450130e+01
1.795795795795818961e+01 1.181129946853071999e+01
1.798398398398421705e+01 1.180858202556066949e+01
1.801001001001024449e+01 1.180585900530774346e+01
1.803603603603626837e+01 1.180313040687413739e+01
1.806206206206229581e+01 1.180039622935067456e+01
1.808808808808832325e+01 1.179765647181662835e+01
1.811411411411435068e+01 1.179491113333953223e+01
1.814014014014037812e+01 1.179216021297499672e+01
1.816616616616640201e+01 1.178938944630574959e+01
1.819219219219242945e+01 1.178660746555103245e+01
1.821821821821845688e+01 1.178381824607119910e+01
1.824424424424448432e+01 1.178102178686552115e+01
1.827027027027051176e+01 1.177821808692026551e+01
1.829629629629653564e+01 1.177540714520848297e+01
1.832232232232256308e+01 1.177258896068980043e+01
1.834834834834859052e+01 1.176976353231019523e+01
1.837437437437461796e+01 1.176693085900177138e+01
1.840040040040064540e+01 1.176409093968252506e+01
1.842642642642666928e+01 1.176124377325612613e+01
1.845245245245269672e+01 1.175838935861166235e+01
1.847847847847872416e+01 1.175552769462340486e+01
1.850450450450475159e+01 1.175265878015056664e+01
1.853053053053077903e+01 1.174978261403703073e+01
1.855655655655680292e+01 1.174689919511111569e+01
1.858258258258283036e+01 1.174400852218529145e+01
1.860860860860885779e+01 1.174111059405592350e+01
1.863463463463488523e+01 1.173820540950299041e+01
1.866066066066091267e+01 1.173529296728981386e+01
1.868668668668693655e+01 1.173237326616276199e+01
1.871271271271296399e+01 1.172944316111740015e+01
1.873873873873899143e+01 1.172649615869180373e+01
1.876476476476501887e+01 1.172354043300630444e+01
1.879079079079104631e+01 1.172057598273007706e+01
1.881681681681707019e+01 1.171760280651373698e+01
1.884284284284309763e+01 1.171462090298902936e+01
1.886886886886912507e+01 1.171163027076847918e+01
1.889489489489515250e+01 1.170863090844506971e+01
1.892092092092117994e+01 1.170562281459188014e+01
1.894694694694720383e+01 1.170260598776174810e+01
1.897297297297323126e+01 1.169958042648689123e+01
1.899899899899925870e+01 1.169654612927855553e+01
1.902502502502528614e+01 1.169350309462662274e+01
1.905105105105131358e+01 1.169045132099923734e+01
1.907707707707733746e+01 1.168739080684240506e+01
1.910310310310336490e+01 1.168432155057959321e+01
1.912912912912939234e+01 1.168124213981467463e+01
1.915515515515541978e+01 1.167814871993712700e+01
1.918118118118144722e+01 1.167504364313760767e+01
1.920720720720747110e+01 1.167192759359601339e+01
1.923323323323349854e+01 1.166880242743624230e+01
1.925925925925952598e+01 1.166566700634020570e+01
1.928528528528555341e+01 1.166252117184726877e+01
1.931131131131158085e+01 1.165936450116461742e+01
1.933733733733760474e+01 1.165619725041942090e+01
1.936336336336363217e+01 1.165301911264973889e+01
1.938938938938965961e+01 1.164982945728147889e+01
1.941541541541568705e+01 1.164662888081423020e+01
1.944144144144171449e+01 1.164341738132656445e+01
1.946746746746773837e+01 1.164019495686768835e+01
1.949349349349376581e+01 1.163696160545687164e+01
1.951951951951979325e+01 1.163371656439407964e+01
1.954554554554582069e+01 1.163045934772677725e+01
1.957157157157184812e+01 1.162719051952911720e+01
1.959759759759787201e+01 1.162391007769104867e+01
1.962362362362389945e+01 1.162061749996771098e+01
1.964964964964992689e+01 1.161731267883704710e+01
1.967567567567595432e+01 1.161399586354768054e+01
1.970170170170198176e+01 1.161066705185112369e+01
1.972772772772800565e+01 1.160732569695107941e+01
1.975375375375403308e+01 1.160397166751623033e+01
1.977977977978006052e+01 1.160060498971808762e+01
1.980580580580608796e+01 1.159722554632505442e+01
1.983183183183211540e+01 1.159383300745023782e+01
1.985785785785813928e+01 1.159042737900066378e+01
1.988388388388416672e+01 1.158700857937691531e+01
1.990990990991019416e+01 1.158357648795799122e+01
1.993593593593622160e+01 1.158013098407991670e+01
1.996196196196224903e+01 1.157667194703484093e+01
1.998798798798827292e+01 1.157319925607013467e+01
2.001401401401430036e+01 1.156971279038745770e+01
2.004004004004032780e+01 1.156621242914180137e+01
2.006606606606635523e+01 1.156269805144049911e+01
2.009209209209238267e+01 1.155916953634223532e+01
2.011811811811840656e+01 1.155562676285599721e+01
2.014414414414443399e+01 1.155206960994002863e+01
2.017017017017046143e+01 1.154849795650073574e+01
2.019619619619648887e+01 1.154491164044424600e+01
2.022222222222251631e+01 1.154130927554065522e+01
2.024824824824854019e+01 1.153769178348478341e+01
2.027427427427456763e+01 1.153405902634857583e+01
2.030030030030059507e+01 1.153041086614606847e+01
2.032632632632662251e+01 1.152674716483212691e+01
2.035235235235264994e+01 1.152306778430112999e+01
2.037837837837867383e+01 1.151937258638563399e+01
2.040440440440470127e+01 1.151566143285499777e+01
2.043043043043072871e+01 1.151193418541396518e+01
2.045645645645675614e+01 1.150819070570121028e+01
2.048248248248278358e+01 1.150443085528785048e+01
2.050850850850880747e+01 1.150065449567591003e+01
2.053453453453483490e+01 1.149686148829674970e+01
2.056056056056086234e+01 1.149305169450943609e+01
2.058658658658688978e+01 1.148922451588832949e+01
2.061261261261291367e+01 1.148537853632216610e+01
2.063863863863894110e+01 1.148151493561211112e+01
2.066466466466496854e+01 1.147763354871524299e+01
2.069069069069099598e+01 1.147373421050721021e+01
2.071671671671702342e+01 1.146981675578030568e+01
2.074274274274304730e+01 1.146588101924150038e+01
2.076876876876907474e+01 1.146192683551040581e+01
2.079479479479510218e+01 1.145795403911719745e+01
2.082082082082112962e+01 1.145396246450045297e+01
2.084684684684715705e+01 1.144995194600494770e+01
2.087287287287318094e+01 1.144592231787938275e+01
2.089889889889920838e+01 1.144187341427402771e+01
2.092492492492523581e+01 1.143780506923832085e+01
2.095095095095126325e+01 1.143371711671838042e+01
2.097697697697729069e+01 1.142960849077925012e+01
2.100300300300331457e+01 1.142547839799948228e+01
2.102902902902934201e+01 1.142132763682009688e+01
2.105505505505536945e+01 1.141715598270909382e+01
2.108108108108139689e+01 1.141296320861223812e+01
2.110710710710742433e+01 1.140874908495002948e+01
2.113313313313344821e+01 1.140451337961460077e+01
2.115915915915947565e+01 1.140025585796649210e+01
2.118518518518550309e+01 1.139597628283135577e+01
2.121121121121153053e+01 1.139167441449653317e+01
2.123723723723755796e+01 1.138735001070753405e+01
2.126326326326358185e+01 1.138300282666441277e+01
2.128928928928960929e+01 1.137863261501801482e+01
2.131531531531563672e+01 1.137423912586611152e+01
2.134134134134166416e+01 1.136982210674941207e+01
2.136736736736769160e+01 1.136538049324705035e+01
2.139339339339371548e+01 1.136091421910203003e+01
2.141941941941974292e+01 1.135642343212168370e+01
2.144544544544577036e+01 1.135190785566480898e+01
2.147147147147179780e+01 1.134736721013835492e+01
2.149749749749782524e+01 1.134280121299254240e+01
2.152352352352384912e+01 1.133820957871584234e+01
2.154954954954987656e+01 1.133359201882978162e+01
2.157557557557590400e+01 1.132894824188356075e+01
2.160160160160193143e+01 1.132427795344850452e+01
2.162762762762795887e+01 1.131958085611231546e+01
2.165365365365398276e+01 1.131485664947312664e+01
2.167967967968001020e+01 1.131010503013335899e+01
2.170570570570603763e+01 1.130532569169335666e+01
2.173173173173206507e+01 1.130051832474480378e+01
2.175775775775809251e+01 1.129568261686390152e+01
2.178378378378411639e+01 1.129081825260432304e+01
2.180980980981014383e+01 1.128592491348989135e+01
2.183583583583617127e+01 1.128100227800701738e+01
2.186186186186219871e+01 1.127605002159685199e+01
2.188788788788822615e+01 1.127106781664716095e+01
2.191391391391425003e+01 1.126605533248389079e+01
2.193993993994027747e+01 1.126101223536244689e+01
2.196596596596630491e+01 1.125593702990199674e+01
2.199199199199233234e+01 1.125082407126248008e+01
2.201801801801835978e+01 1.124567831520549355e+01
2.204404404404438367e+01 1.124049933706294269e+01
2.207007007007041111e+01 1.123528670691569431e+01
2.209609609609643854e+01 1.123003998958256133e+01
2.212212212212246598e+01 1.122475874460885237e+01
2.214814814814849342e+01 1.121944252625447724e+01
2.217417417417451730e+01 1.121409088348160488e+01
2.220020020020054474e+01 1.120870335994181133e+01
2.222622622622657218e+01 1.120327949396274292e+01
2.225225225225259962e+01 1.119781881853424821e+01
2.227827827827862706e+01 1.119232086129393267e+01
2.230430430430465094e+01 1.118678514451216088e+01
2.233033033033067838e+01 1.118121118507643530e+01
2.235635635635670582e+01 1.117559849447513365e+01
2.238238238238273325e+01 1.116994657878059094e+01
2.240840840840876069e+01 1.116425493863146734e+01
2.243443443443478458e+01 1.115852306921438775e+01
2.246046046046081202e+01 1.115275046024481043e+01
2.248648648648683945e+01 1.114693659594708386e+01
2.251251251251286689e+01 1.114108095503365270e+01
2.253853853853889433e+01 1.113518301068337379e+01
2.256456456456491821e+01 1.112924223051889605e+01
2.259059059059094565e+01 1.112324695305808220e+01
2.261661661661697309e+01 1.111720068903147762e+01
2.264264264264300053e+01 1.111110729148679788e+01
2.266866866866902797e+01 1.110496602935080546e+01
2.269469469469505185e+01 1.109877616114857446e+01
2.272072072072107929e+01 1.109253693497373305e+01
2.274674674674710673e+01 1.108624758845733105e+01
2.277277277277313416e+01 1.107990734873527749e+01
2.279879879879916160e+01 1.107351543241427905e+01
2.282482482482518549e+01 1.106707104553617249e+01
2.285085085085121293e+01 1.106057338354058217e+01
2.287687687687724036e+01 1.105402163122581527e+01
2.290290290290326780e+01 1.104741496270787060e+01
2.292892892892929524e+01 1.104075254137746676e+01
2.295495495495531912e+01 1.103403351985500436e+01
2.298098098098134656e+01 1.102725703994328477e+01
2.300700700700737400e+01 1.102042223257790710e+01
2.303303303303340144e+01 1.101352821777519431e+01
2.305905905905942888e+01 1.100657410457748497e+01
2.308508508508545276e+01 1.099955899099565393e+01
2.311111111111148020e+01 1.099248196394869304e+01
2.313713713713750764e+01 1.098534209920016202e+01
2.316316316316353507e+01 1.097813846129133353e+01
2.318918918918956251e+01 1.097086258619434673e+01
2.321521521521558640e+01 1.096349083334539465e+01
2.324124124124161384e+01 1.095604669326126590e+01
2.326726726726764127e+01 1.094852879844894566e+01
2.329329329329366871e+01 1.094093575931336026e+01
2.331931931931969260e+01 1.093326616406345941e+01
2.334534534534572003e+01 1.092551857861304399e+01
2.337137137137174747e+01 1.091769154647603202e+01
2.339739739739777491e+01 1.090978358865574727e+01
2.342342342342380235e+01 1.090179320352786974e+01
2.344944944944982623e+01 1.089371886671658451e+01
2.347547547547585367e+01 1.088555903096349020e+01
2.350150150150188111e+01 1.087731212598874286e+01
2.352752752752790855e+01 1.086897655834391152e+01
2.355355355355393598e+01 1.086055071125594296e+01
2.357957957957995987e+01 1.085203294446161237e+01
2.360560560560598731e+01 1.084342159403177419e+01
2.363163163163201475e+01 1.083471497218465451e+01
2.365765765765804218e+01 1.082591136708739654e+01
2.368368368368406962e+01 1.081700904264498320e+01
2.370970970971009351e+01 1.080800623827555995e+01
2.373573573573612094e+01 1.079890116867116134e+01
2.376176176176214838e+01 1.078969202354269008e+01
2.378778778778817582e+01 1.078037696734793016e+01
2.381381381381420326e+01 1.077088017667578512e+01
2.383983983984022714e+01 1.076123486002012797e+01
2.386586586586625458e+01 1.075146149399544626e+01
2.389189189189228202e+01 1.074155705176085895e+01
2.391791791791830946e+01 1.073151845040846730e+01
2.394394394394433689e+01 1.072134255054307772e+01
2.396996996997036078e+01 1.071102615583137840e+01
2.399599599599638822e+01 1.070056601251790696e+01
2.402202202202241565e+01 1.068995880890495265e+01
2.404804804804844309e+01 1.067920117479316566e+01
2.407407407407447053e+01 1.066828968087937035e+01
2.410010010010049442e+01 1.065722083810769583e+01
2.412612612612652185e+01 1.064599109696972157e+01
2.415215215215254929e+01 1.063459684674887562e+01
2.417817817817857673e+01 1.062303441470384691e+01
2.420420420420460417e+01 1.061130006518510349e+01
2.423023023023062805e+01 1.059938999867805975e+01
2.425625625625665549e+01 1.058730035076564135e+01
2.428228228228268293e+01 1.057502719100214605e+01
2.430830830830871037e+01 1.056256652168943688e+01
2.433433433433473780e+01 1.054991427654532821e+01
2.436036036036076169e+01 1.053706631925292392e+01
2.438638638638678913e+01 1.052401844187819790e+01
2.441241241241281656e+01 1.051070777368792442e+01
2.443843843843884400e+01 1.049700249101663729e+01
2.446446446446487144e+01 1.048303629504257728e+01
2.449049049049089533e+01 1.046880051722834182e+01
2.451651651651692276e+01 1.045428626143584339e+01
2.454254254254295020e+01 1.043948440100100683e+01
2.456856856856897764e+01 1.042438557550601708e+01
2.459459459459500508e+01 1.040898018721172669e+01
2.462062062062102896e+01 1.039325839710737576e+01
2.464664664664705640e+01 1.037721012052853631e+01
2.467267267267308384e+01 1.036082502228673796e+01
2.469869869869911128e+01 1.034409251124558082e+01
2.472472472472513871e+01 1.032700173426793810e+01
2.475075075075116260e+01 1.030954156944673628e+01
2.477677677677719004e+01 1.029170061851751150e+01
2.480280280280321747e+01 1.027346719833400002e+01
2.482882882882924491e+01 1.025482933126757779e+01
2.485485485485527235e+01 1.023577473436712992e+01
2.488088088088129624e+01 1.021621969685314113e+01
2.490690690690732367e+01 1.019597081771224545e+01
2.493293293293335111e+01 1.017517123576095095e+01
2.495895895895937855e+01 1.015379495070712679e+01
2.498498498498540599e+01 1.013181493114302079e+01
2.501101101101142987e+01 1.010920308893220287e+01
2.503703703703745731e+01 1.008593024958688922e+01
2.506306306306348475e+01 1.006196611787297002e+01
2.508908908908951219e+01 1.003727923770740027e+01
2.511511511511553962e+01 1.001183694519391132e+01
nan nan
nan nan
nan nan
nan nan
nan nan
nan nan
nan nan
nan nan
nan nan
nan nan
nan nan
nan nan
nan nan
nan nan
nan nan
nan nan
nan nan
nan nan
nan nan
nan nan
nan nan
nan nan
nan nan
nan nan
nan nan
nan nan
nan nan
nan nan
nan nan
nan nan
nan nan
nan nan
nan nan
nan nan
