0.000000000000000000e+00 1.323300494515798320e+01
2.602602602602602580e-02 1.316049302659835263e+01
5.205205205205205160e-02 1.315716709708602927e+01
7.807807807807808087e-02 1.315401862105923314e+01
1.041041041041041032e-01 1.315111579026062394e+01
1.301301301301301117e-01 1.314823584765034070e+01
1.561561561561561340e-01 1.314547360084775285e+01
1.821821821821821563e-01 1.314284568339033221e+01
2.082082082082081509e-01 1.314035209601428456e+01
2.342342342342341732e-01 1.313799283921818883e+01
2.602602602602601678e-01 1.313561720334614691e+01
2.862862862862862179e-01 1.313329233199700496e+01
3.123123123123122125e-01 1.313104128426867767e+01
3.383383383383382070e-01 1.312886406114303206e+01
3.643643643643642571e-01 1.312676066356589288e+01
3.903903903903902517e-01 1.312466950231490515e+01
4.164164164164162463e-01 1.312259690790084221e+01
4.424424424424422964e-01 1.312054787223913088e+01
4.684684684684682909e-01 1.311851505210655944e+01
4.944944944944942855e-01 1.311649110439380550e+01
5.205205205205203356e-01 1.311453090782934972e+01
5.465465465465464412e-01 1.311260906914361968e+01
5.725725725725725468e-01 1.311070131518948934e+01
5.985985985985985414e-01 1.310880265766546415e+01
6.246246246246246470e-01 1.310690810830357478e+01
6.506506506506507526e-01 1.310501267886697363e+01
6.766766766766767471e-01 1.310311138114641949e+01
7.027027027027028527e-01 1.310119922695566252e+01
7.287287287287289583e-01 1.309927122812577593e+01
7.547547547547549529e-01 1.309732239649839158e+01
7.807807807807810585e-01 1.309545081440274394e+01
8.068068068068071641e-01 1.309359128063070976e+01
8.328328328328331587e-01 1.309173234905868632e+01
8.588588588588592643e-01 1.308987213271995742e+01
8.848848848848853699e-01 1.308800874458044738e+01
9.109109109109113644e-01 1.308614029753719699e+01
9.369369369369374700e-01 1.308426490441677714e+01
9.629629629629635756e-01 1.308238067797366000e+01
9.889889889889894592e-01 1.308048573088852429e+01
1.015015015015015454e+00 1.307858196676528628e+01
1.041041041041041559e+00 1.307672265536566769e+01
1.067067067067067665e+00 1.307486494332321669e+01
1.093093093093093771e+00 1.307300859236235091e+01
1.119119119119119876e+00 1.307115336413666107e+01
1.145145145145145982e+00 1.306929902022837631e+01
1.171171171171171865e+00 1.306744532214782417e+01
1.197197197197197971e+00 1.306559203133288349e+01
1.223223223223224077e+00 1.306373890914844793e+01
1.249249249249250182e+00 1.306188571688586819e+01
1.275275275275276288e+00 1.306003418563197727e+01
1.301301301301302393e+00 1.305818996910469210e+01
1.327327327327328277e+00 1.305634766776948297e+01
1.353353353353354382e+00 1.305450728168057140e+01
1.379379379379380488e+00 1.305266881089280950e+01
1.405405405405406594e+00 1.305083225546166936e+01
1.431431431431432699e+00 1.304899761544326076e+01
1.457457457457458805e+00 1.304716489089432407e+01
1.483483483483484688e+00 1.304533408187223742e+01
1.509509509509510794e+00 1.304350518843502371e+01
1.535535535535536900e+00 1.304167184912985888e+01
1.561561561561563005e+00 1.303983029954626716e+01
1.587587587587589111e+00 1.303798951063059697e+01
1.613613613613615216e+00 1.303614948243427207e+01
1.639639639639641100e+00 1.303431021500910347e+01
1.665665665665667206e+00 1.303247170840728941e+01
1.691691691691693311e+00 1.303063396268142071e+01
1.717717717717719417e+00 1.302879697788448965e+01
1.743743743743745522e+00 1.302696075406987397e+01
1.769769769769771628e+00 1.302512529129135643e+01
1.795795795795797511e+00 1.302329058960311947e+01
1.821821821821823617e+00 1.302145664905974876e+01
1.847847847847849723e+00 1.301962346971623319e+01
1.873873873873875828e+00 1.301779105162797023e+01
1.899899899899901934e+00 1.301595939485076592e+01
1.925925925925927817e+00 1.301412849944083661e+01
1.951951951951953923e+00 1.301229836545481433e+01
1.977977977977979807e+00 1.301046899294974857e+01
2.004004004004005690e+00 1.300864038198310269e+01
2.030030030030031352e+00 1.300681253261276282e+01
2.056056056056057457e+00 1.300498544489703612e+01
2.082082082082083119e+00 1.300315911889465958e+01
2.108108108108109224e+00 1.300133355466479124e+01
2.134134134134134886e+00 1.299950875226702252e+01
2.160160160160160991e+00 1.299768471176137830e+01
2.186186186186186653e+00 1.299586143320831333e+01
2.212212212212212314e+00 1.299403891666872291e+01
2.238238238238238420e+00 1.299220872630014156e+01
2.264264264264264082e+00 1.299037434249486722e+01
2.290290290290290187e+00 1.298853979933273273e+01
2.316316316316315849e+00 1.298670509683673835e+01
2.342342342342341954e+00 1.298487023502993054e+01
2.368368368368367616e+00 1.298303521393540905e+01
2.394394394394393277e+00 1.298120003357631447e+01
2.420420420420419383e+00 1.297936469397584069e+01
2.446446446446445044e+00 1.297752919515723136e+01
2.472472472472471150e+00 1.297569353714377982e+01
2.498498498498496811e+00 1.297385771995882919e+01
2.524524524524522917e+00 1.297202174362577054e+01
2.550550550550548579e+00 1.297018560816805000e+01
2.576576576576574240e+00 1.296834931360916343e+01
2.602602602602600346e+00 1.296651285997266001e+01
2.628628628628626007e+00 1.296467624728213863e+01
2.654654654654652113e+00 1.296283947556125327e+01
2.680680680680677774e+00 1.296100254483371117e+01
2.706706706706703436e+00 1.295916545512326934e+01
2.732732732732729541e+00 1.295732820645374517e+01
2.758758758758755203e+00 1.295549079884900756e+01
2.784784784784781309e+00 1.295365323233297872e+01
2.810810810810806970e+00 1.295181550692963768e+01
2.836836836836833076e+00 1.294997762266302033e+01
2.862862862862858737e+00 1.294813957955721762e+01
2.888888888888884399e+00 1.294630137763637912e+01
2.914914914914910504e+00 1.294446301692470946e+01
2.940940940940936166e+00 1.294261618336213360e+01
2.966966966966962271e+00 1.294076870369714349e+01
2.992992992992987933e+00 1.293892120082456287e+01
3.019019019019014038e+00 1.293707367476249281e+01
3.045045045045039700e+00 1.293522612552885320e+01
3.071071071071065361e+00 1.293337855314139340e+01
3.097097097097091467e+00 1.293153095761769045e+01
3.123123123123117129e+00 1.292968333897514199e+01
3.149149149149143234e+00 1.292783569723097514e+01
3.175175175175168896e+00 1.292598803240224470e+01
3.201201201201195001e+00 1.292414034450582605e+01
3.227227227227220663e+00 1.292229263355842228e+01
3.253253253253246324e+00 1.292044489957656239e+01
3.279279279279272430e+00 1.291859714257660130e+01
3.305305305305298091e+00 1.291674936257471806e+01
3.331331331331324197e+00 1.291490155958691766e+01
3.357357357357349859e+00 1.291305373362902742e+01
3.383383383383375964e+00 1.291120588471670239e+01
3.409409409409401626e+00 1.290935801286542173e+01
3.435435435435427287e+00 1.290751011809049054e+01
3.461461461461453393e+00 1.290566220040703449e+01
3.487487487487479054e+00 1.290381425983000696e+01
3.513513513513505160e+00 1.290196629637418546e+01
3.539539539539530821e+00 1.290011831005416987e+01
3.565565565565556927e+00 1.289827030088438775e+01
3.591591591591582588e+00 1.289642226887908372e+01
3.617617617617608250e+00 1.289456519882136298e+01
3.643643643643634356e+00 1.289267047598316829e+01
3.669669669669660017e+00 1.289077572892761658e+01
3.695695695695686123e+00 1.288888095766923669e+01
3.721721721721711784e+00 1.288698616222234783e+01
3.747747747747737446e+00 1.288509134260107913e+01
3.773773773773763551e+00 1.288319649881935192e+01
3.799799799799789213e+00 1.288130163089089386e+01
3.825825825825815318e+00 1.287940673882922482e+01
3.851851851851840980e+00 1.287751182264767280e+01
3.877877877877867085e+00 1.287561688235935797e+01
3.903903903903892747e+00 1.287372191797720156e+01
3.929929929929918853e+00 1.287182692951392404e+01
3.955955955955944958e+00 1.286993191698204697e+01
3.981981981981970620e+00 1.286803688039388405e+01
4.008008008007996281e+00 1.286614181976155180e+01
4.034034034034022831e+00 1.286424673509696426e+01
4.060060060060048492e+00 1.286235162641183294e+01
4.086086086086074154e+00 1.286045649371766508e+01
4.112112112112099815e+00 1.285856133702576720e+01
4.138138138138125477e+00 1.285666615634723975e+01
4.164164164164152027e+00 1.285477095169298423e+01
4.190190190190177688e+00 1.285287572307369786e+01
4.216216216216203350e+00 1.285098047049986825e+01
4.242242242242229011e+00 1.284908519398178584e+01
4.268268268268254673e+00 1.284718989352953322e+01
4.294294294294281222e+00 1.284529456915299050e+01
4.320320320320306884e+00 1.284339922086182995e+01
4.346346346346332545e+00 1.284150384866552308e+01
4.372372372372358207e+00 1.283960845257333006e+01
4.398398398398384757e+00 1.283771303259431207e+01
4.424424424424410418e+00 1.283581758873731893e+01
4.450450450450436080e+00 1.283392212101099616e+01
4.476476476476461741e+00 1.283202662942378325e+01
4.502502502502487403e+00 1.283013111398391004e+01
4.528528528528513952e+00 1.282823557469940390e+01
4.554554554554539614e+00 1.282634001157808079e+01
4.580580580580565275e+00 1.282444442462755063e+01
4.606606606606590937e+00 1.282254881385521372e+01
4.632632632632616598e+00 1.282065317926826253e+01
4.658658658658643148e+00 1.281875752087368348e+01
4.684684684684668809e+00 1.281686183867824802e+01
4.710710710710694471e+00 1.281496613268852158e+01
4.736736736736720133e+00 1.281307040291086352e+01
4.762762762762746682e+00 1.281117464935141292e+01
4.788788788788772344e+00 1.280927887201610993e+01
4.814814814814798005e+00 1.280738307091067441e+01
4.840840840840823667e+00 1.280548724604062016e+01
4.866866866866849328e+00 1.280359139741124963e+01
4.892892892892875878e+00 1.280169552502764851e+01
4.918918918918901539e+00 1.279979962889469292e+01
4.944944944944927201e+00 1.279790370901705110e+01
4.970970970970952862e+00 1.279600776539916751e+01
4.996996996996978524e+00 1.279411179804528231e+01
5.023023023023005074e+00 1.279221580695941896e+01
5.049049049049030735e+00 1.279031979214538417e+01
5.075075075075056397e+00 1.278842375360677153e+01
5.101101101101082058e+00 1.278652769134695966e+01
5.127127127127107720e+00 1.278463160536911225e+01
5.153153153153134269e+00 1.278273549567617628e+01
5.179179179179159931e+00 1.278083936227088024e+01
5.205205205205185592e+00 1.277894320515573945e+01
5.231231231231211254e+00 1.277704702433304895e+01
5.257257257257237804e+00 1.277515081980488887e+01
5.283283283283263465e+00 1.277325459157311549e+01
5.309309309309289127e+00 1.277135833963937372e+01
5.335335335335314788e+00 1.276946206400508643e+01
5.361361361361340450e+00 1.276756576467145088e+01
5.387387387387366999e+00 1.276566944163945649e+01
5.413413413413392661e+00 1.276377309490986001e+01
5.439439439439418322e+00 1.276187672448320320e+01
5.465465465465443984e+00 1.275998033035980761e+01
5.491491491491469645e+00 1.275808391253976914e+01
5.517517517517496195e+00 1.275618747102296169e+01
5.543543543543521857e+00 1.275429100580903707e+01
5.569569569569547518e+00 1.275239451689742509e+01
5.595595595595573180e+00 1.275049800428732816e+01
5.621621621621599729e+00 1.274860146797772842e+01
5.647647647647625391e+00 1.274670490796737532e+01
5.673673673673651052e+00 1.274480832425480159e+01
5.699699699699676714e+00 1.274291171683830726e+01
5.725725725725702375e+00 1.274101508571597030e+01
5.751751751751728925e+00 1.273911843088563778e+01
5.777777777777754586e+00 1.273722175234492937e+01
5.803803803803780248e+00 1.273532505009123916e+01
5.829829829829805909e+00 1.273342832412173031e+01
5.855855855855831571e+00 1.273153157443333328e+01
5.881881881881858121e+00 1.272961965027927889e+01
5.907907907907883782e+00 1.272767890280455028e+01
5.933933933933909444e+00 1.272573813038687796e+01
5.959959959959935105e+00 1.272379733302191696e+01
5.985985985985960767e+00 1.272185651070506296e+01
6.012012012011987316e+00 1.271991566343145585e+01
6.038038038038012978e+00 1.271797479119597440e+01
6.064064064064038639e+00 1.271603389399323980e+01
6.090090090090064301e+00 1.271409297181761389e+01
6.116116116116090851e+00 1.271215202466319738e+01
6.142142142142116512e+00 1.271021105252383165e+01
6.168168168168142174e+00 1.270827005539309340e+01
6.194194194194167835e+00 1.270632903326429819e+01
6.220220220220193497e+00 1.270438798613049691e+01
6.246246246246220046e+00 1.270244691398447934e+01
6.272272272272245708e+00 1.270050581681876878e+01
6.298298298298271369e+00 1.269856469462561854e+01
6.324324324324297031e+00 1.269662354739702081e+01
6.350350350350322692e+00 1.269468237512470132e+01
6.376376376376349242e+00 1.269274117780011402e+01
6.402402402402374904e+00 1.269079995541444461e+01
6.428428428428400565e+00 1.268885870795860882e+01
6.454454454454426227e+00 1.268691743542325412e+01
6.480480480480452776e+00 1.268497613779875621e+01
6.506506506506478438e+00 1.268303481507521724e+01
6.532532532532504099e+00 1.268109346724246578e+01
6.558558558558529761e+00 1.267915209429005685e+01
6.584584584584555422e+00 1.267721069620727548e+01
6.610610610610581972e+00 1.267526927298312245e+01
6.636636636636607633e+00 1.267332782460632856e+01
6.662662662662633295e+00 1.267138635106534572e+01
6.688688688688658956e+00 1.266944485234834517e+01
6.714714714714684618e+00 1.266750332844322280e+01
6.740740740740711168e+00 1.266556177933759209e+01
6.766766766766736829e+00 1.266362020501878582e+01
6.792792792792762491e+00 1.266167860547385438e+01
6.818818818818788152e+00 1.265973698068956566e+01
6.844844844844814702e+00 1.265779533065240514e+01
6.870870870870840363e+00 1.265585365534857054e+01
6.896896896896866025e+00 1.265391195476397357e+01
6.922922922922891686e+00 1.265197022888424527e+01
6.948948948948917348e+00 1.265002847769472183e+01
6.974974974974943898e+00 1.264808670118045519e+01
7.001001001000969559e+00 1.264614489932620245e+01
7.027027027026995221e+00 1.264420307211643646e+01
7.053053053053020882e+00 1.264226121953533344e+01
7.079079079079046544e+00 1.264031934156677828e+01
7.105105105105073093e+00 1.263837743819436099e+01
7.131131131131098755e+00 1.263643550940138027e+01
7.157157157157124416e+00 1.263449355517083461e+01
7.183183183183150078e+00 1.263255157548542762e+01
7.209209209209175739e+00 1.263060957032756448e+01
7.235235235235202289e+00 1.262866753967934841e+01
7.261261261261227951e+00 1.262672548352258595e+01
7.287287287287253612e+00 1.262478340183878167e+01
7.313313313313279274e+00 1.262284129460913462e+01
7.339339339339305823e+00 1.262089916181454186e+01
7.365365365365331485e+00 1.261895700343559845e+01
7.391391391391357146e+00 1.261701481945258863e+01
7.417417417417382808e+00 1.261507260984548928e+01
7.443443443443408469e+00 1.261313037459397535e+01
7.469469469469435019e+00 1.261118811367740555e+01
7.495495495495460681e+00 1.260924582707482955e+01
7.521521521521486342e+00 1.260730351476498434e+01
7.547547547547512004e+00 1.260536117672629786e+01
7.573573573573537665e+00 1.260341881293687827e+01
7.599599599599564215e+00 1.260147642337451934e+01
7.625625625625589876e+00 1.259953400801670043e+01
7.651651651651615538e+00 1.259759156684058112e+01
7.677677677677641199e+00 1.259564909982299774e+01
7.703703703703667749e+00 1.259368636494326132e+01
7.729729729729693410e+00 1.259171519288199725e+01
7.755755755755719072e+00 1.258974319906472594e+01
7.781781781781744733e+00 1.258777038343778543e+01
7.807807807807770395e+00 1.258579674594710696e+01
7.833833833833796945e+00 1.258382228653820434e+01
7.859859859859822606e+00 1.258184700515617571e+01
7.885885885885849156e+00 1.257987090174570000e+01
7.911911911911875706e+00 1.257789397625103334e+01
7.937937937937902255e+00 1.257591622861600555e+01
7.963963963963929693e+00 1.257393765878402014e+01
7.989989989989956243e+00 1.257195826669804894e+01
8.016016016015981904e+00 1.256997805230062859e+01
8.042042042042009342e+00 1.256799701553386228e+01
8.068068068068036780e+00 1.256601515633941091e+01
8.094094094094062442e+00 1.256403247465849304e+01
8.120120120120089879e+00 1.256204897043188495e+01
8.146146146146115541e+00 1.256006464359990993e+01
8.172172172172142979e+00 1.255807949410244007e+01
8.198198198198170417e+00 1.255609352187889804e+01
8.224224224224196078e+00 1.255410672686824292e+01
8.250250250250223516e+00 1.255211910900897720e+01
8.276276276276249177e+00 1.255013066823913448e+01
8.302302302302276615e+00 1.254814140449628823e+01
8.328328328328304053e+00 1.254615131771753411e+01
8.354354354354329715e+00 1.254416040783950237e+01
8.380380380380357153e+00 1.254216867479834008e+01
8.406406406406382814e+00 1.254017611852971825e+01
8.432432432432410252e+00 1.253818273896882118e+01
8.458458458458437690e+00 1.253618853605035000e+01
8.484484484484463351e+00 1.253419350970851376e+01
8.510510510510490789e+00 1.253219765987702949e+01
8.536536536536516451e+00 1.253020098648911862e+01
8.562562562562543889e+00 1.252820348947749807e+01
8.588588588588571326e+00 1.252620516877438561e+01
8.614614614614596988e+00 1.252420602431149099e+01
8.640640640640624426e+00 1.252220605602001058e+01
8.666666666666650087e+00 1.252020526383063093e+01
8.692692692692677525e+00 1.251820364767351812e+01
8.718718718718704963e+00 1.251620120747831599e+01
8.744744744744730625e+00 1.251419794317414613e+01
8.770770770770758062e+00 1.251219385468960077e+01
8.796796796796783724e+00 1.251018894195273568e+01
8.822822822822811162e+00 1.250818320489107727e+01
8.848848848848838600e+00 1.250617664343160484e+01
8.874874874874864261e+00 1.250416925750075947e+01
8.900900900900891699e+00 1.250216104702443332e+01
8.926926926926917361e+00 1.250015201192796255e+01
8.952952952952944798e+00 1.249814215213613622e+01
8.978978978978972236e+00 1.249613146757317494e+01
9.005005005004997898e+00 1.249411995816274334e+01
9.031031031031025336e+00 1.249210762382793227e+01
9.057057057057050997e+00 1.249009446449126770e+01
9.083083083083078435e+00 1.248808048007469296e+01
9.109109109109105873e+00 1.248606567049957938e+01
9.135135135135131534e+00 1.248405003568670679e+01
9.161161161161158972e+00 1.248203357555627058e+01
9.187187187187184634e+00 1.248001629002787460e+01
9.213213213213212072e+00 1.247799817902052411e+01
9.239239239239237733e+00 1.247597924245262568e+01
9.265265265265265171e+00 1.247395948024197665e+01
9.291291291291292609e+00 1.247193889230576680e+01
9.317317317317318270e+00 1.246991747856057486e+01
9.343343343343345708e+00 1.246789523892235430e+01
9.369369369369371370e+00 1.246587217330643860e+01
9.395395395395398808e+00 1.246384828162753777e+01
9.421421421421426246e+00 1.246182356379972056e+01
9.447447447447451907e+00 1.245979801973642687e+01
9.473473473473479345e+00 1.245777164935044823e+01
9.499499499499505006e+00 1.245574265117144286e+01
9.525525525525532444e+00 1.245369692282007712e+01
9.551551551551559882e+00 1.245165003419838357e+01
9.577577577577585544e+00 1.244960198522024797e+01
9.603603603603612981e+00 1.244755277579890596e+01
9.629629629629638643e+00 1.244550240584694123e+01
9.655655655655666081e+00 1.244345087527627669e+01
9.681681681681693519e+00 1.244139818399817088e+01
9.707707707707719180e+00 1.243934433192321443e+01
9.733733733733746618e+00 1.243728931896132295e+01
9.759759759759772280e+00 1.243523314502173527e+01
9.785785785785799717e+00 1.243317581001300454e+01
9.811811811811827155e+00 1.243111731384299823e+01
9.837837837837852817e+00 1.242905765641888571e+01
9.863863863863880255e+00 1.242699683764713825e+01
9.889889889889905916e+00 1.242493485743352899e+01
9.915915915915933354e+00 1.242287171568311344e+01
9.941941941941960792e+00 1.242080741230024010e+01
9.967967967967986453e+00 1.241874194718853275e+01
9.993993993994013891e+00 1.241667532025089038e+01
1.002002002002003955e+01 1.241460753138948547e+01
1.004604604604606699e+01 1.241253858050574799e+01
1.007207207207209443e+01 1.241046846750037425e+01
1.009809809809812009e+01 1.240839719227330740e+01
1.012412412412414753e+01 1.240632475472373919e+01
1.015015015015017319e+01 1.240425115475010465e+01
1.017617617617620063e+01 1.240217639225007318e+01
1.020220220220222807e+01 1.240010046712054681e+01
1.022822822822825373e+01 1.239802337925764775e+01
1.025425425425428116e+01 1.239594512855672193e+01
1.028028028028030683e+01 1.239386571491232125e+01
1.030630630630633426e+01 1.239178513821821248e+01
1.033233233233236170e+01 1.238970339836735413e+01
1.035835835835838736e+01 1.238762049525190356e+01
1.038438438438441480e+01 1.238553642876320815e+01
1.041041041041044046e+01 1.238345119879179457e+01
1.043643643643646790e+01 1.238136480522736349e+01
1.046246246246249534e+01 1.237927724795878781e+01
1.048848848848852100e+01 1.237718852687410553e+01
1.051451451451454844e+01 1.237509864186050379e+01
1.054054054054057410e+01 1.237300759280432416e+01
1.056656656656660154e+01 1.237091537959105381e+01
1.059259259259262720e+01 1.236882200210531302e+01
1.061861861861865464e+01 1.236672746023085168e+01
1.064464464464468207e+01 1.236463175385054392e+01
1.067067067067070774e+01 1.236253488284638102e+01
1.069669669669673517e+01 1.236043684709946078e+01
1.072272272272276084e+01 1.235833764648998923e+01
1.074874874874878827e+01 1.235623728089725937e+01
1.077477477477481571e+01 1.235413575019965648e+01
1.080080080080084137e+01 1.235203305427464926e+01
1.082682682682686881e+01 1.234992919299877556e+01
1.085285285285289447e+01 1.234782416624764068e+01
1.087887887887892191e+01 1.234571797389591019e+01
1.090490490490494935e+01 1.234361061581730112e+01
1.093093093093097501e+01 1.234150209188457126e+01
1.095695695695700245e+01 1.233939240196951737e+01
1.098298298298302811e+01 1.233728154594296456e+01
1.100900900900905555e+01 1.233516952367475383e+01
1.103503503503508298e+01 1.233305633503374743e+01
1.106106106106110865e+01 1.233094197988780394e+01
1.108708708708713608e+01 1.232882645810378364e+01
1.111311311311316175e+01 1.232670976954753428e+01
1.113913913913918918e+01 1.232459191408388222e+01
1.116516516516521662e+01 1.232247289157662884e+01
1.119119119119124228e+01 1.232035270188853637e+01
1.121721721721726972e+01 1.231823134488132432e+01
1.124324324324329538e+01 1.231610882041565702e+01
1.126926926926932282e+01 1.231398512835113834e+01
1.129529529529535026e+01 1.231186026854630100e+01
1.132132132132137592e+01 1.230973424085859946e+01
1.134734734734740336e+01 1.230760704514439752e+01
1.137337337337342902e+01 1.230547868125896294e+01
1.139939939939945646e+01 1.230334914905645682e+01
1.142542542542548389e+01 1.230121844838992651e+01
1.145145145145150956e+01 1.229908657911129133e+01
1.147747747747753699e+01 1.229695354107133909e+01
1.150350350350356265e+01 1.229481933411971006e+01
1.152952952952959009e+01 1.229268395810489700e+01
1.155555555555561753e+01 1.229054741287422559e+01
1.158158158158164319e+01 1.228840969827385088e+01
1.160760760760767063e+01 1.228627081414874311e+01
1.163363363363369629e+01 1.228413076034268236e+01
1.165965965965972373e+01 1.228198953669824434e+01
1.168568568568575117e+01 1.227984714305679503e+01
1.171171171171177683e+01 1.227770357925847300e+01
1.173773773773780427e+01 1.227555884514218931e+01
1.176376376376382993e+01 1.227341294054560450e+01
1.178978978978985737e+01 1.227126586530513030e+01
1.181581581581588480e+01 1.226911761925590838e+01
1.184184184184191047e+01 1.226696820223181028e+01
1.186786786786793790e+01 1.226481761406541615e+01
1.189389389389396356e+01 1.226266585458800940e+01
1.191991991991999100e+01 1.226051292362956247e+01
1.194594594594601666e+01 1.225835882101873153e+01
1.197197197197204410e+01 1.225620354658283517e+01
1.199799799799807154e+01 1.225404710014785614e+01
1.202402402402409720e+01 1.225188948153841295e+01
1.205005005005012464e+01 1.224973069057776698e+01
1.207607607607615030e+01 1.224757072708779049e+01
1.210210210210217774e+01 1.224540959088897552e+01
1.212812812812820518e+01 1.224324728180040189e+01
1.215415415415423084e+01 1.224108379963973903e+01
1.218018018018025828e+01 1.223891914422322813e+01
1.220620620620628394e+01 1.223675331536566979e+01
1.223223223223231138e+01 1.223458182842882280e+01
1.225825825825833881e+01 1.223239320831896748e+01
1.228428428428436447e+01 1.223020219600960878e+01
1.231031031031039191e+01 1.222800879130039498e+01
1.233633633633641757e+01 1.222581299398938981e+01
1.236236236236244501e+01 1.222361480387305477e+01
1.238838838838847245e+01 1.222141422074624373e+01
1.241441441441449811e+01 1.221921124440217632e+01
1.244044044044052555e+01 1.221700587463243792e+01
1.246646646646655121e+01 1.221479811122695125e+01
1.249249249249257865e+01 1.221258795397396923e+01
1.251851851851860609e+01 1.221037540266005550e+01
1.254454454454463175e+01 1.220816045707007369e+01
1.257057057057065919e+01 1.220594311698716616e+01
1.259659659659668485e+01 1.220372338219274333e+01
1.262262262262271229e+01 1.220150125246646411e+01
1.264864864864873972e+01 1.219927672758622350e+01
1.267467467467476538e+01 1.219704980732813127e+01
1.270070070070079282e+01 1.219482049146650127e+01
1.272672672672681848e+01 1.219258877977383193e+01
1.275275275275284592e+01 1.219035467202078493e+01
1.277877877877887336e+01 1.218811816797617809e+01
1.280480480480489902e+01 1.218587926740695870e+01
1.283083083083092646e+01 1.218363797007819471e+01
1.285685685685695212e+01 1.218139427575304623e+01
1.288288288288297956e+01 1.217914818419276024e+01
1.290890890890900700e+01 1.217689969515664039e+01
1.293493493493503266e+01 1.217464880840204167e+01
1.296096096096106010e+01 1.217239552368433841e+01
1.298698698698708576e+01 1.217013984075691546e+01
1.301301301301311319e+01 1.216788175937114502e+01
1.303903903903914063e+01 1.216562127927637071e+01
1.306506506506516629e+01 1.216335841001693652e+01
1.309109109109119373e+01 1.216109321896385609e+01
1.311711711711721939e+01 1.215882563365564550e+01
1.314314314314324683e+01 1.215655565383207737e+01
1.316916916916927427e+01 1.215428327923077667e+01
1.319519519519529993e+01 1.215200850958721190e+01
1.322122122122132737e+01 1.214973134463466842e+01
1.324724724724735303e+01 1.214745178410422355e+01
1.327327327327338047e+01 1.214516982772473419e+01
1.329929929929940613e+01 1.214288547522280659e+01
1.332532532532543357e+01 1.214059872632277681e+01
1.335135135135146101e+01 1.213830958074669297e+01
1.337737737737748667e+01 1.213601803821428859e+01
1.340340340340351410e+01 1.213372409844295774e+01
1.342942942942953977e+01 1.213142776114773547e+01
1.345545545545556720e+01 1.212912902604127652e+01
1.348148148148159464e+01 1.212682789283382689e+01
1.350750750750762030e+01 1.212452436123320076e+01
1.353353353353364774e+01 1.212221843094475915e+01
1.355955955955967340e+01 1.211991010167138327e+01
1.358558558558570084e+01 1.211759937311345148e+01
1.361161161161172828e+01 1.211528624496880902e+01
1.363763763763775394e+01 1.211297071693275207e+01
1.366366366366378138e+01 1.211065278869799222e+01
1.368968968968980704e+01 1.210833245995463692e+01
1.371571571571583448e+01 1.210600973039016104e+01
1.374174174174186192e+01 1.210368459968938026e+01
1.376776776776788758e+01 1.210135706753442264e+01
1.379379379379391501e+01 1.209902713360470550e+01
1.381981981981994068e+01 1.209669479757690169e+01
1.384584584584596811e+01 1.209436005912491652e+01
1.387187187187199555e+01 1.209202291791985928e+01
1.389789789789802121e+01 1.208968332986007077e+01
1.392392392392404865e+01 1.208733183995063953e+01
1.394994994995007431e+01 1.208497737004224604e+01
1.397597597597610175e+01 1.208261991979081706e+01
1.400200200200212919e+01 1.208025948884930756e+01
1.402802802802815485e+01 1.207789607686765265e+01
1.405405405405418229e+01 1.207552968349274813e+01
1.408008008008020795e+01 1.207316030836841136e+01
1.410610610610623539e+01 1.207078795113534930e+01
1.413213213213226283e+01 1.206841261143113542e+01
1.415815815815828849e+01 1.206603428889016350e+01
1.418418418418431592e+01 1.206365298314362278e+01
1.421021021021034159e+01 1.206126869381945887e+01
1.423623623623636902e+01 1.205888142054234535e+01
1.426226226226239646e+01 1.205649116293364642e+01
1.428828828828842212e+01 1.205409792061137786e+01
1.431431431431444956e+01 1.205170169319017504e+01
1.434034034034047522e+01 1.204930248028125739e+01
1.436636636636650266e+01 1.204690028149239289e+01
1.439239239239253010e+01 1.204449509642785543e+01
1.441841841841855576e+01 1.204208692468839104e+01
1.444444444444458320e+01 1.203967576587118238e+01
1.447047047047060886e+01 1.203726161956980611e+01
1.449649649649663630e+01 1.203484448537419382e+01
1.452252252252266373e+01 1.203242436287059469e+01
1.454854854854868940e+01 1.203000125164153644e+01
1.457457457457471683e+01 1.202757515126577914e+01
1.460060060060074250e+01 1.202514606131827968e+01
1.462662662662676993e+01 1.202271398137014913e+01
1.465265265265279560e+01 1.202027891098861012e+01
1.467867867867882303e+01 1.201784084973695066e+01
1.470470470470485047e+01 1.201539979717448503e+01
1.473073073073087613e+01 1.201295575285650941e+01
1.475675675675690357e+01 1.201049406015429710e+01
1.478278278278292923e+01 1.200802702089903917e+01
1.480880880880895667e+01 1.200555635210522709e+01
1.483483483483498411e+01 1.200308205330654054e+01
1.486086086086100977e+01 1.200060412403235865e+01
1.488688688688703721e+01 1.199812256380770847e+01
1.491291291291306287e+01 1.199563737215322412e+01
1.493893893893909031e+01 1.199314854858508639e+01
1.496496496496511774e+01 1.199065609261497833e+01
1.499099099099114341e+01 1.198816000375003554e+01
1.501701701701717084e+01 1.198566028149278928e+01
1.504304304304319650e+01 1.198315692534112209e+01
1.506906906906922394e+01 1.198064993478820561e+01
1.509509509509525138e+01 1.197813930932245441e+01
1.512112112112127704e+01 1.197562504842746378e+01
1.514714714714730448e+01 1.197310715158196182e+01
1.517317317317333014e+01 1.197058561825975076e+01
1.519919919919935758e+01 1.196806044792964485e+01
1.522522522522538502e+01 1.196553164005541880e+01
1.525125125125141068e+01 1.196299919409575274e+01
1.527727727727743812e+01 1.196046310950415936e+01
1.530330330330346378e+01 1.195792338572893598e+01
1.532932932932949122e+01 1.195538002221310059e+01
1.535535535535551865e+01 1.195283301839432610e+01
1.538138138138154432e+01 1.195028237370488355e+01
1.540740740740757175e+01 1.194772808757156923e+01
1.543343343343359741e+01 1.194517015941565141e+01
1.545945945945962485e+01 1.194260858865279751e+01
1.548548548548565229e+01 1.194004337469300836e+01
1.551151151151167795e+01 1.193747451694055250e+01
1.553753753753770539e+01 1.193490201479389690e+01
1.556356356356373105e+01 1.193232586764563941e+01
1.558958958958975849e+01 1.192974607488243244e+01
1.561561561561578593e+01 1.192716263588492076e+01
1.564164164164181159e+01 1.192457555002766156e+01
1.566766766766783903e+01 1.192198481667904986e+01
1.569369369369386469e+01 1.191939043520125452e+01
1.571971971971989213e+01 1.191679240495012770e+01
1.574574574574591956e+01 1.191419072527514444e+01
1.577177177177194523e+01 1.191158539551930673e+01
1.579779779779797266e+01 1.190897641501907955e+01
1.582382382382399832e+01 1.190636378310430565e+01
1.584984984985002576e+01 1.190374749909811669e+01
1.587587587587605320e+01 1.190112756231686220e+01
1.590190190190207886e+01 1.189850397207001897e+01
1.592792792792810630e+01 1.189587672766010762e+01
1.595395395395413196e+01 1.189324582838260547e+01
1.597997997998015940e+01 1.189061127352585956e+01
1.600600600600618506e+01 1.188797306237099427e+01
1.603203203203221250e+01 1.188533119419182960e+01
1.605805805805823994e+01 1.188268121702131630e+01
1.608408408408426737e+01 1.188001057967998619e+01
1.611011011011029126e+01 1.187733459190313212e+01
1.613613613613631870e+01 1.187465325292336082e+01
1.616216216216234614e+01 1.187196656196537781e+01
1.618818818818837357e+01 1.186927451824588253e+01
1.621421421421440101e+01 1.186657712097346362e+01
1.624024024024042490e+01 1.186387436934849937e+01
1.626626626626645233e+01 1.186116626256305295e+01
1.629229229229247977e+01 1.185845279980075695e+01
1.631831831831850721e+01 1.185573398023671743e+01
1.634434434434453465e+01 1.185300980303739493e+01
1.637037037037055853e+01 1.185028026736049078e+01
1.639639639639658597e+01 1.184754537235484406e+01
1.642242242242261341e+01 1.184480511716030193e+01
1.644844844844864085e+01 1.184205950090761306e+01
1.647447447447466828e+01 1.183930852271830148e+01
1.650050050050069217e+01 1.183655218170455292e+01
1.652652652652671961e+01 1.183379047696908160e+01
1.655255255255274704e+01 1.183102340760501470e+01
1.657857857857877448e+01 1.182825097269575565e+01
1.660460460460480192e+01 1.182547317131486686e+01
1.663063063063082581e+01 1.182269000252592583e+01
1.665665665665685324e+01 1.181990146538240261e+01
1.668268268268288068e+01 1.181710600306714909e+01
1.670870870870890812e+01 1.181430092295348011e+01
1.673473473473493556e+01 1.181149001638044638e+01
1.676076076076095944e+01 1.180867328235466651e+01
1.678678678678698688e+01 1.180585071987187540e+01
1.681281281281301432e+01 1.180302232791678918e+01
1.683883883883904176e+01 1.180018810546294716e+01
1.686486486486506919e+01 1.179734805147255727e+01
1.689089089089109308e+01 1.179450216489634862e+01
1.691691691691712052e+01 1.179165044467340451e+01
1.694294294294314795e+01 1.178879288973100792e+01
1.696896896896917539e+01 1.178592949898447628e+01
1.699499499499520283e+01 1.178306027133699274e+01
1.702102102102122672e+01 1.178018520567944449e+01
1.704704704704725415e+01 1.177730430089024338e+01
1.707307307307328159e+01 1.177441755583515359e+01
1.709909909909930903e+01 1.177152496936711579e+01
1.712512512512533647e+01 1.176862654032606592e+01
1.715115115115136035e+01 1.176572226753874872e+01
1.717717717717738779e+01 1.176281214981853829e+01
1.720320320320341523e+01 1.175989618596523556e+01
1.722922922922944267e+01 1.175697437476488894e+01
1.725525525525547010e+01 1.175404671498958820e+01
1.728128128128149399e+01 1.175111320539726734e+01
1.730730730730752143e+01 1.174817083018439767e+01
1.733333333333354886e+01 1.174521615111671835e+01
1.735935935935957630e+01 1.174225447574320746e+01
1.738538538538560374e+01 1.173928580275399902e+01
1.741141141141162763e+01 1.173631013082390417e+01
1.743743743743765506e+01 1.173332745861219095e+01
1.746346346346368250e+01 1.173033778476235689e+01
1.748948948948970994e+01 1.172734110790189099e+01
1.751551551551573738e+01 1.172433742664204814e+01
1.754154154154176126e+01 1.172132673957760218e+01
1.756756756756778870e+01 1.171830904528660433e+01
1.759359359359381614e+01 1.171528434233012916e+01
1.761961961961984358e+01 1.171225262925203303e+01
1.764564564564587101e+01 1.170921390457868583e+01
1.767167167167189490e+01 1.170616816681871164e+01
1.769769769769792234e+01 1.170311425278823236e+01
1.772372372372394977e+01 1.170005147940814538e+01
1.774974974974997721e+01 1.169698095656506887e+01
1.777577577577600465e+01 1.169390268268579369e+01
1.780180180180202854e+01 1.169081665617787458e+01
1.782782782782805597e+01 1.168772287542933519e+01
1.785385385385408341e+01 1.168462121964467393e+01
1.787987987988011085e+01 1.168151121967030903e+01
1.790590590590613473e+01 1.167839327647029535e+01
1.793193193193216217e+01 1.167526738834943068e+01
1.795795795795818961e+01 1.167213355359138838e+01
1.798398398398421705e+01 1.166899177045840119e+01
1.801001001001024449e+01 1.166584203719092194e+01
1.803603603603626837e+01 1.166268351686292704e+01
1.806206206206229581e+01 1.165951659192701229e+01
1.808808808808832325e+01 1.165634125558411505e+01
1.811411411411435068e+01 1.165315745038915374e+01
1.814014014014037812e+01 1.164996511887280484e+01
1.816616616616640201e+01 1.164676420354111386e+01
1.819219219219242945e+01 1.164355459653619285e+01
1.821821821821845688e+01 1.164033624087889507e+01
1.824424424424448432e+01 1.163710909728022180e+01
1.827027027027051176e+01 1.163387310481784809e+01
1.829629629629653564e+01 1.163062820254261709e+01
1.832232232232256308e+01 1.162737432947809779e+01
1.834834834834859052e+01 1.162411142462013913e+01
1.837437437437461796e+01 1.162083942693641880e+01
1.840040040040064540e+01 1.161755818335297796e+01
1.842642642642666928e+01 1.161426767120547154e+01
1.845245245245269672e+01 1.161096783874637417e+01
1.847847847847872416e+01 1.160765862024708817e+01
1.850450450450475159e+01 1.160433994994823514e+01
1.853053053053077903e+01 1.160101176205914797e+01
1.855655655655680292e+01 1.159767399075733962e+01
1.858258258258283036e+01 1.159432656688309393e+01
1.860860860860885779e+01 1.159096930965740135e+01
1.863463463463488523e+01 1.158760222782979277e+01
1.866066066066091267e+01 1.158422525052406904e+01
1.868668668668693655e+01 1.158083830682933169e+01
1.871271271271296399e+01 1.157744132579938601e+01
1.873873873873899143e+01 1.157403423645213181e+01
1.876476476476501887e+01 1.157061696776895232e+01
1.879079079079104631e+01 1.156718942876402600e+01
1.881681681681707019e+01 1.156375147039465112e+01
1.884284284284309763e+01 1.156030306807477182e+01
1.886886886886912507e+01 1.155684414092693046e+01
1.889489489489515250e+01 1.155337460731150934e+01
1.892092092092117994e+01 1.154989438482601471e+01
1.894694694694720383e+01 1.154640339030433793e+01
1.897297297297323126e+01 1.154290153981601819e+01
1.899899899899925870e+01 1.153938864731710012e+01
1.902502502502528614e+01 1.153586456268526383e+01
1.905105105105131358e+01 1.153232933859381681e+01
1.907707707707733746e+01 1.152878288682084396e+01
1.910310310310336490e+01 1.152522511835359253e+01
1.912912912912939234e+01 1.152165594338761601e+01
1.915515515515541978e+01 1.151807527132589470e+01
1.918118118118144722e+01 1.151448301077795300e+01
1.920720720720747110e+01 1.151087906955893381e+01
1.923323323323349854e+01 1.150726335468867845e+01
1.925925925925952598e+01 1.150363577239076740e+01
1.928528528528555341e+01 1.149999622809154154e+01
1.931131131131158085e+01 1.149634462641910737e+01
1.933733733733760474e+01 1.149268087120232451e+01
1.936336336336363217e+01 1.148900486546974697e+01
1.938938938938965961e+01 1.148531651144857513e+01
1.941541541541568705e+01 1.148161571056354902e+01
1.944144144144171449e+01 1.147790236343583814e+01
1.946746746746773837e+01 1.147417636988190459e+01
1.949349349349376581e+01 1.147043762891232177e+01
1.951951951951979325e+01 1.146668603873059311e+01
1.954554554554582069e+01 1.146292149673191574e+01
1.957157157157184812e+01 1.145914389950193701e+01
1.959759759759787201e+01 1.145535314281546846e+01
1.962362362362389945e+01 1.145154912163517480e+01
1.964964964964992689e+01 1.144773173011023104e+01
1.967567567567595432e+01 1.144390086157494224e+01
1.970170170170198176e+01 1.144005640854734196e+01
1.972772772772800565e+01 1.143619826272774809e+01
1.975375375375403308e+01 1.143232631499728313e+01
1.977977977978006052e+01 1.142844045541636255e+01
1.980580580580608796e+01 1.142454057322314576e+01
1.983183183183211540e+01 1.142062655683194805e+01
1.985785785785813928e+01 1.141669829383161350e+01
1.988388388388416672e+01 1.141275567098385224e+01
1.990990990991019416e+01 1.140879781792801317e+01
1.993593593593622160e+01 1.140482272215121107e+01
1.996196196196224903e+01 1.140083257283897566e+01
1.998798798798827292e+01 1.139682723757049487e+01
2.001401401401430036e+01 1.139280658279724889e+01
2.004004004004032780e+01 1.138877047384104202e+01
2.006606606606635523e+01 1.138471877489199002e+01
2.009209209209238267e+01 1.138065134900644892e+01
2.011811811811840656e+01 1.137656805810489580e+01
2.014414414414443399e+01 1.137246876296975984e+01
2.017017017017046143e+01 1.136835332324318415e+01
2.019619619619648887e+01 1.136422159742474314e+01
2.022222222222251631e+01 1.136007344286908527e+01
2.024824824824854019e+01 1.135590871578353145e+01
2.027427427427456763e+01 1.135172727122559699e+01
2.030030030030059507e+01 1.134752896310045323e+01
2.032632632632662251e+01 1.134331364415831978e+01
2.035235235235264994e+01 1.133908116599178229e+01
2.037837837837867383e+01 1.133483137903305504e+01
2.040440440440470127e+01 1.133056413255114947e+01
2.043043043043072871e+01 1.132627927464897510e+01
2.045645645645675614e+01 1.132197665226036598e+01
2.048248248248278358e+01 1.131765611114701464e+01
2.050850850850880747e+01 1.131331749589532976e+01
2.053453453453483490e+01 1.130896064991321204e+01
2.056056056056086234e+01 1.130458541542672002e+01
2.058658658658688978e+01 1.130019163347666655e+01
2.061261261261291367e+01 1.129577914391511051e+01
2.063863863863894110e+01 1.129134778540174011e+01
2.066466466466496854e+01 1.128689739540017278e+01
2.069069069069099598e+01 1.128242781017413243e+01
2.071671671671702342e+01 1.127793886478352547e+01
2.074274274274304730e+01 1.127343039308041206e+01
2.076876876876907474e+01 1.126890222770483874e+01
2.079479479479510218e+01 1.126435420008057342e+01
2.082082082082112962e+01 1.125978546443180761e+01
2.084684684684715705e+01 1.125518627676828665e+01
2.087287287287318094e+01 1.125056558509984406e+01
2.089889889889920838e+01 1.124592316442061701e+01
2.092492492492523581e+01 1.124125878753441654e+01
2.095095095095126325e+01 1.123657222504951037e+01
2.097697697697729069e+01 1.123186324537323166e+01
2.100300300300331457e+01 1.122713161470645105e+01
2.102902902902934201e+01 1.122237709703785669e+01
2.105505505505536945e+01 1.121759945413807813e+01
2.108108108108139689e+01 1.121279844555361116e+01
2.110710710710742433e+01 1.120797382860056679e+01
2.113313313313344821e+01 1.120312535835822487e+01
2.115915915915947565e+01 1.119825278766238341e+01
2.118518518518550309e+01 1.119335586709849650e+01
2.121121121121153053e+01 1.118843434499459555e+01
2.123723723723755796e+01 1.118348796741399909e+01
2.126326326326358185e+01 1.117851647814776861e+01
2.128928928928960929e+01 1.117351961870692989e+01
2.131531531531563672e+01 1.116849712831445274e+01
2.134134134134166416e+01 1.116344874389695718e+01
2.136736736736769160e+01 1.115837420007615144e+01
2.139339339339371548e+01 1.115327322915999808e+01
2.141941941941974292e+01 1.114814556113356581e+01
2.144544544544577036e+01 1.114299092364960941e+01
2.147147147147179780e+01 1.113780904201880340e+01
2.149749749749782524e+01 1.113259963919966467e+01
2.152352352352384912e+01 1.112736243578812889e+01
2.154954954954987656e+01 1.112209715000678223e+01
2.157557557557590400e+01 1.111680349769369514e+01
2.160160160160193143e+01 1.111148119229091868e+01
2.162762762762795887e+01 1.110612994483253146e+01
2.165365365365398276e+01 1.110074946393231166e+01
2.167967967968001020e+01 1.109533945577095082e+01
2.170570570570603763e+01 1.108989962408282715e+01
2.173173173173206507e+01 1.108442967014230618e+01
2.175775775775809251e+01 1.107890586035897051e+01
2.178378378378411639e+01 1.107334598085596689e+01
2.180980980981014383e+01 1.106775222504442446e+01
2.183583583583617127e+01 1.106212415720445286e+01
2.186186186186219871e+01 1.105646133676655296e+01
2.188788788788822615e+01 1.105076331829396530e+01
2.191391391391425003e+01 1.104502965146437710e+01
2.193993993994027747e+01 1.103925988105094902e+01
2.196596596596630491e+01 1.103345354690261004e+01
2.199199199199233234e+01 1.102761018392360803e+01
2.201801801801835978e+01 1.102172932205228228e+01
2.204404404404438367e+01 1.101581048623901538e+01
2.207007007007041111e+01 1.100985319642332350e+01
2.209609609609643854e+01 1.100385696751005327e+01
2.212212212212246598e+01 1.099782130934465840e+01
2.214814814814849342e+01 1.099174572668746741e+01
2.217417417417451730e+01 1.098562971918694942e+01
2.220020020020054474e+01 1.097947278135190174e+01
2.222622622622657218e+01 1.097327440252250064e+01
2.225225225225259962e+01 1.096703406684018844e+01
2.227827827827862706e+01 1.096075125321631560e+01
2.230430430430465094e+01 1.095442543529949475e+01
2.233033033033067838e+01 1.094805608144158526e+01
2.235635635635670582e+01 1.094164265466226382e+01
2.238238238238273325e+01 1.093518461261210284e+01
2.240840840840876069e+01 1.092868140753405726e+01
2.243443443443478458e+01 1.092213248622332600e+01
2.246046046046081202e+01 1.091553728998546546e+01
2.248648648648683945e+01 1.090889525459269116e+01
2.251251251251286689e+01 1.090220581023825730e+01
2.253853853853889433e+01 1.089546838148882735e+01
2.256456456456491821e+01 1.088868238723472359e+01
2.259059059059094565e+01 1.088184724063794739e+01
2.261661661661697309e+01 1.087496234907784931e+01
2.264264264264300053e+01 1.086802711409432476e+01
2.266866866866902797e+01 1.086098824593852541e+01
2.269469469469505185e+01 1.085387115371318778e+01
2.272072072072107929e+01 1.084669397452037209e+01
2.274674674674710673e+01 1.083945573060733025e+01
2.277277277277313416e+01 1.083215543153801086e+01
2.279879879879916160e+01 1.082479207411410016e+01
2.282482482482518549e+01 1.081736464229221362e+01
2.285085085085121293e+01 1.080987210709699653e+01
2.287687687687724036e+01 1.080231342652994719e+01
2.290290290290326780e+01 1.079468754547366949e+01
2.292892892892929524e+01 1.078699339559127957e+01
2.295495495495531912e+01 1.077922989522072328e+01
2.298098098098134656e+01 1.077139594926364197e+01
2.300700700700737400e+01 1.076349044906848462e+01
2.303303303303340144e+01 1.075551227230752716e+01
2.305905905905942888e+01 1.074746028284736887e+01
2.308508508508545276e+01 1.073933333061255269e+01
2.311111111111148020e+01 1.073113025144185606e+01
2.313713713713750764e+01 1.072284986693675535e+01
2.316316316316353507e+01 1.071449098430161406e+01
2.318918918918956251e+01 1.070605239617501070e+01
2.321521521521558640e+01 1.069753288045164119e+01
2.324124124124161384e+01 1.068893120009417963e+01
2.326726726726764127e+01 1.068024610293440801e+01
2.329329329329366871e+01 1.067147632146289027e+01
2.331931931931969260e+01 1.066262057260642671e+01
2.334534534534572003e+01 1.065367755749240786e+01
2.337137137137174747e+01 1.064464596119919726e+01
2.339739739739777491e+01 1.063552445249151113e+01
2.342342342342380235e+01 1.062631168353975930e+01
2.344944944944982623e+01 1.061700628962217507e+01
2.347547547547585367e+01 1.060760688880847802e+01
2.350150150150188111e+01 1.059811208162370022e+01
2.352752752752790855e+01 1.058852045069072645e+01
2.355355355355393598e+01 1.057883056034989622e+01
2.357957957957995987e+01 1.056894698341730887e+01
2.360560560560598731e+01 1.055886752567653986e+01
2.363163163163201475e+01 1.054866007279592743e+01
2.365765765765804218e+01 1.053832158672340746e+01
2.368368368368406962e+01 1.052784897121880903e+01
2.370970970971009351e+01 1.051723907123335167e+01
2.373573573573612094e+01 1.050648867224493621e+01
2.376176176176214838e+01 1.049559449954542423e+01
2.378778778778817582e+01 1.048455321747579028e+01
2.381381381381420326e+01 1.047336142860457642e+01
2.383983983984022714e+01 1.046201567284459166e+01
2.386586586586625458e+01 1.045051242650233370e+01
2.389189189189228202e+01 1.043884810125396712e+01
2.391791791791830946e+01 1.042701904304105653e+01
2.394394394394433689e+01 1.041502153087850857e+01
2.396996996997036078e+01 1.040285177556639340e+01
2.399599599599638822e+01 1.039050591829624892e+01
2.402202202202241565e+01 1.037798002914158779e+01
2.404804804804844309e+01 1.036527010542097571e+01
2.407407407407447053e+01 1.035237206992077574e+01
2.410010010010049442e+01 1.033928176896309381e+01
2.412612612612652185e+01 1.032599497030266633e+01
2.415215215215254929e+01 1.031250736083448061e+01
2.417817817817857673e+01 1.029881454409159325e+01
2.420420420420460417e+01 1.028491203750999183e+01
2.423023023023062805e+01 1.027079526943432519e+01
2.425625625625665549e+01 1.025641038314153164e+01
2.428228228228268293e+01 1.024170413483249042e+01
2.430830830830871037e+01 1.022669812657748700e+01
2.433433433433473780e+01 1.021137203279619143e+01
2.436036036036076169e+01 1.019570410421171580e+01
2.438638638638678913e+01 1.017967116053476317e+01
2.441241241241281656e+01 1.016324858229544148e+01
2.443843843843884400e+01 1.014658861445410132e+01
2.446446446446487144e+01 1.012959283120592602e+01
2.449049049049089533e+01 1.011224984799990345e+01
2.451651651651692276e+01 1.009455469208767298e+01
2.454254254254295020e+01 1.007650299702178742e+01
2.456856856856897764e+01 1.005809099123475470e+01
2.459459459459500508e+01 1.003925400597143280e+01
2.462062062062102896e+01 1.001991449500042464e+01
2.464664664664705640e+01 1.000011000287756247e+01
nan nan
nan nan
nan nan
nan nan
nan nan
nan nan
nan nan
nan nan
nan nan
nan nan
nan nan
nan nan
nan nan
nan nan
nan nan
nan nan
nan nan
nan nan
nan nan
nan nan
nan nan
nan nan
nan nan
nan nan
nan nan
nan nan
nan nan
nan nan
nan nan
nan nan
nan nan
nan nan
nan nan
nan nan
nan nan
nan nan
nan nan
nan nan
nan nan
nan nan
nan nan
nan nan
nan nan
nan nan
nan nan
nan nan
nan nan
nan nan
nan nan
nan nan
nan nan
nan nan
