0.000000000000000000e+00 1.323300494515798320e+01
2.602602602602602233e-02 1.306000322367536626e+01
5.205205205205204466e-02 1.305616051823948887e+01
7.807807807807806699e-02 1.305271580772214080e+01
1.041041041041040893e-01 1.304940758539016699e+01
1.301301301301301117e-01 1.304609929902544785e+01
1.561561561561561340e-01 1.304279094850751264e+01
1.821821821821821563e-01 1.303952019107474669e+01
2.082082082082081786e-01 1.303642919938856970e+01
2.342342342342342010e-01 1.303341181484496047e+01
2.602602602602602233e-01 1.303046803651000829e+01
2.862862862862862734e-01 1.302759786328115510e+01
3.123123123123122680e-01 1.302470276779981795e+01
3.383383383383383181e-01 1.302182772952923528e+01
3.643643643643643126e-01 1.301900257206004063e+01
3.903903903903903627e-01 1.301622729471322160e+01
4.164164164164163573e-01 1.301350189673966007e+01
4.424424424424424074e-01 1.301082637732048930e+01
4.684684684684684020e-01 1.300820073556745982e+01
4.944944944944944520e-01 1.300562497052333200e+01
5.205205205205204466e-01 1.300309908116227398e+01
5.465465465465464412e-01 1.300062306639028087e+01
5.725725725725725468e-01 1.299815093018531442e+01
5.985985985985985414e-01 1.299565361964234178e+01
6.246246246246245359e-01 1.299318630978219069e+01
6.506506506506505305e-01 1.299074900029527768e+01
6.766766766766766361e-01 1.298834169085306378e+01
7.027027027027026307e-01 1.298596438110826412e+01
7.287287287287286253e-01 1.298361707069505400e+01
7.547547547547546198e-01 1.298129975922930157e+01
7.807807807807807254e-01 1.297901244630878637e+01
8.068068068068067200e-01 1.297675513151342841e+01
8.328328328328327146e-01 1.297452265272484340e+01
8.588588588588587092e-01 1.297227104329765801e+01
8.848848848848848148e-01 1.297003466789571391e+01
9.109109109109108093e-01 1.296781223507255554e+01
9.369369369369368039e-01 1.296560245345475693e+01
9.629629629629627985e-01 1.296340403174309053e+01
9.889889889889889041e-01 1.296121567871348290e+01
1.015015015015014788e+00 1.295903610321778743e+01
1.041041041041040893e+00 1.295686401418435985e+01
1.067067067067066999e+00 1.295469812061844728e+01
1.093093093093092882e+00 1.295253713160238540e+01
1.119119119119118988e+00 1.295041906852794966e+01
1.145145145145145094e+00 1.294832054470065152e+01
1.171171171171170977e+00 1.294623103254065910e+01
1.197197197197197083e+00 1.294414962086626275e+01
1.223223223223222966e+00 1.294207539854278188e+01
1.249249249249249072e+00 1.294000745448277456e+01
1.275275275275275177e+00 1.293794487764614587e+01
1.301301301301301061e+00 1.293588675704017632e+01
1.327327327327327167e+00 1.293383218171944904e+01
1.353353353353353272e+00 1.293178024078569699e+01
1.379379379379379156e+00 1.292973002338756139e+01
1.405405405405405261e+00 1.292768061872025775e+01
1.431431431431431145e+00 1.292563111602516557e+01
1.457457457457457251e+00 1.292358060458932201e+01
1.483483483483483356e+00 1.292152817374484819e+01
1.509509509509509240e+00 1.291947291286827237e+01
1.535535535535535345e+00 1.291741391137978390e+01
1.561561561561561451e+00 1.291535025874240716e+01
1.587587587587587334e+00 1.291328104446109037e+01
1.613613613613613440e+00 1.291124280103013966e+01
1.639639639639639324e+00 1.290923290364272091e+01
1.665665665665665429e+00 1.290722524902816559e+01
1.691691691691691535e+00 1.290521943312332631e+01
1.717717717717717418e+00 1.290321505186995132e+01
1.743743743743743524e+00 1.290121170121448380e+01
1.769769769769769630e+00 1.289920897710785397e+01
1.795795795795795513e+00 1.289720647550523225e+01
1.821821821821821619e+00 1.289520379236580006e+01
1.847847847847847724e+00 1.289320052365247804e+01
1.873873873873873608e+00 1.289119626533165608e+01
1.899899899899899713e+00 1.288919061337290017e+01
1.925925925925925597e+00 1.288718316374865935e+01
1.951951951951951703e+00 1.288517351243394060e+01
1.977977977977977808e+00 1.288316125540598733e+01
2.004004004004003914e+00 1.288114598864393479e+01
2.030030030030029575e+00 1.287912730812845830e+01
2.056056056056055681e+00 1.287710480984140382e+01
2.082082082082081786e+00 1.287507808976541490e+01
2.108108108108107892e+00 1.287306053508641845e+01
2.134134134134133998e+00 1.287106686762157004e+01
2.160160160160160103e+00 1.286907404246564113e+01
2.186186186186185765e+00 1.286708196046953034e+01
2.212212212212211870e+00 1.286509052247036244e+01
2.238238238238237976e+00 1.286309962929137107e+01
2.264264264264264082e+00 1.286110918174177442e+01
2.290290290290290187e+00 1.285911908061665088e+01
2.316316316316315849e+00 1.285712922669680225e+01
2.342342342342341954e+00 1.285513952074863120e+01
2.368368368368368060e+00 1.285314986352400446e+01
2.394394394394394165e+00 1.285116015576011606e+01
2.420420420420420271e+00 1.284917029817934875e+01
2.446446446446445933e+00 1.284718019148914081e+01
2.472472472472472038e+00 1.284518973638183859e+01
2.498498498498498144e+00 1.284319883353455083e+01
2.524524524524524249e+00 1.284120738360901193e+01
2.550550550550550355e+00 1.283921528725142380e+01
2.576576576576576461e+00 1.283722244509231381e+01
2.602602602602602122e+00 1.283522990906567784e+01
2.628628628628628228e+00 1.283324435359245186e+01
2.654654654654654333e+00 1.283125934753697805e+01
2.680680680680680439e+00 1.282927489094348061e+01
2.706706706706706544e+00 1.282729098385663669e+01
2.732732732732732206e+00 1.282530762632157284e+01
2.758758758758758312e+00 1.282332481838387395e+01
2.784784784784784417e+00 1.282134256008957607e+01
2.810810810810810523e+00 1.281936085148517890e+01
2.836836836836836628e+00 1.281737969261764043e+01
2.862862862862862290e+00 1.281539908353438761e+01
2.888888888888888395e+00 1.281341902428330926e+01
2.914914914914914501e+00 1.281143951491276667e+01
2.940940940940940607e+00 1.280946055547159190e+01
2.966966966966966712e+00 1.280748214600909307e+01
2.992992992992992818e+00 1.280550428657505080e+01
3.019019019019018479e+00 1.280352697721973598e+01
3.045045045045044585e+00 1.280155021799388848e+01
3.071071071071070691e+00 1.279957400894874375e+01
3.097097097097096796e+00 1.279759835013602220e+01
3.123123123123122902e+00 1.279561333277377955e+01
3.149149149149148563e+00 1.279362749600276494e+01
3.175175175175174669e+00 1.279164164066013321e+01
3.201201201201200774e+00 1.278965576676965377e+01
3.227227227227226880e+00 1.278766987435523816e+01
3.253253253253252986e+00 1.278568396344095071e+01
3.279279279279278647e+00 1.278369803405099958e+01
3.305305305305304753e+00 1.278171208620974575e+01
3.331331331331330858e+00 1.277972611994169938e+01
3.357357357357356964e+00 1.277774013527152519e+01
3.383383383383383070e+00 1.277575413222403355e+01
3.409409409409409175e+00 1.277376811082419295e+01
3.435435435435434837e+00 1.277178207109712460e+01
3.461461461461460942e+00 1.276979601306810075e+01
3.487487487487487048e+00 1.276780993676255349e+01
3.513513513513513153e+00 1.276582384220606770e+01
3.539539539539539259e+00 1.276383772942438632e+01
3.565565565565564921e+00 1.276185159844341221e+01
3.591591591591591026e+00 1.275986544928920452e+01
3.617617617617617132e+00 1.275787928198798227e+01
3.643643643643643237e+00 1.275589309656612613e+01
3.669669669669669343e+00 1.275390689305017489e+01
3.695695695695695449e+00 1.275192067146683605e+01
3.721721721721721110e+00 1.274993443184297348e+01
3.747747747747747216e+00 1.274794817420561976e+01
3.773773773773773321e+00 1.274596189858196915e+01
3.799799799799799427e+00 1.274397560499938464e+01
3.825825825825825532e+00 1.274198929348539089e+01
3.851851851851851194e+00 1.274000296406768840e+01
3.877877877877877300e+00 1.273801661677414110e+01
3.903903903903903405e+00 1.273603025163278168e+01
3.929929929929929511e+00 1.273404386867181692e+01
3.955955955955955616e+00 1.273205746791962234e+01
3.981981981981981278e+00 1.273007104940474754e+01
4.008008008008007828e+00 1.272808461315591444e+01
4.034034034034033489e+00 1.272609815920202081e+01
4.060060060060059151e+00 1.272411064221870092e+01
4.086086086086085700e+00 1.272211332171346143e+01
4.112112112112111362e+00 1.272011541351766262e+01
4.138138138138137911e+00 1.271811691763064189e+01
4.164164164164163573e+00 1.271611783405156082e+01
4.190190190190189234e+00 1.271411816277941753e+01
4.216216216216215784e+00 1.271211790381303430e+01
4.242242242242241446e+00 1.271011705715106643e+01
4.268268268268267995e+00 1.270811562279199336e+01
4.294294294294293657e+00 1.270611360073412932e+01
4.320320320320320207e+00 1.270411099097560914e+01
4.346346346346345868e+00 1.270210779351439356e+01
4.372372372372371530e+00 1.270010400834827458e+01
4.398398398398398079e+00 1.269809963547486120e+01
4.424424424424423741e+00 1.269609467489159371e+01
4.450450450450450290e+00 1.269408912659573296e+01
4.476476476476475952e+00 1.269208299058435863e+01
4.502502502502501613e+00 1.269007626685437629e+01
4.528528528528528163e+00 1.268806895540251212e+01
4.554554554554553825e+00 1.268606105622531111e+01
4.580580580580580374e+00 1.268405256931914060e+01
4.606606606606606036e+00 1.268204349468018144e+01
4.632632632632631697e+00 1.268003383230443504e+01
4.658658658658658247e+00 1.267802358218772341e+01
4.684684684684683909e+00 1.267601274432568026e+01
4.710710710710710458e+00 1.267400131871375457e+01
4.736736736736736120e+00 1.267198930534721413e+01
4.762762762762761781e+00 1.266997670422113487e+01
4.788788788788788331e+00 1.266796351533041332e+01
4.814814814814813992e+00 1.266594973866975238e+01
4.840840840840840542e+00 1.266393537423366844e+01
4.866866866866866204e+00 1.266192042201648782e+01
4.892892892892891865e+00 1.265990488201234854e+01
4.918918918918918415e+00 1.265788875421519499e+01
4.944944944944944076e+00 1.265587203861878152e+01
4.970970970970970626e+00 1.265385473521666881e+01
4.996996996996996288e+00 1.265183684400222397e+01
5.023023023023022837e+00 1.264981668134364767e+01
5.049049049049048499e+00 1.264779129145138903e+01
5.075075075075074160e+00 1.264576498385495462e+01
5.101101101101100710e+00 1.264373775851942483e+01
5.127127127127126371e+00 1.264170961540945903e+01
5.153153153153152921e+00 1.263968055448929029e+01
5.179179179179178583e+00 1.263765057572271644e+01
5.205205205205204244e+00 1.263561967907310901e+01
5.231231231231230794e+00 1.263358786450340432e+01
5.257257257257256455e+00 1.263155513197610524e+01
5.283283283283283005e+00 1.262952148145327058e+01
5.309309309309308667e+00 1.262748691289652392e+01
5.335335335335334328e+00 1.262545142626704653e+01
5.361361361361360878e+00 1.262341502152557027e+01
5.387387387387386539e+00 1.262137769863238645e+01
5.413413413413413089e+00 1.261933945754732989e+01
5.439439439439438750e+00 1.261730029822979127e+01
5.465465465465464412e+00 1.261526022063870300e+01
5.491491491491490962e+00 1.261321922473253920e+01
5.517517517517516623e+00 1.261117731046932278e+01
5.543543543543543173e+00 1.260913447780660768e+01
5.569569569569568834e+00 1.260709072670149133e+01
5.595595595595594496e+00 1.260504605711059867e+01
5.621621621621621046e+00 1.260300046899009097e+01
5.647647647647646707e+00 1.260095396229566056e+01
5.673673673673673257e+00 1.259890653698252194e+01
5.699699699699698918e+00 1.259685819300541709e+01
5.725725725725724580e+00 1.259480893031861193e+01
5.751751751751751129e+00 1.259275874887588564e+01
5.777777777777776791e+00 1.259070764863053959e+01
5.803803803803803341e+00 1.258865562953539019e+01
5.829829829829829002e+00 1.258660269154276179e+01
5.855855855855855552e+00 1.258454883460449381e+01
5.881881881881881213e+00 1.258249405867192472e+01
5.907907907907906875e+00 1.258043836369590274e+01
5.933933933933933424e+00 1.257838174962677869e+01
5.959959959959959086e+00 1.257632421641439713e+01
5.985985985985985636e+00 1.257426284041982179e+01
6.012012012012011297e+00 1.257219686052431840e+01
6.038038038038036959e+00 1.257012977860679115e+01
6.064064064064063508e+00 1.256806159460083450e+01
6.090090090090089170e+00 1.256599230843943360e+01
6.116116116116115720e+00 1.256392192005496966e+01
6.142142142142141381e+00 1.256185042937920215e+01
6.168168168168167043e+00 1.255977783634328304e+01
6.194194194194193592e+00 1.255770414087774078e+01
6.220220220220219254e+00 1.255562934291248034e+01
6.246246246246245803e+00 1.255355344237677961e+01
6.272272272272271465e+00 1.255147643919929124e+01
6.298298298298297127e+00 1.254939833330802834e+01
6.324324324324323676e+00 1.254731912463036814e+01
6.350350350350349338e+00 1.254523881309304834e+01
6.376376376376375887e+00 1.254315739862216361e+01
6.402402402402401549e+00 1.254107488114315494e+01
6.428428428428427210e+00 1.253899126058081670e+01
6.454454454454453760e+00 1.253690653685928424e+01
6.480480480480479422e+00 1.253482070990203745e+01
6.506506506506505971e+00 1.253273377963188651e+01
6.532532532532531633e+00 1.253064574597098435e+01
6.558558558558557294e+00 1.252855660884080180e+01
6.584584584584583844e+00 1.252646636816214532e+01
6.610610610610609505e+00 1.252437502385513390e+01
6.636636636636636055e+00 1.252228257583921156e+01
6.662662662662661717e+00 1.252018902403313128e+01
6.688688688688688266e+00 1.251809436835495681e+01
6.714714714714713928e+00 1.251599860872205738e+01
6.740740740740739589e+00 1.251390174505110586e+01
6.766766766766766139e+00 1.251180377725806814e+01
6.792792792792791801e+00 1.250970470525820488e+01
6.818818818818818350e+00 1.250760452896606978e+01
6.844844844844844012e+00 1.250550324829549709e+01
6.870870870870869673e+00 1.250340086315960342e+01
6.896896896896896223e+00 1.250129737347078240e+01
6.922922922922921884e+00 1.249919277914069760e+01
6.948948948948948434e+00 1.249708708008028424e+01
6.974974974974974096e+00 1.249498027619973683e+01
7.001001001000999757e+00 1.249287236740851448e+01
7.027027027027026307e+00 1.249076335361532486e+01
7.053053053053051968e+00 1.248865323472813316e+01
7.079079079079078518e+00 1.248654201065414249e+01
7.105105105105104180e+00 1.248442968129980279e+01
7.131131131131129841e+00 1.248231624657080197e+01
7.157157157157156391e+00 1.248020170637205339e+01
7.183183183183182052e+00 1.247808606060770487e+01
7.209209209209208602e+00 1.247596930918112434e+01
7.235235235235234263e+00 1.247385145199489642e+01
7.261261261261259925e+00 1.247173248895082409e+01
7.287287287287286475e+00 1.246961241994991454e+01
7.313313313313312136e+00 1.246749124489238092e+01
7.339339339339338686e+00 1.246536896367763525e+01
7.365365365365364347e+00 1.246324557620428308e+01
7.391391391391390897e+00 1.246112108237011995e+01
7.417417417417416559e+00 1.245899548207212426e+01
7.443443443443442220e+00 1.245686877520645730e+01
7.469469469469468770e+00 1.245474096166845079e+01
7.495495495495494431e+00 1.245261204135260868e+01
7.521521521521520981e+00 1.245048201415259648e+01
7.547547547547546642e+00 1.244835087996123946e+01
7.573573573573572304e+00 1.244621863867051736e+01
7.599599599599598854e+00 1.244408529017155729e+01
7.625625625625624515e+00 1.244195083435463189e+01
7.651651651651651065e+00 1.243981527110914698e+01
7.677677677677676726e+00 1.243767860032364503e+01
7.703703703703702388e+00 1.243554082188579279e+01
7.729729729729728938e+00 1.243340193568238305e+01
7.755755755755754599e+00 1.243126194159931863e+01
7.781781781781781149e+00 1.242912083952161595e+01
7.807807807807806810e+00 1.242697862933339792e+01
7.833833833833832472e+00 1.242482334320324533e+01
7.859859859859859021e+00 1.242266529763965899e+01
7.885885885885884683e+00 1.242050577208809337e+01
7.911911911911911233e+00 1.241834476641967733e+01
7.937937937937936894e+00 1.241618228050454675e+01
7.963963963963962556e+00 1.241401831421186053e+01
7.989989989989989105e+00 1.241185286740977034e+01
8.016016016016015655e+00 1.240968593996543667e+01
8.042042042042041317e+00 1.240751753174500394e+01
8.068068068068066978e+00 1.240534764261360756e+01
8.094094094094092640e+00 1.240317627243535625e+01
8.120120120120118301e+00 1.240100342107333375e+01
8.146146146146145739e+00 1.239882908838958997e+01
8.172172172172171400e+00 1.239665327424512853e+01
8.198198198198197062e+00 1.239447597849991034e+01
8.224224224224222723e+00 1.239229720101283760e+01
8.250250250250248385e+00 1.239011694164175026e+01
8.276276276276275823e+00 1.238793520024341888e+01
8.302302302302301484e+00 1.238575197667353933e+01
8.328328328328327146e+00 1.238356727078672215e+01
8.354354354354352807e+00 1.238138108243648716e+01
8.380380380380378469e+00 1.237919341147525820e+01
8.406406406406405907e+00 1.237700425775435242e+01
8.432432432432431568e+00 1.237481362112397498e+01
8.458458458458457230e+00 1.237262150143320838e+01
8.484484484484482891e+00 1.237042789853000890e+01
8.510510510510510329e+00 1.236823281226120130e+01
8.536536536536535991e+00 1.236603624247246103e+01
8.562562562562561652e+00 1.236383818900831955e+01
8.588588588588587314e+00 1.236163865171214482e+01
8.614614614614612975e+00 1.235943763042613952e+01
8.640640640640640413e+00 1.235723512499133570e+01
8.666666666666666075e+00 1.235503113524758234e+01
8.692692692692691736e+00 1.235282566103353474e+01
8.718718718718717398e+00 1.235061870218665447e+01
8.744744744744743059e+00 1.234841025854319341e+01
8.770770770770770497e+00 1.234620032993819372e+01
8.796796796796796158e+00 1.234398891620546834e+01
8.822822822822821820e+00 1.234177601717760453e+01
8.848848848848847481e+00 1.233956163268594608e+01
8.874874874874873143e+00 1.233734576256059334e+01
8.900900900900900581e+00 1.233512840663038368e+01
8.926926926926926242e+00 1.233290956472289324e+01
8.952952952952951904e+00 1.233068923666442274e+01
8.978978978978977565e+00 1.232846742227999037e+01
9.005005005005003227e+00 1.232624412139332115e+01
9.031031031031030665e+00 1.232401933382684156e+01
9.057057057057056326e+00 1.232179305940166358e+01
9.083083083083081988e+00 1.231956529793758470e+01
9.109109109109107649e+00 1.231733604925307191e+01
9.135135135135133311e+00 1.231510531316525459e+01
9.161161161161160749e+00 1.231287308948991566e+01
9.187187187187186410e+00 1.231063937804148090e+01
9.213213213213212072e+00 1.230840417863301006e+01
9.239239239239237733e+00 1.230616749107618624e+01
9.265265265265263395e+00 1.230392931518130872e+01
9.291291291291290833e+00 1.230168965075728060e+01
9.317317317317316494e+00 1.229944849761159986e+01
9.343343343343342156e+00 1.229720585555034695e+01
9.369369369369367817e+00 1.229496172437818480e+01
9.395395395395393479e+00 1.229271610389833036e+01
9.421421421421420916e+00 1.229046899391255998e+01
9.447447447447446578e+00 1.228822039422119872e+01
9.473473473473472239e+00 1.228597030462309547e+01
9.499499499499497901e+00 1.228371872491562655e+01
9.525525525525523562e+00 1.228146565489468500e+01
9.551551551551551000e+00 1.227921109435465929e+01
9.577577577577576662e+00 1.227695504308842978e+01
9.603603603603602323e+00 1.227469750088735800e+01
9.629629629629627985e+00 1.227243846754127254e+01
9.655655655655653646e+00 1.227017450161458711e+01
9.681681681681681084e+00 1.226790245244104050e+01
9.707707707707706746e+00 1.226562849188547055e+01
9.733733733733732407e+00 1.226335261389049158e+01
9.759759759759758069e+00 1.226107481239697350e+01
9.785785785785783730e+00 1.225879508134402052e+01
9.811811811811811168e+00 1.225651341466896405e+01
9.837837837837836830e+00 1.225422980630735204e+01
9.863863863863862491e+00 1.225194425019292410e+01
9.889889889889888153e+00 1.224965674025760975e+01
9.915915915915913814e+00 1.224736727043150886e+01
9.941941941941941252e+00 1.224507583464287741e+01
9.967967967967966914e+00 1.224278242681811690e+01
9.993993993993992575e+00 1.224048704088176009e+01
1.002002002002001824e+01 1.223818967075645148e+01
1.004604604604604567e+01 1.223589031036294017e+01
1.007207207207207134e+01 1.223358895362005860e+01
1.009809809809809700e+01 1.223128559444471186e+01
1.012412412412412266e+01 1.222898022675186702e+01
1.015015015015014832e+01 1.222667284445452651e+01
1.017617617617617576e+01 1.222436344146372278e+01
1.020220220220220142e+01 1.222205201168850586e+01
1.022822822822822708e+01 1.221973854903591139e+01
1.025425425425425274e+01 1.221742304741096774e+01
1.028028028028027840e+01 1.221510550071666046e+01
1.030630630630630584e+01 1.221278590285392873e+01
1.033233233233233150e+01 1.221046424772164585e+01
1.035835835835835717e+01 1.220814052921660320e+01
1.038438438438438283e+01 1.220581474123349253e+01
1.041041041041040849e+01 1.220348687766488993e+01
1.043643643643643593e+01 1.220115693240124344e+01
1.046246246246246159e+01 1.219882489933084813e+01
1.048848848848848725e+01 1.219649077233984080e+01
1.051451451451451291e+01 1.219415454531216980e+01
1.054054054054053857e+01 1.219181621212958788e+01
1.056656656656656601e+01 1.218947576667162913e+01
1.059259259259259167e+01 1.218713320281559653e+01
1.061861861861861733e+01 1.218478851443653710e+01
1.064464464464464299e+01 1.218244169540723298e+01
1.067067067067066866e+01 1.218009273959817307e+01
1.069669669669669609e+01 1.217774164087754407e+01
1.072272272272272176e+01 1.217538839311120746e+01
1.074874874874874742e+01 1.217303299016267992e+01
1.077477477477477308e+01 1.217067542589311735e+01
1.080080080080079874e+01 1.216831569416129355e+01
1.082682682682682618e+01 1.216595378882358602e+01
1.085285285285285184e+01 1.216358970373394577e+01
1.087887887887887750e+01 1.216122343274389195e+01
1.090490490490490316e+01 1.215885496970248170e+01
1.093093093093092882e+01 1.215648430845629058e+01
1.095695695695695626e+01 1.215411144284940193e+01
1.098298298298298192e+01 1.215173636672337132e+01
1.100900900900900758e+01 1.214935907391722303e+01
1.103503503503503325e+01 1.214697955826741449e+01
1.106106106106105891e+01 1.214459781360782387e+01
1.108708708708708635e+01 1.214221383376972518e+01
1.111311311311311201e+01 1.213982761258177057e+01
1.113913913913913767e+01 1.213743914386996536e+01
1.116516516516516333e+01 1.213504842145764684e+01
1.119119119119118899e+01 1.213265543916545930e+01
1.121721721721721643e+01 1.213026019081134166e+01
1.124324324324324209e+01 1.212786267021049369e+01
1.126926926926926775e+01 1.212546287117535826e+01
1.129529529529529341e+01 1.212306078751559824e+01
1.132132132132131908e+01 1.212065641303807340e+01
1.134734734734734651e+01 1.211824974154681556e+01
1.137337337337337217e+01 1.211584076684300548e+01
1.139939939939939784e+01 1.211342948272495335e+01
1.142542542542542350e+01 1.211101588298806497e+01
1.145145145145144916e+01 1.210859996142482409e+01
1.147747747747747660e+01 1.210618171182476921e+01
1.150350350350350226e+01 1.210375853197212415e+01
1.152952952952952792e+01 1.210133215310697707e+01
1.155555555555555358e+01 1.209890317336261489e+01
1.158158158158157924e+01 1.209647158024012370e+01
1.160760760760760668e+01 1.209403736123756978e+01
1.163363363363363234e+01 1.209160050384996232e+01
1.165965965965965800e+01 1.208916099556923385e+01
1.168568568568568367e+01 1.208671882388421537e+01
1.171171171171171110e+01 1.208427397628060085e+01
1.173773773773773677e+01 1.208182644024092944e+01
1.176376376376376243e+01 1.207937620324455530e+01
1.178978978978978809e+01 1.207692325276761736e+01
1.181581581581581375e+01 1.207446757628301448e+01
1.184184184184184119e+01 1.207200916126037704e+01
1.186786786786786685e+01 1.206954799516603671e+01
1.189389389389389251e+01 1.206708406546299983e+01
1.191991991991991817e+01 1.206461735961091897e+01
1.194594594594594383e+01 1.206214786506605741e+01
1.197197197197197127e+01 1.205967556928126783e+01
1.199799799799799693e+01 1.205720045970596033e+01
1.202402402402402259e+01 1.205472252378606512e+01
1.205005005005004826e+01 1.205224174896401124e+01
1.207607607607607392e+01 1.204975812267869095e+01
1.210210210210210136e+01 1.204727163236542964e+01
1.212812812812812702e+01 1.204478226545595021e+01
1.215415415415415268e+01 1.204229000937834826e+01
1.218018018018017834e+01 1.203979485155705476e+01
1.220620620620620400e+01 1.203729677941280585e+01
1.223223223223223144e+01 1.203479578036260556e+01
1.225825825825825710e+01 1.203229184181969913e+01
1.228428428428428276e+01 1.202978495119353397e+01
1.231031031031030842e+01 1.202727509588972765e+01
1.233633633633633409e+01 1.202476226331003062e+01
1.236236236236236152e+01 1.202224644085229777e+01
1.238838838838838718e+01 1.201972761591044581e+01
1.241441441441441285e+01 1.201720577587442307e+01
1.244044044044043851e+01 1.201468090813016865e+01
1.246646646646646417e+01 1.201215300005958042e+01
1.249249249249249161e+01 1.200962213661682298e+01
1.251851851851851727e+01 1.200708900375313704e+01
1.254454454454454293e+01 1.200455286068676486e+01
1.257057057057056859e+01 1.200201369648935845e+01
1.259659659659659425e+01 1.199947150022823195e+01
1.262262262262262169e+01 1.199692626096631543e+01
1.264864864864864735e+01 1.199437796776212117e+01
1.267467467467467301e+01 1.199182660966969749e+01
1.270070070070069868e+01 1.198927217573858961e+01
1.272672672672672434e+01 1.198671465501379529e+01
1.275275275275275177e+01 1.198415403653572575e+01
1.277877877877877744e+01 1.198159030934015945e+01
1.280480480480480310e+01 1.197902346245820127e+01
1.283083083083082876e+01 1.197645348491623807e+01
1.285685685685685442e+01 1.197388036573589254e+01
1.288288288288288186e+01 1.197130409393397876e+01
1.290890890890890752e+01 1.196872465852245782e+01
1.293493493493493318e+01 1.196614204850839158e+01
1.296096096096095884e+01 1.196355625289389657e+01
1.298698698698698450e+01 1.196096726067609239e+01
1.301301301301301194e+01 1.195837506084706270e+01
1.303903903903903760e+01 1.195577964239380009e+01
1.306506506506506327e+01 1.195318099429815817e+01
1.309109109109108893e+01 1.195057910553680536e+01
1.311711711711711459e+01 1.194797396508117338e+01
1.314314314314314203e+01 1.194536556189740217e+01
1.316916916916916769e+01 1.194275388494629908e+01
1.319519519519519335e+01 1.194013892318327663e+01
1.322122122122121901e+01 1.193752066555830815e+01
1.324724724724724645e+01 1.193489910101587093e+01
1.327327327327327211e+01 1.193227421849489112e+01
1.329929929929929777e+01 1.192964600692869404e+01
1.332532532532532343e+01 1.192701445524494730e+01
1.335135135135134909e+01 1.192437955236560221e+01
1.337737737737737653e+01 1.192174128720684401e+01
1.340340340340340219e+01 1.191909964867903149e+01
1.342942942942942786e+01 1.191645462568663660e+01
1.345545545545545352e+01 1.191380620712819294e+01
1.348148148148147918e+01 1.191115438189622999e+01
1.350750750750750662e+01 1.190849838797777238e+01
1.353353353353353228e+01 1.190583784853397908e+01
1.355955955955955794e+01 1.190317372905594873e+01
1.358558558558558360e+01 1.190050601491899407e+01
1.361161161161160926e+01 1.189783469149199746e+01
1.363763763763763670e+01 1.189515974413734511e+01
1.366366366366366236e+01 1.189248115821085428e+01
1.368968968968968802e+01 1.188979891906171460e+01
1.371571571571571369e+01 1.188711301203241355e+01
1.374174174174173935e+01 1.188442342245867778e+01
1.376776776776776678e+01 1.188173013566939318e+01
1.379379379379379245e+01 1.187903313698654628e+01
1.381981981981981811e+01 1.187633241172514431e+01
1.384584584584584377e+01 1.187362794519314946e+01
1.387187187187186943e+01 1.187091972269140605e+01
1.389789789789789687e+01 1.186820772951356062e+01
1.392392392392392253e+01 1.186549195094599973e+01
1.394994994994994819e+01 1.186277237226776471e+01
1.397597597597597385e+01 1.186004897875047881e+01
1.400200200200199951e+01 1.185732175565827440e+01
1.402802802802802695e+01 1.185459068824770412e+01
1.405405405405405261e+01 1.185185576176767697e+01
1.408008008008007828e+01 1.184911696145936411e+01
1.410610610610610394e+01 1.184637427255612607e+01
1.413213213213212960e+01 1.184362768028343105e+01
1.415815815815815704e+01 1.184087716985876781e+01
1.418418418418418270e+01 1.183812272649156050e+01
1.421021021021020836e+01 1.183536433538309218e+01
1.423623623623623402e+01 1.183260198172640898e+01
1.426226226226225968e+01 1.182983565070623477e+01
1.428828828828828712e+01 1.182706532749888950e+01
1.431431431431431278e+01 1.182429099727219146e+01
1.434034034034033844e+01 1.182151264518536671e+01
1.436636636636636410e+01 1.181873025638896380e+01
1.439239239239238977e+01 1.181594381602475607e+01
1.441841841841841720e+01 1.181315330922564399e+01
1.444444444444444287e+01 1.181035872111556984e+01
1.447047047047046853e+01 1.180756003680940580e+01
1.449649649649649419e+01 1.180475724141287053e+01
1.452252252252251985e+01 1.180194908902708306e+01
1.454854854854854729e+01 1.179913620920646267e+01
1.457457457457457295e+01 1.179631900521527221e+01
1.460060060060059861e+01 1.179349745688940132e+01
1.462662662662662427e+01 1.179067154405489681e+01
1.465265265265264993e+01 1.178784124652785792e+01
1.467867867867867737e+01 1.178500654411432258e+01
1.470470470470470303e+01 1.178216741661015909e+01
1.473073073073072869e+01 1.177932384380095598e+01
1.475675675675675436e+01 1.177647580546189587e+01
1.478278278278278179e+01 1.177362328135765779e+01
1.480880880880880746e+01 1.177076625124228393e+01
1.483483483483483312e+01 1.176790469485906598e+01
1.486086086086085878e+01 1.176503859194042789e+01
1.488688688688688444e+01 1.176216792220779972e+01
1.491291291291291188e+01 1.175929266537149509e+01
1.493893893893893754e+01 1.175641280113058684e+01
1.496496496496496320e+01 1.175352830917277558e+01
1.499099099099098886e+01 1.175063916917426177e+01
1.501701701701701452e+01 1.174774536079962139e+01
1.504304304304304196e+01 1.174484686370166209e+01
1.506906906906906762e+01 1.174194365752130231e+01
1.509509509509509328e+01 1.173903572188742039e+01
1.512112112112111895e+01 1.173612303641672483e+01
1.514714714714714461e+01 1.173320558071361575e+01
1.517317317317317205e+01 1.173028333437003567e+01
1.519919919919919771e+01 1.172735627696532923e+01
1.522522522522522337e+01 1.172442438806610099e+01
1.525125125125124903e+01 1.172148764722605918e+01
1.527727727727727469e+01 1.171854603398587003e+01
1.530330330330330213e+01 1.171559924620919269e+01
1.532932932932932779e+01 1.171264675032727354e+01
1.535535535535535345e+01 1.170968921806229979e+01
1.538138138138137911e+01 1.170672662566827427e+01
1.540740740740740478e+01 1.170375894938522876e+01
1.543343343343343221e+01 1.170078616543905881e+01
1.545945945945945788e+01 1.169780825004135671e+01
1.548548548548548354e+01 1.169482517938924282e+01
1.551151151151150920e+01 1.169183692966518961e+01
1.553753753753753486e+01 1.168884347703684945e+01
1.556356356356356230e+01 1.168584479765687156e+01
1.558958958958958796e+01 1.168284086766272800e+01
1.561561561561561362e+01 1.167983166317653065e+01
1.564164164164163928e+01 1.167681716030483585e+01
1.566766766766766494e+01 1.167379733513846674e+01
1.569369369369369238e+01 1.167077216375231785e+01
1.571971971971971804e+01 1.166774162220515976e+01
1.574574574574574370e+01 1.166470568653944540e+01
1.577177177177176937e+01 1.166166433278110581e+01
1.579779779779779503e+01 1.165861753693935121e+01
1.582382382382382247e+01 1.165556527500646311e+01
1.584984984984984813e+01 1.165250752295758829e+01
1.587587587587587379e+01 1.164944425675052209e+01
1.590190190190189945e+01 1.164637545232549520e+01
1.592792792792792511e+01 1.164330108560495702e+01
1.595395395395395255e+01 1.164022113249335355e+01
1.597997997997997821e+01 1.163713556887689826e+01
1.600600600600600387e+01 1.163404437062335006e+01
1.603203203203203131e+01 1.163094751358177348e+01
1.605805805805805520e+01 1.162784497358231306e+01
1.608408408408408263e+01 1.162473672643594469e+01
1.611011011011010652e+01 1.162162123350758591e+01
1.613613613613613396e+01 1.161849949302702356e+01
1.616216216216216139e+01 1.161537178783488855e+01
1.618818818818818528e+01 1.161223808793081069e+01
1.621421421421421272e+01 1.160909836329371103e+01
1.624024024024023660e+01 1.160595258388154605e+01
1.626626626626626404e+01 1.160280071963102699e+01
1.629229229229229148e+01 1.159964274045734633e+01
1.631831831831831536e+01 1.159647861625390775e+01
1.634434434434434280e+01 1.159330831689203123e+01
1.637037037037036669e+01 1.159013181222067068e+01
1.639639639639639412e+01 1.158694907206612257e+01
1.642242242242242156e+01 1.158376006623172749e+01
1.644844844844844545e+01 1.158056476449756467e+01
1.647447447447447288e+01 1.157736313662014993e+01
1.650050050050049677e+01 1.157415515233212133e+01
1.652652652652652421e+01 1.157094078134192472e+01
1.655255255255255165e+01 1.156771999333349399e+01
1.657857857857857553e+01 1.156449275796591358e+01
1.660460460460460297e+01 1.156125904487310230e+01
1.663063063063062685e+01 1.155801882366345978e+01
1.665665665665665429e+01 1.155477206391953615e+01
1.668268268268268173e+01 1.155151873519767669e+01
1.670870870870870561e+01 1.154825880702766661e+01
1.673473473473473305e+01 1.154499224891237574e+01
1.676076076076075694e+01 1.154171903032739088e+01
1.678678678678678438e+01 1.153843912072063915e+01
1.681281281281281181e+01 1.153515248951201499e+01
1.683883883883883570e+01 1.153185910609299469e+01
1.686486486486486314e+01 1.152855893982624025e+01
1.689089089089088702e+01 1.152525111082295517e+01
1.691691691691691446e+01 1.152193476947645756e+01
1.694294294294294190e+01 1.151861125892313886e+01
1.696896896896896578e+01 1.151528053308424582e+01
1.699499499499499322e+01 1.151194254552730811e+01
1.702102102102102066e+01 1.150859724946568363e+01
1.704704704704704454e+01 1.150524459775808594e+01
1.707307307307307198e+01 1.150188454290810292e+01
1.709909909909909587e+01 1.149851703706370465e+01
1.712512512512512330e+01 1.149514203201675322e+01
1.715115115115115074e+01 1.149175947920249463e+01
1.717717717717717463e+01 1.148836932969904367e+01
1.720320320320320207e+01 1.148497153422686345e+01
1.722922922922922595e+01 1.148156604314823070e+01
1.725525525525525339e+01 1.147815280646669400e+01
1.728128128128128083e+01 1.147473177382652842e+01
1.730730730730730471e+01 1.147130289451216534e+01
1.733333333333333215e+01 1.146786611744762929e+01
1.735935935935935603e+01 1.146442139119595538e+01
1.738538538538538347e+01 1.146096866395859237e+01
1.741141141141141091e+01 1.145750788357480943e+01
1.743743743743743480e+01 1.145403899752107790e+01
1.746346346346346223e+01 1.145056195291045142e+01
1.748948948948948612e+01 1.144707669649192283e+01
1.751551551551551356e+01 1.144358317464978647e+01
1.754154154154154099e+01 1.144008133340297917e+01
1.756756756756756488e+01 1.143657111840440344e+01
1.759359359359359232e+01 1.143305247494024890e+01
1.761961961961961620e+01 1.142952534792930130e+01
1.764564564564564364e+01 1.142598968192222486e+01
1.767167167167167108e+01 1.142244542110084993e+01
1.769769769769769496e+01 1.141889158785169478e+01
1.772372372372372240e+01 1.141532887849831290e+01
1.774974974974974629e+01 1.141175732214828820e+01
1.777577577577577372e+01 1.140817685868098152e+01
1.780180180180180116e+01 1.140458742756363897e+01
1.782782782782782505e+01 1.140098896785055338e+01
1.785385385385385248e+01 1.139738141818224548e+01
1.787987987987987637e+01 1.139376471678459168e+01
1.790590590590590381e+01 1.139013880146796787e+01
1.793193193193193125e+01 1.138650360962635411e+01
1.795795795795795513e+01 1.138285907823643939e+01
1.798398398398398257e+01 1.137920514385669080e+01
1.801001001001000645e+01 1.137554174262642093e+01
1.803603603603603389e+01 1.137186881026483043e+01
1.806206206206206133e+01 1.136818628207002746e+01
1.808808808808808521e+01 1.136449409291803647e+01
1.811411411411411265e+01 1.136079217726178392e+01
1.814014014014013654e+01 1.135708046913005731e+01
1.816616616616616398e+01 1.135335890212645893e+01
1.819219219219219141e+01 1.134962740942832404e+01
1.821821821821821530e+01 1.134588592378562488e+01
1.824424424424424274e+01 1.134213437751984621e+01
1.827027027027026662e+01 1.133837270252285201e+01
1.829629629629629406e+01 1.133460083025571485e+01
1.832232232232232150e+01 1.133081869174752576e+01
1.834834834834834538e+01 1.132702621759418449e+01
1.837437437437437282e+01 1.132322333795716141e+01
1.840040040040039671e+01 1.131940998256223274e+01
1.842642642642642414e+01 1.131558608069819272e+01
1.845245245245245158e+01 1.131175156121553904e+01
1.847847847847847547e+01 1.130790635252512999e+01
1.850450450450450290e+01 1.130405038259681305e+01
1.853053053053052679e+01 1.130018357895802339e+01
1.855655655655655423e+01 1.129630586869236453e+01
1.858258258258258167e+01 1.129241717843813575e+01
1.860860860860860555e+01 1.128851743438685951e+01
1.863463463463463299e+01 1.128460656228174841e+01
1.866066066066065687e+01 1.128068448741615448e+01
1.868668668668668431e+01 1.127675113463199175e+01
1.871271271271271175e+01 1.127280642831810376e+01
1.873873873873873563e+01 1.126885029240862046e+01
1.876476476476476307e+01 1.126488265038126180e+01
1.879079079079078696e+01 1.126090342525561105e+01
1.881681681681681439e+01 1.125691253959135274e+01
1.884284284284284183e+01 1.125290991548646602e+01
1.886886886886886572e+01 1.124889547457539329e+01
1.889489489489489316e+01 1.124486566825496325e+01
1.892092092092091704e+01 1.124081870990289822e+01
1.894694694694694448e+01 1.123675902926142278e+01
1.897297297297297192e+01 1.123268652306420456e+01
1.899899899899899580e+01 1.122860108724750816e+01
1.902502502502502324e+01 1.122450261694796758e+01
1.905105105105104712e+01 1.122039100650032317e+01
1.907707707707707456e+01 1.121626614943508748e+01
1.910310310310310200e+01 1.121212793847617917e+01
1.912912912912912589e+01 1.120797626553848758e+01
1.915515515515515332e+01 1.120381102172538768e+01
1.918118118118117721e+01 1.119963209732619447e+01
1.920720720720720465e+01 1.119543938181355713e+01
1.923323323323323208e+01 1.119123276384079624e+01
1.925925925925925597e+01 1.118701213123917704e+01
1.928528528528528341e+01 1.118277737101511349e+01
1.931131131131130729e+01 1.117852836934731720e+01
1.933733733733733473e+01 1.117426501158385932e+01
1.936336336336336217e+01 1.116998718223918630e+01
1.938938938938938605e+01 1.116569476499104674e+01
1.941541541541541349e+01 1.116138764267734906e+01
1.944144144144143738e+01 1.115706569729293740e+01
1.946746746746746481e+01 1.115272880998630711e+01
1.949349349349349225e+01 1.114837686105622083e+01
1.951951951951951614e+01 1.114400972994824279e+01
1.954554554554554358e+01 1.113962729525120388e+01
1.957157157157156746e+01 1.113522943469356186e+01
1.959759759759759490e+01 1.113081602513967638e+01
1.962362362362362234e+01 1.112638694258599870e+01
1.964964964964964622e+01 1.112194206215714942e+01
1.967567567567567366e+01 1.111748125810191823e+01
1.970170170170169754e+01 1.111300440378914089e+01
1.972772772772772498e+01 1.110851137170348757e+01
1.975375375375375242e+01 1.110400203344113379e+01
1.977977977977977631e+01 1.109947625970533025e+01
1.980580580580580374e+01 1.109493392030183756e+01
1.983183183183182763e+01 1.109037488413427397e+01
1.985785785785785507e+01 1.108579901919931388e+01
1.988388388388388250e+01 1.108120619258177086e+01
1.990990990990990639e+01 1.107659627044955997e+01
1.993593593593593383e+01 1.107196911804851247e+01
1.996196196196195771e+01 1.106732459969705751e+01
1.998798798798798515e+01 1.106266257878076864e+01
2.001401401401401259e+01 1.105798291774676123e+01
2.004004004004003647e+01 1.105328547809792283e+01
2.006606606606606391e+01 1.104857012038701924e+01
2.009209209209209135e+01 1.104383670421061048e+01
2.011811811811811523e+01 1.103906546021313950e+01
2.014414414414414267e+01 1.103427300353491347e+01
2.017017017017016656e+01 1.102946035990178508e+01
2.019619619619619399e+01 1.102462732685394897e+01
2.022222222222222143e+01 1.101977370012391333e+01
2.024824824824824532e+01 1.101489927362869281e+01
2.027427427427427276e+01 1.101000383946180072e+01
2.030030030030029664e+01 1.100508718788501206e+01
2.032632632632632408e+01 1.100014910731986006e+01
2.035235235235235152e+01 1.099518938433891790e+01
2.037837837837837540e+01 1.099020780365680494e+01
2.040440440440440284e+01 1.098520414812093016e+01
2.043043043043042672e+01 1.098017819870196554e+01
2.045645645645645416e+01 1.097512973448403883e+01
2.048248248248248160e+01 1.097005853265461717e+01
2.050850850850850549e+01 1.096496436849409761e+01
2.053453453453453292e+01 1.095984701536508688e+01
2.056056056056055681e+01 1.095470624470133991e+01
2.058658658658658425e+01 1.094954182599636816e+01
2.061261261261261168e+01 1.094435352679169071e+01
2.063863863863863557e+01 1.093914111266473910e+01
2.066466466466466301e+01 1.093390434721634819e+01
2.069069069069068689e+01 1.092864299205789891e+01
2.071671671671671433e+01 1.092335680679802223e+01
2.074274274274274177e+01 1.091804554902889102e+01
2.076876876876876565e+01 1.091270897431208020e+01
2.079479479479479309e+01 1.090734683616396694e+01
2.082082082082081698e+01 1.090195888604065644e+01
2.084684684684684441e+01 1.089654487332242816e+01
2.087287287287287185e+01 1.089110454529765448e+01
2.089889889889889574e+01 1.088563764714621662e+01
2.092492492492492318e+01 1.088014392192234325e+01
2.095095095095094706e+01 1.087462311053690200e+01
2.097697697697697450e+01 1.086907495173907456e+01
2.100300300300300194e+01 1.086349918209743848e+01
2.102902902902902582e+01 1.085789553598038104e+01
2.105505505505505326e+01 1.085226374553586304e+01
2.108108108108107714e+01 1.084660354067048083e+01
2.110710710710710458e+01 1.084091464902780011e+01
2.113313313313313202e+01 1.083519679596593832e+01
2.115915915915915591e+01 1.082944970453436540e+01
2.118518518518518334e+01 1.082367309544986966e+01
2.121121121121120723e+01 1.081786668707170307e+01
2.123723723723723467e+01 1.081203019537579202e+01
2.126326326326326210e+01 1.080616333392806006e+01
2.128928928928928599e+01 1.080026581385676465e+01
2.131531531531531343e+01 1.079430983404142097e+01
2.134134134134133731e+01 1.078828603480469006e+01
2.136736736736736475e+01 1.078222574902259900e+01
2.139339339339339219e+01 1.077612850672116274e+01
2.141941941941941607e+01 1.076999383288478462e+01
2.144544544544544351e+01 1.076382124741797597e+01
2.147147147147146740e+01 1.075761026510556206e+01
2.149749749749749483e+01 1.075136039557132150e+01
2.152352352352352227e+01 1.074507114323500367e+01
2.154954954954954616e+01 1.073874200726761607e+01
2.157557557557557359e+01 1.073237248154492107e+01
2.160160160160159748e+01 1.072596205459904972e+01
2.162762762762762492e+01 1.071951020956812783e+01
2.165365365365365236e+01 1.071301642414384858e+01
2.167967967967967624e+01 1.070648017051684953e+01
2.170570570570570368e+01 1.069990091531982301e+01
2.173173173173172756e+01 1.069327811956821250e+01
2.175775775775775500e+01 1.068661123859840423e+01
2.178378378378378244e+01 1.067989972200327031e+01
2.180980980980980632e+01 1.067314301356490347e+01
2.183583583583583376e+01 1.066634055118446156e+01
2.186186186186185765e+01 1.065949176680889998e+01
2.188788788788788509e+01 1.065259608635446575e+01
2.191391391391391252e+01 1.064565292962679166e+01
2.193993993993993641e+01 1.063866171023737017e+01
2.196596596596596385e+01 1.063162183551623308e+01
2.199199199199198773e+01 1.062453270642064673e+01
2.201801801801801517e+01 1.061739371743955829e+01
2.204404404404404261e+01 1.061020425649360455e+01
2.207007007007006649e+01 1.060296370483040640e+01
2.209609609609609393e+01 1.059567143691487701e+01
2.212212212212211782e+01 1.058832682031428618e+01
2.214814814814814525e+01 1.058092921557775945e+01
2.217417417417417269e+01 1.057347797610986895e+01
2.220020020020019658e+01 1.056597244803803015e+01
2.222622622622622401e+01 1.055841197007325327e+01
2.225225225225224790e+01 1.055079587336392422e+01
2.227827827827827534e+01 1.054312348134215327e+01
2.230430430430430278e+01 1.053539410956224387e+01
2.233033033033032666e+01 1.052760706553079295e+01
2.235635635635635410e+01 1.051976164852793261e+01
2.238238238238237798e+01 1.051185714941908778e+01
2.240840840840840542e+01 1.050389285045670995e+01
2.243443443443443286e+01 1.049586802507132077e+01
2.246046046046045674e+01 1.048778193765115141e+01
2.248648648648648418e+01 1.047963384330965120e+01
2.251251251251250807e+01 1.047142298764005197e+01
2.253853853853853551e+01 1.046305948870022995e+01
2.256456456456456294e+01 1.045450022370930299e+01
2.259059059059058683e+01 1.044586605097095244e+01
2.261661661661661427e+01 1.043720910988406558e+01
2.264264264264263815e+01 1.042853951013567304e+01
2.266866866866866559e+01 1.041969254748153162e+01
2.269469469469469303e+01 1.041076899062930927e+01
2.272072072072071691e+01 1.040175389601043854e+01
2.274674674674674435e+01 1.039264810018589102e+01
2.277277277277276823e+01 1.038344992769276409e+01
2.279879879879879567e+01 1.037416009978748122e+01
2.282482482482482311e+01 1.036477602851568136e+01
2.285085085085084700e+01 1.035528019728815075e+01
2.287687687687687443e+01 1.034568093075205475e+01
2.290290290290289832e+01 1.033597647398794095e+01
2.292892892892892576e+01 1.032616505720492484e+01
2.295495495495495319e+01 1.031623993572347686e+01
2.298098098098097708e+01 1.030619788692862215e+01
2.300700700700700452e+01 1.029603799617316184e+01
2.303303303303302840e+01 1.028575754183383140e+01
2.305905905905905584e+01 1.027535332929650558e+01
2.308508508508508328e+01 1.026481922633613308e+01
2.311111111111110716e+01 1.025415384031192190e+01
2.313713713713713460e+01 1.024335393107922521e+01
2.316316316316315849e+01 1.023241623231101016e+01
2.318918918918918592e+01 1.022131771598517780e+01
2.321521521521521336e+01 1.021005828354239853e+01
2.324124124124123725e+01 1.019864477485336351e+01
2.326726726726726469e+01 1.018707342927548076e+01
2.329329329329329212e+01 1.017534044904225610e+01
2.331931931931931601e+01 1.016344199653563862e+01
2.334534534534534345e+01 1.015137419130559415e+01
2.337137137137136733e+01 1.013913310680846180e+01
2.339739739739739477e+01 1.012671476683193994e+01
2.342342342342342221e+01 1.011411514157025771e+01
2.344944944944944609e+01 1.010133014330799561e+01
2.347547547547547353e+01 1.008835562166527566e+01
2.350150150150149742e+01 1.007518735835031087e+01
2.352752752752752485e+01 1.006182106135738508e+01
2.355355355355355229e+01 1.004825235853927801e+01
2.357957957957957618e+01 1.003445860911162768e+01
2.360560560560560361e+01 1.002023265212415026e+01
2.363163163163162750e+01 1.000574627548419926e+01
nan nan
nan nan
nan nan
nan nan
nan nan
nan nan
nan nan
nan nan
nan nan
nan nan
nan nan
nan nan
nan nan
nan nan
nan nan
nan nan
nan nan
nan nan
nan nan
nan nan
nan nan
nan nan
nan nan
nan nan
nan nan
nan nan
nan nan
nan nan
nan nan
nan nan
nan nan
nan nan
nan nan
nan nan
nan nan
nan nan
nan nan
nan nan
nan nan
nan nan
nan nan
nan nan
nan nan
nan nan
nan nan
nan nan
nan nan
nan nan
nan nan
nan nan
nan nan
nan nan
nan nan
nan nan
nan nan
nan nan
nan nan
nan nan
nan nan
nan nan
nan nan
nan nan
nan nan
nan nan
nan nan
nan nan
nan nan
nan nan
nan nan
nan nan
nan nan
nan nan
nan nan
nan nan
nan nan
nan nan
nan nan
nan nan
nan nan
nan nan
nan nan
nan nan
nan nan
nan nan
nan nan
nan nan
nan nan
nan nan
nan nan
nan nan
nan nan
