0.000000000000000000e+00 1.323300494515798320e+01
2.602602602602602233e-02 1.290898002795498378e+01
5.205205205205204466e-02 1.290482651637642064e+01
7.807807807807806699e-02 1.290084036190310357e+01
1.041041041041040893e-01 1.289717198605127990e+01
1.301301301301301117e-01 1.289356142457967280e+01
1.561561561561561340e-01 1.288995077352551455e+01
1.821821821821821563e-01 1.288634003275886997e+01
2.082082082082081786e-01 1.288272920214924966e+01
2.342342342342342010e-01 1.287919760396437674e+01
2.602602602602602233e-01 1.287578556278361219e+01
2.862862862862862734e-01 1.287242759259184766e+01
3.123123123123122680e-01 1.286912369183660232e+01
3.383383383383383181e-01 1.286587385879170142e+01
3.643643643643643126e-01 1.286266306424837857e+01
3.903903903903903627e-01 1.285941599089464660e+01
4.164164164164163573e-01 1.285620718595641243e+01
4.424424424424424074e-01 1.285303664808758839e+01
4.684684684684684020e-01 1.284990437585907230e+01
4.944944944944944520e-01 1.284681036775902285e+01
5.205205205205204466e-01 1.284375462219317399e+01
5.465465465465464412e-01 1.284073713748514756e+01
5.725725725725725468e-01 1.283775791187678728e+01
5.985985985985985414e-01 1.283481694352849090e+01
6.246246246246245359e-01 1.283191423051957258e+01
6.506506506506505305e-01 1.282904977084861464e+01
6.766766766766766361e-01 1.282621367703400139e+01
7.027027027027026307e-01 1.282334103456146579e+01
7.287287287287286253e-01 1.282049389324700606e+01
7.547547547547546198e-01 1.281767225183263292e+01
7.807807807807807254e-01 1.281487610902452445e+01
8.068068068068067200e-01 1.281210546349323032e+01
8.328328328328327146e-01 1.280936031387385654e+01
8.588588588588587092e-01 1.280664065876627333e+01
8.848848848848848148e-01 1.280394649673530871e+01
9.109109109109108093e-01 1.280127782631096878e+01
9.369369369369368039e-01 1.279863464598863310e+01
9.629629629629627985e-01 1.279601695422928387e+01
9.889889889889889041e-01 1.279342107160682929e+01
1.015015015015014788e+00 1.279081199591469442e+01
1.041041041041040893e+00 1.278821841590945674e+01
1.067067067067066999e+00 1.278563956982972805e+01
1.093093093093092882e+00 1.278307469599005231e+01
1.119119119119118988e+00 1.278052303278274593e+01
1.145145145145145094e+00 1.277798381867961020e+01
1.171171171171170977e+00 1.277545629223352464e+01
1.197197197197197083e+00 1.277293969207989832e+01
1.223223223223222966e+00 1.277043325693800746e+01
1.249249249249249072e+00 1.276793622561219976e+01
1.275275275275275177e+00 1.276544783699297625e+01
1.301301301301301061e+00 1.276296960187947249e+01
1.327327327327327167e+00 1.276053082239513614e+01
1.353353353353353272e+00 1.275810288854703956e+01
1.379379379379379156e+00 1.275568522957950179e+01
1.405405405405405261e+00 1.275327727480234863e+01
1.431431431431431145e+00 1.275087845359180783e+01
1.457457457457457251e+00 1.274848819539132094e+01
1.483483483483483356e+00 1.274610592971229117e+01
1.509509509509509240e+00 1.274373108613476901e+01
1.535535535535535345e+00 1.274136309430804737e+01
1.561561561561561451e+00 1.273900138395121573e+01
1.587587587587587334e+00 1.273664538485362030e+01
1.613613613613613440e+00 1.273429452687527075e+01
1.639639639639639324e+00 1.273194823994717773e+01
1.665665665665665429e+00 1.272960595407162288e+01
1.691691691691691535e+00 1.272726709932236133e+01
1.717717717717717418e+00 1.272493110584476383e+01
1.743743743743743524e+00 1.272259740385588600e+01
1.769769769769769630e+00 1.272026542364448254e+01
1.795795795795795513e+00 1.271793459557095396e+01
1.821821821821821619e+00 1.271560435006722756e+01
1.847847847847847724e+00 1.271327411763657977e+01
1.873873873873873608e+00 1.271094332885339462e+01
1.899899899899899713e+00 1.270863893301977754e+01
1.925925925925925597e+00 1.270635809588426390e+01
1.951951951951951703e+00 1.270408155567722730e+01
1.977977977977977808e+00 1.270180901529497675e+01
2.004004004004003914e+00 1.269954017766850463e+01
2.030030030030029575e+00 1.269727474576357906e+01
2.056056056056055681e+00 1.269501242258080964e+01
2.082082082082081786e+00 1.269275291115569892e+01
2.108108108108107892e+00 1.269049591455867798e+01
2.134134134134133998e+00 1.268824113589511882e+01
2.160160160160160103e+00 1.268598827830532549e+01
2.186186186186185765e+00 1.268373704496451637e+01
2.212212212212211870e+00 1.268148713908277792e+01
2.238238238238237976e+00 1.267923826390500253e+01
2.264264264264264082e+00 1.267699012271081749e+01
2.290290290290290187e+00 1.267474241881448016e+01
2.316316316316315849e+00 1.267249485556476607e+01
2.342342342342341954e+00 1.267024713634484456e+01
2.368368368368368060e+00 1.266799896457211894e+01
2.394394394394394165e+00 1.266575004369807012e+01
2.420420420420420271e+00 1.266350007720806481e+01
2.446446446446445933e+00 1.266124876862116722e+01
2.472472472472472038e+00 1.265899830567269291e+01
2.498498498498498144e+00 1.265677619011182564e+01
2.524524524524524249e+00 1.265455608599441462e+01
2.550550550550550355e+00 1.265233787653914987e+01
2.576576576576576461e+00 1.265012144497073621e+01
2.602602602602602122e+00 1.264790667451987716e+01
2.628628628628628228e+00 1.264569344842324483e+01
2.654654654654654333e+00 1.264348164992345325e+01
2.680680680680680439e+00 1.264127116226902459e+01
2.706706706706706544e+00 1.263906186871435011e+01
2.732732732732732206e+00 1.263685365251965464e+01
2.758758758758758312e+00 1.263464639695095393e+01
2.784784784784784417e+00 1.263243998528000134e+01
2.810810810810810523e+00 1.263023430078424703e+01
2.836836836836836628e+00 1.262802922674678285e+01
2.862862862862862290e+00 1.262582464645628022e+01
2.888888888888888395e+00 1.262362044320694032e+01
2.914914914914914501e+00 1.262141650029842666e+01
2.940940940940940607e+00 1.261921270103580284e+01
2.966966966966966712e+00 1.261700892872946156e+01
2.992992992992992818e+00 1.261480506669505530e+01
3.019019019019018479e+00 1.261260099825342174e+01
3.045045045045044585e+00 1.261039660673051088e+01
3.071071071071070691e+00 1.260819859686851530e+01
3.097097097097096796e+00 1.260600605428092891e+01
3.123123123123122902e+00 1.260381443422688896e+01
3.149149149149148563e+00 1.260162368617847406e+01
3.175175175175174669e+00 1.259943375960363099e+01
3.201201201201200774e+00 1.259724460396614276e+01
3.227227227227226880e+00 1.259505616872558598e+01
3.253253253253252986e+00 1.259286840333728996e+01
3.279279279279278647e+00 1.259068125725230836e+01
3.305305305305304753e+00 1.258849467991737292e+01
3.331331331331330858e+00 1.258630862077485091e+01
3.357357357357356964e+00 1.258412302926270421e+01
3.383383383383383070e+00 1.258193785481444849e+01
3.409409409409409175e+00 1.257975304685910345e+01
3.435435435435434837e+00 1.257756855482115199e+01
3.461461461461460942e+00 1.257538432812048868e+01
3.487487487487487048e+00 1.257320031617237532e+01
3.513513513513513153e+00 1.257101646838738773e+01
3.539539539539539259e+00 1.256883273417137303e+01
3.565565565565564921e+00 1.256664906292538575e+01
3.591591591591591026e+00 1.256446540404564871e+01
3.617617617617617132e+00 1.256228170692348556e+01
3.643643643643643237e+00 1.256009852151774098e+01
3.669669669669669343e+00 1.255792139210902469e+01
3.695695695695695449e+00 1.255574461180086487e+01
3.721721721721721110e+00 1.255356814409478972e+01
3.747747747747747216e+00 1.255139195248885997e+01
3.773773773773773321e+00 1.254921600047760855e+01
3.799799799799799427e+00 1.254704025155202451e+01
3.825825825825825532e+00 1.254486466919949805e+01
3.851851851851851194e+00 1.254268921690378846e+01
3.877877877877877300e+00 1.254051385814498332e+01
3.903903903903903405e+00 1.253833855639944872e+01
3.929929929929929511e+00 1.253616327513980444e+01
3.955955955955955616e+00 1.253398797783486174e+01
3.981981981981981278e+00 1.253181262794959139e+01
4.008008008008007828e+00 1.252963718894508105e+01
4.034034034034033489e+00 1.252746162427847842e+01
4.060060060060059151e+00 1.252528589740295750e+01
4.086086086086085700e+00 1.252310997176766882e+01
4.112112112112111362e+00 1.252093381081768797e+01
4.138138138138137911e+00 1.251875737799397115e+01
4.164164164164163573e+00 1.251658063673330723e+01
4.190190190190189234e+00 1.251440355046826625e+01
4.216216216216215784e+00 1.251222608262714964e+01
4.242242242242241446e+00 1.251004819663393874e+01
4.268268268268267995e+00 1.250786985590824862e+01
4.294294294294293657e+00 1.250569102386526588e+01
4.320320320320320207e+00 1.250351166391570423e+01
4.346346346346345868e+00 1.250133173946574416e+01
4.372372372372371530e+00 1.249915121391698491e+01
4.398398398398398079e+00 1.249697005066638233e+01
4.424424424424423741e+00 1.249478821310619914e+01
4.450450450450450290e+00 1.249260566462394451e+01
4.476476476476475952e+00 1.249042236860231370e+01
4.502502502502501613e+00 1.248823828841913652e+01
4.528528528528528163e+00 1.248605338744731519e+01
4.554554554554553825e+00 1.248386762905476388e+01
4.580580580580580374e+00 1.248168097660434839e+01
4.606606606606606036e+00 1.247949339345382391e+01
4.632632632632631697e+00 1.247731077318477766e+01
4.658658658658658247e+00 1.247512801845562969e+01
4.684684684684683909e+00 1.247294474016861265e+01
4.710710710710710458e+00 1.247076091494685812e+01
4.736736736736736120e+00 1.246857651941107115e+01
4.762762762762761781e+00 1.246639153017950008e+01
4.788788788788788331e+00 1.246420592386790460e+01
4.814814814814813992e+00 1.246201967708951486e+01
4.840840840840840542e+00 1.245983276645500304e+01
4.866866866866866204e+00 1.245764516857244608e+01
4.892892892892891865e+00 1.245545686004728303e+01
4.918918918918918415e+00 1.245326781748228839e+01
4.944944944944944076e+00 1.245107801747753484e+01
4.970970970970970626e+00 1.244888743663034703e+01
4.996996996996996288e+00 1.244669605153527847e+01
5.023023023023022837e+00 1.244450383878406008e+01
5.049049049049048499e+00 1.244231077496557170e+01
5.075075075075074160e+00 1.244011683666580304e+01
5.101101101101100710e+00 1.243792200046780927e+01
5.127127127127126371e+00 1.243572624295168083e+01
5.153153153153152921e+00 1.243352954069449368e+01
5.179179179179178583e+00 1.243133187027028086e+01
5.205205205205204244e+00 1.242913320824998458e+01
5.231231231231230794e+00 1.242693353120141886e+01
5.257257257257256455e+00 1.242473281568923049e+01
5.283283283283283005e+00 1.242253103827485283e+01
5.309309309309308667e+00 1.242032817551647028e+01
5.335335335335334328e+00 1.241812420396897565e+01
5.361361361361360878e+00 1.241591910018392220e+01
5.387387387387386539e+00 1.241371284070948811e+01
5.413413413413413089e+00 1.241150540209043029e+01
5.439439439439438750e+00 1.240929676086804712e+01
5.465465465465464412e+00 1.240708689358012151e+01
5.491491491491490962e+00 1.240487577676089082e+01
5.517517517517516623e+00 1.240266338694099879e+01
5.543543543543543173e+00 1.240044970064744589e+01
5.569569569569568834e+00 1.239823469440354664e+01
5.595595595595594496e+00 1.239602195717089472e+01
5.621621621621621046e+00 1.239380915893543822e+01
5.647647647647646707e+00 1.239159534707502530e+01
5.673673673673673257e+00 1.238938050780894429e+01
5.699699699699698918e+00 1.238716462735446022e+01
5.725725725725724580e+00 1.238494769192679712e+01
5.751751751751751129e+00 1.238272968773910776e+01
5.777777777777776791e+00 1.238051060100245415e+01
5.803803803803803341e+00 1.237829041792577556e+01
5.829829829829829002e+00 1.237606912471587783e+01
5.855855855855855552e+00 1.237384670757739613e+01
5.881881881881881213e+00 1.237162315271277713e+01
5.907907907907906875e+00 1.236939844632225416e+01
5.933933933933933424e+00 1.236717257460381525e+01
5.959959959959959086e+00 1.236494552375319245e+01
5.985985985985985636e+00 1.236271727996381919e+01
6.012012012012011297e+00 1.236048782942681612e+01
6.038038038038036959e+00 1.235825715833096439e+01
6.064064064064063508e+00 1.235602525286267550e+01
6.090090090090089170e+00 1.235379209920596821e+01
6.116116116116115720e+00 1.235155768354244188e+01
6.142142142142141381e+00 1.234932199205124803e+01
6.168168168168167043e+00 1.234708501090906729e+01
6.194194194194193592e+00 1.234484672629008273e+01
6.220220220220219254e+00 1.234260712436594609e+01
6.246246246246245803e+00 1.234036619130576007e+01
6.272272272272271465e+00 1.233812391327604274e+01
6.298298298298297127e+00 1.233588027644070451e+01
6.324324324324323676e+00 1.233363526696102141e+01
6.350350350350349338e+00 1.233138887099560321e+01
6.376376376376375887e+00 1.232914107470036669e+01
6.402402402402401549e+00 1.232689186422850725e+01
6.428428428428427210e+00 1.232464122573047227e+01
6.454454454454453760e+00 1.232238914535392915e+01
6.480480480480479422e+00 1.232013560924373863e+01
6.506506506506505971e+00 1.231788060354192460e+01
6.532532532532531633e+00 1.231562411438764393e+01
6.558558558558557294e+00 1.231336748874874232e+01
6.584584584584583844e+00 1.231111027688917048e+01
6.610610610610609505e+00 1.230885171639771336e+01
6.636636636636636055e+00 1.230659179796428049e+01
6.662662662662661717e+00 1.230433051227656804e+01
6.688688688688688266e+00 1.230206785002004644e+01
6.714714714714713928e+00 1.229980380187793720e+01
6.740740740740739589e+00 1.229753835853119526e+01
6.766766766766766139e+00 1.229527151065849111e+01
6.792792792792791801e+00 1.229300324893618956e+01
6.818818818818818350e+00 1.229073356403833372e+01
6.844844844844844012e+00 1.228846244663662191e+01
6.870870870870869673e+00 1.228618988740039342e+01
6.896896896896896223e+00 1.228391587699659837e+01
6.922922922922921884e+00 1.228164040608979413e+01
6.948948948948948434e+00 1.227936346534210799e+01
6.974974974974974096e+00 1.227708504541323009e+01
7.001001001000999757e+00 1.227480513696038322e+01
7.027027027027026307e+00 1.227252373063831570e+01
7.053053053053051968e+00 1.227024081709926051e+01
7.079079079079078518e+00 1.226795638699293711e+01
7.105105105105104180e+00 1.226567043096651233e+01
7.131131131131129841e+00 1.226338293966459148e+01
7.157157157157156391e+00 1.226109390372918639e+01
7.183183183183182052e+00 1.225880331379970478e+01
7.209209209209208602e+00 1.225651116051292178e+01
7.235235235235234263e+00 1.225421743450295864e+01
7.261261261261259925e+00 1.225192212640126144e+01
7.287287287287286475e+00 1.224962522683658328e+01
7.313313313313312136e+00 1.224732672643495235e+01
7.339339339339338686e+00 1.224502661581965945e+01
7.365365365365364347e+00 1.224272488561122962e+01
7.391391391391390897e+00 1.224042152642740078e+01
7.417417417417416559e+00 1.223811652888309887e+01
7.443443443443442220e+00 1.223580988359041832e+01
7.469469469469468770e+00 1.223350158115859543e+01
7.495495495495494431e+00 1.223119161219398521e+01
7.521521521521520981e+00 1.222888097556869980e+01
7.547547547547546642e+00 1.222656981030472778e+01
7.573573573573572304e+00 1.222425704929205104e+01
7.599599599599598854e+00 1.222194268464175870e+01
7.625625625625624515e+00 1.221962670846234289e+01
7.651651651651651065e+00 1.221730911285968091e+01
7.677677677677676726e+00 1.221498988993701396e+01
7.703703703703702388e+00 1.221266903179492047e+01
7.729729729729728938e+00 1.221034653053130903e+01
7.755755755755754599e+00 1.220802237824138103e+01
7.781781781781781149e+00 1.220569656701762185e+01
7.807807807807806810e+00 1.220336908894977412e+01
7.833833833833832472e+00 1.220103993612481830e+01
7.859859859859859021e+00 1.219870910062694591e+01
7.885885885885884683e+00 1.219637657453754542e+01
7.911911911911911233e+00 1.219404234993517555e+01
7.937937937937936894e+00 1.219170641889554219e+01
7.963963963963962556e+00 1.218936877349147707e+01
7.989989989989989105e+00 1.218702940579291827e+01
8.016016016016015655e+00 1.218468830786688351e+01
8.042042042042041317e+00 1.218234547177744531e+01
8.068068068068066978e+00 1.218000088958571325e+01
8.094094094094092640e+00 1.217765455334980906e+01
8.120120120120118301e+00 1.217530645512484000e+01
8.146146146146145739e+00 1.217295658696287575e+01
8.172172172172171400e+00 1.217060494091292711e+01
8.198198198198197062e+00 1.216825150902091934e+01
8.224224224224222723e+00 1.216589628332967266e+01
8.250250250250248385e+00 1.216353925587886486e+01
8.276276276276275823e+00 1.216118041870502431e+01
8.302302302302301484e+00 1.215881976384148899e+01
8.328328328328327146e+00 1.215645728331839059e+01
8.354354354354352807e+00 1.215409296916262605e+01
8.380380380380378469e+00 1.215172681339783267e+01
8.406406406406405907e+00 1.214935880804435797e+01
8.432432432432431568e+00 1.214698894511924188e+01
8.458458458458457230e+00 1.214461721663618299e+01
8.484484484484482891e+00 1.214224361460551194e+01
8.510510510510510329e+00 1.213986813103417184e+01
8.536536536536535991e+00 1.213749075792568277e+01
8.562562562562561652e+00 1.213511148728011868e+01
8.588588588588587314e+00 1.213273031109408251e+01
8.614614614614612975e+00 1.213034722136066712e+01
8.640640640640640413e+00 1.212796221006944286e+01
8.666666666666666075e+00 1.212557526920641848e+01
8.692692692692691736e+00 1.212318639075401450e+01
8.718718718718717398e+00 1.212079556669103653e+01
8.744744744744743059e+00 1.211840278899264334e+01
8.770770770770770497e+00 1.211600804963032374e+01
8.796796796796796158e+00 1.211361134057185751e+01
8.822822822822821820e+00 1.211121265378129053e+01
8.848848848848847481e+00 1.210881198121890989e+01
8.874874874874873143e+00 1.210640931484120486e+01
8.900900900900900581e+00 1.210400464660083664e+01
8.926926926926926242e+00 1.210159796844661706e+01
8.952952952952951904e+00 1.209918927232346419e+01
8.978978978978977565e+00 1.209677855017238102e+01
9.005005005005003227e+00 1.209436579393041988e+01
9.031031031031030665e+00 1.209195099553065056e+01
9.057057057057056326e+00 1.208953414690212469e+01
9.083083083083081988e+00 1.208711523996985271e+01
9.109109109109107649e+00 1.208469426665475766e+01
9.135135135135133311e+00 1.208227121887365207e+01
9.161161161161160749e+00 1.207984608853920250e+01
9.187187187187186410e+00 1.207741895503671614e+01
9.213213213213212072e+00 1.207499009398289047e+01
9.239239239239237733e+00 1.207255914753792858e+01
9.265265265265263395e+00 1.207012610794531149e+01
9.291291291291290833e+00 1.206769096744488579e+01
9.317317317317316494e+00 1.206525371827283166e+01
9.343343343343342156e+00 1.206281435266163804e+01
9.369369369369367817e+00 1.206037286284007592e+01
9.395395395395393479e+00 1.205792924103315755e+01
9.421421421421420916e+00 1.205548347946211507e+01
9.447447447447446578e+00 1.205303557034437567e+01
9.473473473473472239e+00 1.205058550589351896e+01
9.499499499499497901e+00 1.204813327831925207e+01
9.525525525525523562e+00 1.204567887982738483e+01
9.551551551551551000e+00 1.204322230261978532e+01
9.577577577577576662e+00 1.204076353889436213e+01
9.603603603603602323e+00 1.203830258084502525e+01
9.629629629629627985e+00 1.203583942066165235e+01
9.655655655655653646e+00 1.203337405053006393e+01
9.681681681681681084e+00 1.203090646263198416e+01
9.707707707707706746e+00 1.202843664914501076e+01
9.733733733733732407e+00 1.202596460224257768e+01
9.759759759759758069e+00 1.202349031409393021e+01
9.785785785785783730e+00 1.202101377686408235e+01
9.811811811811811168e+00 1.201853498271378839e+01
9.837837837837836830e+00 1.201605392379950388e+01
9.863863863863862491e+00 1.201357059227335533e+01
9.889889889889888153e+00 1.201108498028309945e+01
9.915915915915913814e+00 1.200859707997209469e+01
9.941941941941941252e+00 1.200610688347926036e+01
9.967967967967966914e+00 1.200361438293903760e+01
9.993993993993992575e+00 1.200111957048136269e+01
1.002002002002001824e+01 1.199862243823162267e+01
1.004604604604604567e+01 1.199612297831061625e+01
1.007207207207207134e+01 1.199362118283452361e+01
1.009809809809809700e+01 1.199111704391486377e+01
1.012412412412412266e+01 1.198861055365845552e+01
1.015015015015014832e+01 1.198610170416737830e+01
1.017617617617617576e+01 1.198359048753894029e+01
1.020220220220220142e+01 1.198107689586563041e+01
1.022822822822822708e+01 1.197856092123507743e+01
1.025425425425425274e+01 1.197604255573001986e+01
1.028028028028027840e+01 1.197352179142825790e+01
1.030630630630630584e+01 1.197099862040261087e+01
1.033233233233233150e+01 1.196847303472088164e+01
1.035835835835835717e+01 1.196594502644580693e+01
1.038438438438438283e+01 1.196341458763502708e+01
1.041041041041040849e+01 1.196088171034102743e+01
1.043643643643643593e+01 1.195834638661110993e+01
1.046246246246246159e+01 1.195580860848733984e+01
1.048848848848848725e+01 1.195326836800650838e+01
1.051451451451451291e+01 1.195072565720007951e+01
1.054054054054053857e+01 1.194818046809415790e+01
1.056656656656656601e+01 1.194563279270942857e+01
1.059259259259259167e+01 1.194308262306112489e+01
1.061861861861861733e+01 1.194052995115897353e+01
1.064464464464464299e+01 1.193797476900715004e+01
1.067067067067066866e+01 1.193541706860423268e+01
1.069669669669669609e+01 1.193285684194315444e+01
1.072272272272272176e+01 1.193029408101115330e+01
1.074874874874874742e+01 1.192772877778972607e+01
1.077477477477477308e+01 1.192516092425457686e+01
1.080080080080079874e+01 1.192259051237556911e+01
1.082682682682682618e+01 1.192001753411667408e+01
1.085285285285285184e+01 1.191744198143592293e+01
1.087887887887887750e+01 1.191486178399530615e+01
1.090490490490490316e+01 1.191227869309883047e+01
1.093093093093092882e+01 1.190969289730769098e+01
1.095695695695695626e+01 1.190710438696465268e+01
1.098298298298298192e+01 1.190451315240678376e+01
1.100900900900900758e+01 1.190191918396540594e+01
1.103503503503503325e+01 1.189932247196604997e+01
1.106106106106105891e+01 1.189672300672839889e+01
1.108708708708708635e+01 1.189412077856625061e+01
1.111311311311311201e+01 1.189151577778744873e+01
1.113913913913913767e+01 1.188890799469385051e+01
1.116516516516516333e+01 1.188629741958125763e+01
1.119119119119118899e+01 1.188368404273937706e+01
1.121721721721721643e+01 1.188106785445175895e+01
1.124324324324324209e+01 1.187844884499575215e+01
1.126926926926926775e+01 1.187582700464243857e+01
1.129529529529529341e+01 1.187320232365659223e+01
1.132132132132131908e+01 1.187057479229660828e+01
1.134734734734734651e+01 1.186794440081446211e+01
1.137337337337337217e+01 1.186531113945564186e+01
1.139939939939939784e+01 1.186267499845909867e+01
1.142542542542542350e+01 1.186003596805718630e+01
1.145145145145144916e+01 1.185739403847559714e+01
1.147747747747747660e+01 1.185474919993331611e+01
1.150350350350350226e+01 1.185210144264255128e+01
1.152952952952952792e+01 1.184945075680867177e+01
1.155555555555555358e+01 1.184679713263015621e+01
1.158158158158157924e+01 1.184414056029852524e+01
1.160760760760760668e+01 1.184148102999827934e+01
1.163363363363363234e+01 1.183881853190683664e+01
1.165965965965965800e+01 1.183615305619447255e+01
1.168568568568568367e+01 1.183348459302425049e+01
1.171171171171171110e+01 1.183081313255195610e+01
1.173773773773773677e+01 1.182813866492604049e+01
1.176376376376376243e+01 1.182546118028754378e+01
1.178978978978978809e+01 1.182278066877003297e+01
1.181581581581581375e+01 1.182009712049953620e+01
1.184184184184184119e+01 1.181741052559446636e+01
1.186786786786786685e+01 1.181472087416555894e+01
1.189389389389389251e+01 1.181202815631579917e+01
1.191991991991991817e+01 1.180933236214035453e+01
1.194594594594594383e+01 1.180663348172649307e+01
1.197197197197197127e+01 1.180393150515352474e+01
1.199799799799799693e+01 1.180122642249271614e+01
1.202402402402402259e+01 1.179851822380722304e+01
1.205005005005004826e+01 1.179580689915201397e+01
1.207607607607607392e+01 1.179309243857379386e+01
1.210210210210210136e+01 1.179037483211092763e+01
1.212812812812812702e+01 1.178765406979336205e+01
1.215415415415415268e+01 1.178493014164254760e+01
1.218018018018017834e+01 1.178220303767136024e+01
1.220620620620620400e+01 1.177947274788401799e+01
1.223223223223223144e+01 1.177673926227600631e+01
1.225825825825825710e+01 1.177400257083398749e+01
1.228428428428428276e+01 1.177126266353572248e+01
1.231031031031030842e+01 1.176851953034998743e+01
1.233633633633633409e+01 1.176577316123649020e+01
1.236236236236236152e+01 1.176302354614577617e+01
1.238838838838838718e+01 1.176027067501915191e+01
1.241441441441441285e+01 1.175751453778858924e+01
1.244044044044043851e+01 1.175475512437663994e+01
1.246646646646646417e+01 1.175199242469634697e+01
1.249249249249249161e+01 1.174922642865115208e+01
1.251851851851851727e+01 1.174645712613479986e+01
1.254454454454454293e+01 1.174368172803976762e+01
1.257057057057056859e+01 1.174090116596327249e+01
1.259659659659659425e+01 1.173811705735863065e+01
1.262262262262262169e+01 1.173532938890321198e+01
1.264864864864864735e+01 1.173253814726436062e+01
1.267467467467467301e+01 1.172974331909930612e+01
1.270070070070069868e+01 1.172694489105506044e+01
1.272672672672672434e+01 1.172414284976832199e+01
1.275275275275275177e+01 1.172133718186537088e+01
1.277877877877877744e+01 1.171852787396196938e+01
1.280480480480480310e+01 1.171571491266325715e+01
1.283083083083082876e+01 1.171289828456364290e+01
1.285685685685685442e+01 1.171007797624670665e+01
1.288288288288288186e+01 1.170725397428508785e+01
1.290890890890890752e+01 1.170442626524037344e+01
1.293493493493493318e+01 1.170159483566299485e+01
1.296096096096095884e+01 1.169875967209211431e+01
1.298698698698698450e+01 1.169592076105550404e+01
1.301301301301301194e+01 1.169307808906945034e+01
1.303903903903903760e+01 1.169023164263862036e+01
1.306506506506506327e+01 1.168738140825595551e+01
1.309109109109108893e+01 1.168452737240254713e+01
1.311711711711711459e+01 1.168166952154752636e+01
1.314314314314314203e+01 1.167880784214792911e+01
1.316916916916916769e+01 1.167594232064858772e+01
1.319519519519519335e+01 1.167307294348199420e+01
1.322122122122121901e+01 1.167019969706818827e+01
1.324724724724724645e+01 1.166732256781461352e+01
1.327327327327327211e+01 1.166444154211600193e+01
1.329929929929929777e+01 1.166155660635424240e+01
1.332532532532532343e+01 1.165866774689823870e+01
1.335135135135134909e+01 1.165577495010378506e+01
1.337737737737737653e+01 1.165287820231342764e+01
1.340340340340340219e+01 1.164997748985632775e+01
1.342942942942942786e+01 1.164707279904812331e+01
1.345545545545545352e+01 1.164416411619078495e+01
1.348148148148147918e+01 1.164125142757247922e+01
1.350750750750750662e+01 1.163833471946742115e+01
1.353353353353353228e+01 1.163541397813572686e+01
1.355955955955955794e+01 1.163248918982326963e+01
1.358558558558558360e+01 1.162956034076152179e+01
1.361161161161160926e+01 1.162662741716741444e+01
1.363763763763763670e+01 1.162369040524317754e+01
1.366366366366366236e+01 1.162074929117618005e+01
1.368968968968968802e+01 1.161780406113878072e+01
1.371571571571571369e+01 1.161485470128816111e+01
1.374174174174173935e+01 1.161190119776617102e+01
1.376776776776776678e+01 1.160894353669915446e+01
1.379379379379379245e+01 1.160598170419779329e+01
1.381981981981981811e+01 1.160301568635693314e+01
1.384584584584584377e+01 1.160004546925541469e+01
1.387187187187186943e+01 1.159707103895589952e+01
1.389789789789789687e+01 1.159409238150469790e+01
1.392392392392392253e+01 1.159110948293159105e+01
1.394994994994994819e+01 1.158812232924964292e+01
1.397597597597597385e+01 1.158513090645503496e+01
1.400200200200199951e+01 1.158213520052686185e+01
1.402802802802802695e+01 1.157913519742696273e+01
1.405405405405405261e+01 1.157613088309971694e+01
1.408008008008007828e+01 1.157312224347185925e+01
1.410610610610610394e+01 1.157010926445228804e+01
1.413213213213212960e+01 1.156709193193185925e+01
1.415815815815815704e+01 1.156407023178319271e+01
1.418418418418418270e+01 1.156104414986046969e+01
1.421021021021020836e+01 1.155801026435071321e+01
1.423623623623623402e+01 1.155496502386349356e+01
1.426226226226225968e+01 1.155191490279486288e+01
1.428828828828828712e+01 1.154885988021082355e+01
1.431431431431431278e+01 1.154579993515664604e+01
1.434034034034033844e+01 1.154273504665664696e+01
1.436636636636636410e+01 1.153966519371392963e+01
1.439239239239238977e+01 1.153659035531015498e+01
1.441841841841841720e+01 1.153351051040528397e+01
1.444444444444444287e+01 1.153042563793733244e+01
1.447047047047046853e+01 1.152733571682211355e+01
1.449649649649649419e+01 1.152424072595297311e+01
1.452252252252251985e+01 1.152114064420054440e+01
1.454854854854854729e+01 1.151803545041246046e+01
1.457457457457457295e+01 1.151492512341310359e+01
1.460060060060059861e+01 1.151180964200331935e+01
1.462662662662662427e+01 1.150868898496014481e+01
1.465265265265264993e+01 1.150556313103652251e+01
1.467867867867867737e+01 1.150243205896101983e+01
1.470470470470470303e+01 1.149929574743753591e+01
1.473073073073072869e+01 1.149615417514501203e+01
1.475675675675675436e+01 1.149300732073712261e+01
1.478278278278278179e+01 1.148985516284198738e+01
1.480880880880880746e+01 1.148669768006185166e+01
1.483483483483483312e+01 1.148353485097278259e+01
1.486086086086085878e+01 1.148036665412434587e+01
1.488688688688688444e+01 1.147719306803929484e+01
1.491291291291291188e+01 1.147401407121323480e+01
1.493893893893893754e+01 1.147082964211429612e+01
1.496496496496496320e+01 1.146763975918280387e+01
1.499099099099098886e+01 1.146444440083092609e+01
1.501701701701701452e+01 1.146124354544234158e+01
1.504304304304304196e+01 1.145803717137187760e+01
1.506906906906906762e+01 1.145482525694515985e+01
1.509509509509509328e+01 1.145160778045825190e+01
1.512112112112111895e+01 1.144838472017728392e+01
1.514714714714714461e+01 1.144515605433807970e+01
1.517317317317317205e+01 1.144192176114578707e+01
1.519919919919919771e+01 1.143868181877448542e+01
1.522522522522522337e+01 1.143543620536679661e+01
1.525125125125124903e+01 1.143218489903349244e+01
1.527727727727727469e+01 1.142892787785308961e+01
1.530330330330330213e+01 1.142566511987144651e+01
1.532932932932932779e+01 1.142239660310134042e+01
1.535535535535535345e+01 1.141912230552205720e+01
1.538138138138137911e+01 1.141584220507895076e+01
1.540740740740740478e+01 1.141255627968302200e+01
1.543343343343343221e+01 1.140926450721046947e+01
1.545945945945945788e+01 1.140596686550224170e+01
1.548548548548548354e+01 1.140266333236358598e+01
1.551151151151150920e+01 1.139935388556358653e+01
1.553753753753753486e+01 1.139603850283469022e+01
1.556356356356356230e+01 1.139271716187222871e+01
1.558958958958958796e+01 1.138938984033394242e+01
1.561561561561561362e+01 1.138605651583948308e+01
1.564164164164163928e+01 1.138271716596990579e+01
1.566766766766766494e+01 1.137937176826717511e+01
1.569369369369369238e+01 1.137602030023363753e+01
1.571971971971971804e+01 1.137266273933150096e+01
1.574574574574574370e+01 1.136929906298230186e+01
1.577177177177176937e+01 1.136592924856635989e+01
1.579779779779779503e+01 1.136255327342222721e+01
1.582382382382382247e+01 1.135917111484613251e+01
1.584984984984984813e+01 1.135578275009140548e+01
1.587587587587587379e+01 1.135238815636790477e+01
1.590190190190189945e+01 1.134898731084142476e+01
1.592792792792792511e+01 1.134558019063309864e+01
1.595395395395395255e+01 1.134215882824617871e+01
1.597997997997997821e+01 1.133871605762574575e+01
1.600600600600600387e+01 1.133526592803596955e+01
1.603203203203203131e+01 1.133180840142788703e+01
1.605805805805805520e+01 1.132834343969983948e+01
1.608408408408408263e+01 1.132487100469672470e+01
1.611011011011010652e+01 1.132139105820923319e+01
1.613613613613613396e+01 1.131790356197307545e+01
1.616216216216216139e+01 1.131440847766819324e+01
1.618818818818818528e+01 1.131090576691795491e+01
1.621421421421421272e+01 1.130739539128834004e+01
1.624024024024023660e+01 1.130387731228710635e+01
1.626626626626626404e+01 1.130035149136294770e+01
1.629229229229229148e+01 1.129681788990462366e+01
1.631831831831831536e+01 1.129327646924009798e+01
1.634434434434434280e+01 1.128972719063562913e+01
1.637037037037036669e+01 1.128617001529487318e+01
1.639639639639639412e+01 1.128260490435795305e+01
1.642242242242242156e+01 1.127903181890051876e+01
1.644844844844844545e+01 1.127545071993278825e+01
1.647447447447447288e+01 1.127186156839856856e+01
1.650050050050049677e+01 1.126826432517426291e+01
1.652652652652652421e+01 1.126465895106785808e+01
1.655255255255255165e+01 1.126104540681789068e+01
1.657857857857857553e+01 1.125742365309239723e+01
1.660460460460460297e+01 1.125379365048784308e+01
1.663063063063062685e+01 1.125015535952803347e+01
1.665665665665665429e+01 1.124650874066300155e+01
1.668268268268268173e+01 1.124285375426787326e+01
1.670870870870870561e+01 1.123919036064171983e+01
1.673473473473473305e+01 1.123551852000637474e+01
1.676076076076075694e+01 1.123183819250524706e+01
1.678678678678678438e+01 1.122814933820209049e+01
1.681281281281281181e+01 1.122445191707976520e+01
1.683883883883883570e+01 1.122074588903896419e+01
1.686486486486486314e+01 1.121703121389693258e+01
1.689089089089088702e+01 1.121330785138613706e+01
1.691691691691691446e+01 1.120957576115293186e+01
1.694294294294294190e+01 1.120583490275618210e+01
1.696896896896896578e+01 1.120208523566587466e+01
1.699499499499499322e+01 1.119832671926169532e+01
1.702102102102102066e+01 1.119455931283156858e+01
1.704704704704704454e+01 1.119078297557018509e+01
1.707307307307307198e+01 1.118699766657748818e+01
1.709909909909909587e+01 1.118320334485713730e+01
1.712512512512512330e+01 1.117939996931493418e+01
1.715115115115115074e+01 1.117558749875722235e+01
1.717717717717717463e+01 1.117176589188924751e+01
1.720320320320320207e+01 1.116793510731350025e+01
1.722922922922922595e+01 1.116409510352800183e+01
1.725525525525525339e+01 1.116024583892457933e+01
1.728128128128128083e+01 1.115638727178708400e+01
1.730730730730730471e+01 1.115251936028958823e+01
1.733333333333333215e+01 1.114864206249453993e+01
1.735935935935935603e+01 1.114475533635087245e+01
1.738538538538538347e+01 1.114085913969208974e+01
1.741141141141141091e+01 1.113695343023429452e+01
1.743743743743743480e+01 1.113303816557419168e+01
1.746346346346346223e+01 1.112911330318703484e+01
1.748948948948948612e+01 1.112517880042453733e+01
1.751551551551551356e+01 1.112123461451274054e+01
1.754154154154154099e+01 1.111728070254982903e+01
1.756756756756756488e+01 1.111331702150391010e+01
1.759359359359359232e+01 1.110934352821073112e+01
1.761961961961961620e+01 1.110536017937136322e+01
1.764564564564564364e+01 1.110136693154982268e+01
1.767167167167167108e+01 1.109736374117064450e+01
1.769769769769769496e+01 1.109334354404655976e+01
1.772372372372372240e+01 1.108929985115158345e+01
1.774974974974974629e+01 1.108524367094569563e+01
1.777577577577577372e+01 1.108117486493580728e+01
1.780180180180180116e+01 1.107709329446297986e+01
1.782782782782782505e+01 1.107299882069932551e+01
1.785385385385385248e+01 1.106889130464487359e+01
1.787987987987987637e+01 1.106477060712432348e+01
1.790590590590590381e+01 1.106063658878375122e+01
1.793193193193193125e+01 1.105648911008723090e+01
1.795795795795795513e+01 1.105232803131336716e+01
1.798398398398398257e+01 1.104815321255176030e+01
1.801001001001000645e+01 1.104396451369937182e+01
1.803603603603603389e+01 1.103976179445682604e+01
1.806206206206206133e+01 1.103554491432459628e+01
1.808808808808808521e+01 1.103131373259911463e+01
1.811411411411411265e+01 1.102706810836879114e+01
1.814014014014013654e+01 1.102280790050992820e+01
1.816616616616616398e+01 1.101853296768253010e+01
1.819219219219219141e+01 1.101424316832602912e+01
1.821821821821821530e+01 1.100993836065488729e+01
1.824424424424424274e+01 1.100561840265409863e+01
1.827027027027026662e+01 1.100128315207457419e+01
1.829629629629629406e+01 1.099693246642842404e+01
1.832232232232232150e+01 1.099256686542998374e+01
1.834834834834834538e+01 1.098819083982634126e+01
1.837437437437437282e+01 1.098379966216280224e+01
1.840040040040039671e+01 1.097939321647050193e+01
1.842642642642642414e+01 1.097497138646919268e+01
1.845245245245245158e+01 1.097053405556041916e+01
1.847847847847847547e+01 1.096608110682048753e+01
1.850450450450450290e+01 1.096161242299325345e+01
1.853053053053052679e+01 1.095712788648270397e+01
1.855655655655655423e+01 1.095262737934533881e+01
1.858258258258258167e+01 1.094811078328232945e+01
1.860860860860860555e+01 1.094357797963147227e+01
1.863463463463463299e+01 1.093902884935889830e+01
1.866066066066065687e+01 1.093446327305056087e+01
1.868668668668668431e+01 1.092988113090347646e+01
1.871271271271271175e+01 1.092528230271670786e+01
1.873873873873873563e+01 1.092066666788209162e+01
1.876476476476476307e+01 1.091603410537470253e+01
1.879079079079078696e+01 1.091138449374303221e+01
1.881681681681681439e+01 1.090671771109888155e+01
1.884284284284284183e+01 1.090203363510695489e+01
1.886886886886886572e+01 1.089733214297414676e+01
1.889489489489489316e+01 1.089261311143850719e+01
1.892092092092091704e+01 1.088787641675788009e+01
1.894694694694694448e+01 1.088312193469819533e+01
1.897297297297297192e+01 1.087833886633873171e+01
1.899899899899899580e+01 1.087353470877651773e+01
1.902502502502502324e+01 1.086871083027992491e+01
1.905105105105104712e+01 1.086386704485282451e+01
1.907707707707707456e+01 1.085900316594122117e+01
1.910310310310310200e+01 1.085411900641920546e+01
1.912912912912912589e+01 1.084921437857448900e+01
1.915515515515515332e+01 1.084428909409346709e+01
1.918118118118117721e+01 1.083934296404582298e+01
1.920720720720720465e+01 1.083437579886861890e+01
1.923323323323323208e+01 1.082938740834990199e+01
1.925925925925925597e+01 1.082437760161176854e+01
1.928528528528528341e+01 1.081934618709286688e+01
1.931131131131130729e+01 1.081429297253035315e+01
1.933733733733733473e+01 1.080921776494123776e+01
1.936336336336336217e+01 1.080412037060311370e+01
1.938938938938938605e+01 1.079900059503424714e+01
1.941541541541541349e+01 1.079385824297300545e+01
1.944144144144143738e+01 1.078869311835658173e+01
1.946746746746746481e+01 1.078350502429900715e+01
1.949349349349349225e+01 1.077829376306840636e+01
1.951951951951951614e+01 1.077305913606346977e+01
1.954554554554554358e+01 1.076780094378911912e+01
1.957157157157156746e+01 1.076251898583131883e+01
1.959759759759759490e+01 1.075720150368776551e+01
1.962362362362362234e+01 1.075185068788569431e+01
1.964964964964964622e+01 1.074647309778285020e+01
1.967567567567567366e+01 1.074106843523916410e+01
1.970170170170169754e+01 1.073563640096681837e+01
1.972772772772772498e+01 1.073017669449563982e+01
1.975375375375375242e+01 1.072468901413718889e+01
1.977977977977977631e+01 1.071917305694749523e+01
1.980580580580580374e+01 1.071362851868837751e+01
1.983183183183182763e+01 1.070805509378726406e+01
1.985785785785785507e+01 1.070245247529548571e+01
1.988388388388388250e+01 1.069682035484492211e+01
1.990990990990990639e+01 1.069115842260295679e+01
1.993593593593593383e+01 1.068546636722566667e+01
1.996196196196195771e+01 1.067974387580912499e+01
1.998798798798798515e+01 1.067399063383877333e+01
2.001401401401401259e+01 1.066820632513674738e+01
2.004004004004003647e+01 1.066239063180704960e+01
2.006606606606606391e+01 1.065654323417848204e+01
2.009209209209209135e+01 1.065066381074523250e+01
2.011811811811811523e+01 1.064475203810496851e+01
2.014414414414414267e+01 1.063880759089435912e+01
2.017017017017016656e+01 1.063283014172185226e+01
2.019619619619619399e+01 1.062681936109760272e+01
2.022222222222222143e+01 1.062075227715541992e+01
2.024824824824824532e+01 1.061460754531361239e+01
2.027427427427427276e+01 1.060842331973863750e+01
2.030030030030029664e+01 1.060219912554364008e+01
2.032632632632632408e+01 1.059593448505123270e+01
2.035235235235235152e+01 1.058962891768856274e+01
2.037837837837837540e+01 1.058328193987748911e+01
2.040440440440440284e+01 1.057689306491957382e+01
2.043043043043042672e+01 1.057046180287560766e+01
2.045645645645645416e+01 1.056398766043938053e+01
2.048248248248248160e+01 1.055747014080533042e+01
2.050850850850850549e+01 1.055090874352974240e+01
2.053453453453453292e+01 1.054430296438513004e+01
2.056056056056055681e+01 1.053765229520738522e+01
2.058658658658658425e+01 1.053095622373525053e+01
2.061261261261261168e+01 1.052421423344171991e+01
2.063863863863863557e+01 1.051742580335680444e+01
2.066466466466466301e+01 1.051059040788119248e+01
2.069069069069068689e+01 1.050370751659022517e+01
2.071671671671671433e+01 1.049677659402759744e+01
2.074274274274274177e+01 1.048979709948813088e+01
2.076876876876876565e+01 1.048276848678894169e+01
2.079479479479479309e+01 1.047569020402826645e+01
2.082082082082081698e+01 1.046856169333113407e+01
2.084684684684684441e+01 1.046138239058107366e+01
2.087287287287287185e+01 1.045415172513687629e+01
2.089889889889889574e+01 1.044686911953350616e+01
2.092492492492492318e+01 1.043953398916603348e+01
2.095095095095094706e+01 1.043214574195548039e+01
2.097697697697697450e+01 1.042470377799532955e+01
2.100300300300300194e+01 1.041720748917740202e+01
2.102902902902902582e+01 1.040965625879560719e+01
2.105505505505505326e+01 1.040204946112607409e+01
2.108108108108107714e+01 1.039438646098195740e+01
2.110710710710710458e+01 1.038666661324108986e+01
2.113313313313313202e+01 1.037888926234456122e+01
2.115915915915915591e+01 1.037105374176402428e+01
2.118518518518518334e+01 1.036315937343548299e+01
2.121121121121120723e+01 1.035504951784272976e+01
2.123723723723723467e+01 1.034681943554670269e+01
2.126326326326326210e+01 1.033850344752603689e+01
2.128928928928928599e+01 1.033009982736031773e+01
2.131531531531531343e+01 1.032160682967323773e+01
2.134134134134133731e+01 1.031302268900056163e+01
2.136736736736736475e+01 1.030434561857463294e+01
2.139339339339339219e+01 1.029557380901810149e+01
2.141941941941941607e+01 1.028670542693877366e+01
2.144544544544544351e+01 1.027773861341678341e+01
2.147147147147146740e+01 1.026867148237419869e+01
2.149749749749749483e+01 1.025950211881626117e+01
2.152352352352352227e+01 1.025022857693222988e+01
2.154954954954954616e+01 1.024084887804253086e+01
2.157557557557557359e+01 1.023136100837741935e+01
2.160160160160159748e+01 1.022176291667074111e+01
2.162762762762762492e+01 1.021205251155049964e+01
2.165365365365365236e+01 1.020222765870582471e+01
2.167967967967967624e+01 1.019228617780760615e+01
2.170570570570570368e+01 1.018222583915730617e+01
2.173173173173172756e+01 1.017204436003544998e+01
2.175775775775775500e+01 1.016173940071780812e+01
2.178378378378378244e+01 1.015130856012328664e+01
2.180980980980980632e+01 1.014074937105307761e+01
2.183583583583583376e+01 1.012980225422261960e+01
2.186186186186185765e+01 1.011857949765177800e+01
2.188788788788788509e+01 1.010717395696918786e+01
2.191391391391391252e+01 1.009558093736364981e+01
2.193993993993993641e+01 1.008379563062219120e+01
2.196596596596596385e+01 1.007181310493274218e+01
2.199199199199198773e+01 1.005962829355832433e+01
2.201801801801801517e+01 1.004723598223401559e+01
2.204404404404404261e+01 1.003463079511520561e+01
2.207007007007006649e+01 1.002180717907867979e+01
2.209609609609609393e+01 1.000875938614644234e+01
nan nan
nan nan
nan nan
nan nan
nan nan
nan nan
nan nan
nan nan
nan nan
nan nan
nan nan
nan nan
nan nan
nan nan
nan nan
nan nan
nan nan
nan nan
nan nan
nan nan
nan nan
nan nan
nan nan
nan nan
nan nan
nan nan
nan nan
nan nan
nan nan
nan nan
nan nan
nan nan
nan nan
nan nan
nan nan
nan nan
nan nan
nan nan
nan nan
nan nan
nan nan
nan nan
nan nan
nan nan
nan nan
nan nan
nan nan
nan nan
nan nan
nan nan
nan nan
nan nan
nan nan
nan nan
nan nan
nan nan
nan nan
nan nan
nan nan
nan nan
nan nan
nan nan
nan nan
nan nan
nan nan
nan nan
nan nan
nan nan
nan nan
nan nan
nan nan
nan nan
nan nan
nan nan
nan nan
nan nan
nan nan
nan nan
nan nan
nan nan
nan nan
nan nan
nan nan
nan nan
nan nan
nan nan
nan nan
nan nan
nan nan
nan nan
nan nan
nan nan
nan nan
nan nan
nan nan
nan nan
nan nan
nan nan
nan nan
nan nan
nan nan
nan nan
nan nan
nan nan
nan nan
nan nan
nan nan
nan nan
nan nan
nan nan
nan nan
nan nan
nan nan
nan nan
nan nan
nan nan
nan nan
nan nan
nan nan
nan nan
nan nan
nan nan
nan nan
nan nan
nan nan
nan nan
nan nan
nan nan
nan nan
nan nan
nan nan
nan nan
nan nan
nan nan
nan nan
nan nan
nan nan
nan nan
nan nan
nan nan
nan nan
nan nan
nan nan
nan nan
nan nan
nan nan
nan nan
nan nan
nan nan
nan nan
