0.000000000000000000e+00 1.323300494515798320e+01
2.602602602602602580e-02 1.320579017678136324e+01
5.205205205205205160e-02 1.320401297011413355e+01
7.807807807807808087e-02 1.320223562872215872e+01
1.041041041041041032e-01 1.320045815187322269e+01
1.301301301301301117e-01 1.319868053883303283e+01
1.561561561561561340e-01 1.319690278886521639e+01
1.821821821821821563e-01 1.319512490123129567e+01
2.082082082082081509e-01 1.319334687519068439e+01
2.342342342342341732e-01 1.319156871000067888e+01
2.602602602602601678e-01 1.318979040491644916e+01
2.862862862862862179e-01 1.318801195919102121e+01
3.123123123123122125e-01 1.318623337207526980e+01
3.383383383383382070e-01 1.318445464281791146e+01
3.643643643643642571e-01 1.318267577066549023e+01
3.903903903903902517e-01 1.318089675486235990e+01
4.164164164164162463e-01 1.317911759465068933e+01
4.424424424424422964e-01 1.317733828927043760e+01
4.684684684684682909e-01 1.317555883795934513e+01
4.944944944944942855e-01 1.317377923995293010e+01
5.205205205205203356e-01 1.317199949448446716e+01
5.465465465465464412e-01 1.317021960078498211e+01
5.725725725725725468e-01 1.316843955808324118e+01
5.985985985985985414e-01 1.316665936560573336e+01
6.246246246246246470e-01 1.316487902257667031e+01
6.506506506506507526e-01 1.316309852821795801e+01
6.766766766766767471e-01 1.316131788174920203e+01
7.027027027027028527e-01 1.315953708238768449e+01
7.287287287287289583e-01 1.315775612934836047e+01
7.547547547547549529e-01 1.315597502184383494e+01
7.807807807807810585e-01 1.315419375908436272e+01
8.068068068068071641e-01 1.315241234027783079e+01
8.328328328328331587e-01 1.315063076462974578e+01
8.588588588588592643e-01 1.314884903134322336e+01
8.848848848848853699e-01 1.314706713961897577e+01
9.109109109109113644e-01 1.314528508865529588e+01
9.369369369369374700e-01 1.314350287764805181e+01
9.629629629629635756e-01 1.314172050579066919e+01
9.889889889889894592e-01 1.313993797227411875e+01
1.015015015015015454e+00 1.313815527628690738e+01
1.041041041041041559e+00 1.313637241701506042e+01
1.067067067067067665e+00 1.313458939364211275e+01
1.093093093093093771e+00 1.313280620534909282e+01
1.119119119119119876e+00 1.313102285131451374e+01
1.145145145145145982e+00 1.312923933071435556e+01
1.171171171171171865e+00 1.312745564272205634e+01
1.197197197197197971e+00 1.312567178650849264e+01
1.223223223223224077e+00 1.312388776124197776e+01
1.249249249249250182e+00 1.312210356608823147e+01
1.275275275275276288e+00 1.312031920021038722e+01
1.301301301301302393e+00 1.311853466276895652e+01
1.327327327327328277e+00 1.311674995292183254e+01
1.353353353353354382e+00 1.311496506982427057e+01
1.379379379379380488e+00 1.311318001262886845e+01
1.405405405405406594e+00 1.311139478048556306e+01
1.431431431431432699e+00 1.310960937254160896e+01
1.457457457457458805e+00 1.310782378794156600e+01
1.483483483483484688e+00 1.310603802582728150e+01
1.509509509509510794e+00 1.310425208533789210e+01
1.535535535535536900e+00 1.310246596560978283e+01
1.561561561561563005e+00 1.310067966577659604e+01
1.587587587587589111e+00 1.309889318496920474e+01
1.613613613613615216e+00 1.309710652231570194e+01
1.639639639639641100e+00 1.309531967694138288e+01
1.665665665665667206e+00 1.309353264796873617e+01
1.691691691691693311e+00 1.309174543451742068e+01
1.717717717717719417e+00 1.308995803570425842e+01
1.743743743743745522e+00 1.308817045064321150e+01
1.769769769769771628e+00 1.308638267844537495e+01
1.795795795795797511e+00 1.308459471821895548e+01
1.821821821821823617e+00 1.308280656906925898e+01
1.847847847847849723e+00 1.308101823009867282e+01
1.873873873873875828e+00 1.307922970040665156e+01
1.899899899899901934e+00 1.307744097908970460e+01
1.925925925925927817e+00 1.307565206524136769e+01
1.951951951951953923e+00 1.307386295795220832e+01
1.977977977977979807e+00 1.307207365630978835e+01
2.004004004004005690e+00 1.307028415939866051e+01
2.030030030030031352e+00 1.306849446630034706e+01
2.056056056056057457e+00 1.306670457609332381e+01
2.082082082082083119e+00 1.306491448785300769e+01
2.108108108108109224e+00 1.306312420065173541e+01
2.134134134134134886e+00 1.306133371355874750e+01
2.160160160160160991e+00 1.305954302564017411e+01
2.186186186186186653e+00 1.305775213595901363e+01
2.212212212212212314e+00 1.305596104357512388e+01
2.238238238238238420e+00 1.305416974754519011e+01
2.264264264264264082e+00 1.305237824692272675e+01
2.290290290290290187e+00 1.305058654075804370e+01
2.316316316316315849e+00 1.304879462809824098e+01
2.342342342342341954e+00 1.304700250798717676e+01
2.368368368368367616e+00 1.304521017946546735e+01
2.394394394394393277e+00 1.304341764157045347e+01
2.420420420420419383e+00 1.304162489333619490e+01
2.446446446446445044e+00 1.303983193379344385e+01
2.472472472472471150e+00 1.303803876196962541e+01
2.498498498498496811e+00 1.303624537688883045e+01
2.524524524524522917e+00 1.303445177757178541e+01
2.550550550550548579e+00 1.303265796303583812e+01
2.576576576576574240e+00 1.303086393229494178e+01
2.602602602602600346e+00 1.302906968435963009e+01
2.628628628628626007e+00 1.302727521823700485e+01
2.654654654654652113e+00 1.302548053293070929e+01
2.680680680680677774e+00 1.302368562744091562e+01
2.706706706706703436e+00 1.302189050076430377e+01
2.732732732732729541e+00 1.302009515189404176e+01
2.758758758758755203e+00 1.301829957981976271e+01
2.784784784784781309e+00 1.301650378352754700e+01
2.810810810810806970e+00 1.301470776199990809e+01
2.836836836836833076e+00 1.301291151421576586e+01
2.862862862862858737e+00 1.301111503915042356e+01
2.888888888888884399e+00 1.300931833577555530e+01
2.914914914914910504e+00 1.300752140305918481e+01
2.940940940940936166e+00 1.300572423996565696e+01
2.966966966966962271e+00 1.300392684545562716e+01
2.992992992992987933e+00 1.300212921848603287e+01
3.019019019019014038e+00 1.300033135801007589e+01
3.045045045045039700e+00 1.299853326297719924e+01
3.071071071071065361e+00 1.299673493233306942e+01
3.097097097097091467e+00 1.299493636501955152e+01
3.123123123123117129e+00 1.299313755997468789e+01
3.149149149149143234e+00 1.299133851613267865e+01
3.175175175175168896e+00 1.298953923242385677e+01
3.201201201201195001e+00 1.298773970777467035e+01
3.227227227227220663e+00 1.298593994110765060e+01
3.253253253253246324e+00 1.298413993134140654e+01
3.279279279279272430e+00 1.298233967739058237e+01
3.305305305305298091e+00 1.298053917816584857e+01
3.331331331331324197e+00 1.297873843257387527e+01
3.357357357357349859e+00 1.297693743951731093e+01
3.383383383383375964e+00 1.297513619789475214e+01
3.409409409409401626e+00 1.297333470660072763e+01
3.435435435435427287e+00 1.297153296452567339e+01
3.461461461461453393e+00 1.296973097055590785e+01
3.487487487487479054e+00 1.296792872357360693e+01
3.513513513513505160e+00 1.296612622245677748e+01
3.539539539539530821e+00 1.296432346607924480e+01
3.565565565565556927e+00 1.296252045331061176e+01
3.591591591591582588e+00 1.296071718301624998e+01
3.617617617617608250e+00 1.295891365405726425e+01
3.643643643643634356e+00 1.295710986529046771e+01
3.669669669669660017e+00 1.295530581556836758e+01
3.695695695695686123e+00 1.295350150373912435e+01
3.721721721721711784e+00 1.295169692864654110e+01
3.747747747747737446e+00 1.294989208913002798e+01
3.773773773773763551e+00 1.294808698402457914e+01
3.799799799799789213e+00 1.294628161216074957e+01
3.825825825825815318e+00 1.294447597236462144e+01
3.851851851851840980e+00 1.294267006345779158e+01
3.877877877877867085e+00 1.294086388425732714e+01
3.903903903903892747e+00 1.293905743357575311e+01
3.929929929929918853e+00 1.293725071022101680e+01
3.955955955955944958e+00 1.293544371299646834e+01
3.981981981981970620e+00 1.293363644070082330e+01
4.008008008007996281e+00 1.293182889212814501e+01
4.034034034034022831e+00 1.293002106606781076e+01
4.060060060060048492e+00 1.292821296130448694e+01
4.086086086086074154e+00 1.292640457661809705e+01
4.112112112112099815e+00 1.292459591078379866e+01
4.138138138138125477e+00 1.292278696257195136e+01
4.164164164164152027e+00 1.292097773074808664e+01
4.190190190190177688e+00 1.291916821407288296e+01
4.216216216216203350e+00 1.291735841130213380e+01
4.242242242242229011e+00 1.291554832118672103e+01
4.268268268268254673e+00 1.291373794247257933e+01
4.294294294294281222e+00 1.291192727390067319e+01
4.320320320320306884e+00 1.291011631420696304e+01
4.346346346346332545e+00 1.290830506212237694e+01
4.372372372372358207e+00 1.290649351637277320e+01
4.398398398398384757e+00 1.290468167567892621e+01
4.424424424424410418e+00 1.290286953875647136e+01
4.450450450450436080e+00 1.290105710431589969e+01
4.476476476476461741e+00 1.289924437106250465e+01
4.502502502502487403e+00 1.289743133769636430e+01
4.528528528528513952e+00 1.289561800291230220e+01
4.554554554554539614e+00 1.289380436539986086e+01
4.580580580580565275e+00 1.289199042384326255e+01
4.606606606606590937e+00 1.289017617692138273e+01
4.632632632632616598e+00 1.288836162330771629e+01
4.658658658658643148e+00 1.288654676167033841e+01
4.684684684684668809e+00 1.288473159067187979e+01
4.710710710710694471e+00 1.288291610896948747e+01
4.736736736736720133e+00 1.288110031521479293e+01
4.762762762762746682e+00 1.287928420805387830e+01
4.788788788788772344e+00 1.287746778612723908e+01
4.814814814814798005e+00 1.287565104806975214e+01
4.840840840840823667e+00 1.287383399251064375e+01
4.866866866866849328e+00 1.287201661807344522e+01
4.892892892892875878e+00 1.287019892337596971e+01
4.918918918918901539e+00 1.286838090703026438e+01
4.944944944944927201e+00 1.286656256764258188e+01
4.970970970970952862e+00 1.286474390381334665e+01
4.996996996996978524e+00 1.286292491413710692e+01
5.023023023023005074e+00 1.286110559720250812e+01
5.049049049049030735e+00 1.285928595159225551e+01
5.075075075075056397e+00 1.285746597588306805e+01
5.101101101101082058e+00 1.285564566864565350e+01
5.127127127127107720e+00 1.285382502844465868e+01
5.153153153153134269e+00 1.285200405383863753e+01
5.179179179179159931e+00 1.285018274338001376e+01
5.205205205205185592e+00 1.284836109561503470e+01
5.231231231231211254e+00 1.284653910908373931e+01
5.257257257257237804e+00 1.284471678231992087e+01
5.283283283283263465e+00 1.284289411385107549e+01
5.309309309309289127e+00 1.284107110219837367e+01
5.335335335335314788e+00 1.283924774587661410e+01
5.361361361361340450e+00 1.283742404339418819e+01
5.387387387387366999e+00 1.283559999325302847e+01
5.413413413413392661e+00 1.283377559394858025e+01
5.439439439439418322e+00 1.283195084396975361e+01
5.465465465465443984e+00 1.283012574179887899e+01
5.491491491491469645e+00 1.282830028591166815e+01
5.517517517517496195e+00 1.282647447477717506e+01
5.543543543543521857e+00 1.282464830685774437e+01
5.569569569569547518e+00 1.282282178060897593e+01
5.595595595595573180e+00 1.282099489447967855e+01
5.621621621621599729e+00 1.281916764691182209e+01
5.647647647647625391e+00 1.281734003634050012e+01
5.673673673673651052e+00 1.281551206119388020e+01
5.699699699699676714e+00 1.281368371989316124e+01
5.725725725725702375e+00 1.281185501085252909e+01
5.751751751751728925e+00 1.281002593247910326e+01
5.777777777777754586e+00 1.280819648317290316e+01
5.803803803803780248e+00 1.280636666132679480e+01
5.829829829829805909e+00 1.280453646532643752e+01
5.855855855855831571e+00 1.280270589355025379e+01
5.881881881881858121e+00 1.280087494436936169e+01
5.907907907907883782e+00 1.279904361614754471e+01
5.933933933933909444e+00 1.279721190724118962e+01
5.959959959959935105e+00 1.279537981599924912e+01
5.985985985985960767e+00 1.279354734076318323e+01
6.012012012011987316e+00 1.279171447986691490e+01
6.038038038038012978e+00 1.278988123163678026e+01
6.064064064064038639e+00 1.278804759439147354e+01
6.090090090090064301e+00 1.278621356644200446e+01
6.116116116116090851e+00 1.278437914609163961e+01
6.142142142142116512e+00 1.278254433163585801e+01
6.168168168168142174e+00 1.278070912136228721e+01
6.194194194194167835e+00 1.277887351355066770e+01
6.220220220220193497e+00 1.277703750647278547e+01
6.246246246246220046e+00 1.277520109839242579e+01
6.272272272272245708e+00 1.277336428756531994e+01
6.298298298298271369e+00 1.277152707223908834e+01
6.324324324324297031e+00 1.276968945065318550e+01
6.350350350350322692e+00 1.276785142103885207e+01
6.376376376376349242e+00 1.276601298161904907e+01
6.402402402402374904e+00 1.276417413060841000e+01
6.428428428428400565e+00 1.276233486621317681e+01
6.454454454454426227e+00 1.276049518663115556e+01
6.480480480480452776e+00 1.275865509005164711e+01
6.506506506506478438e+00 1.275681457465539204e+01
6.532532532532504099e+00 1.275497363861451916e+01
6.558558558558529761e+00 1.275313228009247624e+01
6.584584584584555422e+00 1.275129049724398378e+01
6.610610610610581972e+00 1.274944828821496046e+01
6.636636636636607633e+00 1.274760565114247690e+01
6.662662662662633295e+00 1.274576258415468466e+01
6.688688688688658956e+00 1.274391908537076290e+01
6.714714714714684618e+00 1.274207515290084736e+01
6.740740740740711168e+00 1.274023078484598059e+01
6.766766766766736829e+00 1.273838597929803740e+01
6.792792792792762491e+00 1.273654073433967149e+01
6.818818818818788152e+00 1.273469504804424268e+01
6.844844844844814702e+00 1.273284891847576006e+01
6.870870870870840363e+00 1.273100234368881445e+01
6.896896896896866025e+00 1.272915532172850739e+01
6.922922922922891686e+00 1.272730785063039960e+01
6.948948948948917348e+00 1.272545992842042928e+01
6.974974974974943898e+00 1.272361155311485170e+01
7.001001001000969559e+00 1.272176272272017528e+01
7.027027027026995221e+00 1.271991343523308515e+01
7.053053053053020882e+00 1.271806368864038284e+01
7.079079079079046544e+00 1.271621348091890980e+01
7.105105105105073093e+00 1.271436281003548174e+01
7.131131131131098755e+00 1.271251167394681758e+01
7.157157157157124416e+00 1.271066007059946834e+01
7.183183183183150078e+00 1.270880799792974614e+01
7.209209209209175739e+00 1.270695545386364600e+01
7.235235235235202289e+00 1.270510243631678193e+01
7.261261261261227951e+00 1.270324894319431053e+01
7.287287287287253612e+00 1.270139497239085280e+01
7.313313313313279274e+00 1.269954052179042137e+01
7.339339339339305823e+00 1.269768558926635116e+01
7.365365365365331485e+00 1.269583017268121061e+01
7.391391391391357146e+00 1.269397426988673772e+01
7.417417417417382808e+00 1.269211787872375474e+01
7.443443443443408469e+00 1.269026099702209542e+01
7.469469469469435019e+00 1.268840362260052146e+01
7.495495495495460681e+00 1.268654575326664613e+01
7.521521521521486342e+00 1.268468738681685259e+01
7.547547547547512004e+00 1.268282852103621217e+01
7.573573573573537665e+00 1.268096915369840971e+01
7.599599599599564215e+00 1.267910928256564951e+01
7.625625625625589876e+00 1.267724890538858595e+01
7.651651651651615538e+00 1.267538801990622588e+01
7.677677677677641199e+00 1.267352662384585926e+01
7.703703703703667749e+00 1.267166471492295798e+01
7.729729729729693410e+00 1.266980229084110476e+01
7.755755755755719072e+00 1.266793934929189724e+01
7.781781781781744733e+00 1.266607588795486450e+01
7.807807807807770395e+00 1.266421190449737288e+01
7.833833833833796945e+00 1.266234739657455322e+01
7.859859859859822606e+00 1.266048236182918885e+01
7.885885885885849156e+00 1.265861679789164285e+01
7.911911911911875706e+00 1.265675070237975675e+01
7.937937937937902255e+00 1.265488407289876527e+01
7.963963963963929693e+00 1.265301690704119686e+01
7.989989989989956243e+00 1.265114920238678664e+01
8.016016016015981904e+00 1.264928095650237694e+01
8.042042042042009342e+00 1.264741216694182313e+01
8.068068068068036780e+00 1.264554283124589951e+01
8.094094094094062442e+00 1.264367294694219801e+01
8.120120120120089879e+00 1.264180251154503409e+01
8.146146146146115541e+00 1.263993152255535080e+01
8.172172172172142979e+00 1.263805997746060683e+01
8.198198198198170417e+00 1.263618787373468955e+01
8.224224224224196078e+00 1.263431520883780834e+01
8.250250250250223516e+00 1.263244198021638987e+01
8.276276276276249177e+00 1.263056818530297676e+01
8.302302302302276615e+00 1.262869382151612463e+01
8.328328328328304053e+00 1.262681888626029547e+01
8.354354354354329715e+00 1.262494337692574931e+01
8.380380380380357153e+00 1.262306729088844293e+01
8.406406406406382814e+00 1.262119062550991622e+01
8.432432432432410252e+00 1.261931337813718734e+01
8.458458458458437690e+00 1.261743554610263907e+01
8.484484484484463351e+00 1.261555712672390683e+01
8.510510510510490789e+00 1.261367811730377575e+01
8.536536536536516451e+00 1.261179851513005445e+01
8.562562562562543889e+00 1.260991831747547032e+01
8.588588588588571326e+00 1.260803752159755398e+01
8.614614614614596988e+00 1.260615612473851499e+01
8.640640640640624426e+00 1.260427412412513526e+01
8.666666666666650087e+00 1.260239151696864468e+01
8.692692692692677525e+00 1.260050830046460035e+01
8.718718718718704963e+00 1.259862447179277112e+01
8.744744744744730625e+00 1.259674002811701499e+01
8.770770770770758062e+00 1.259485496658514769e+01
8.796796796796783724e+00 1.259296928432883433e+01
8.822822822822811162e+00 1.259108297846345081e+01
8.848848848848838600e+00 1.258919604608796305e+01
8.874874874874864261e+00 1.258730848428480265e+01
8.900900900900891699e+00 1.258542029011973362e+01
8.926926926926917361e+00 1.258353146064172101e+01
8.952952952952944798e+00 1.258164199288280471e+01
8.978978978978972236e+00 1.257975188385796983e+01
9.005005005004997898e+00 1.257786113056500454e+01
9.031031031031025336e+00 1.257596972998437224e+01
9.057057057057050997e+00 1.257407767907907115e+01
9.083083083083078435e+00 1.257218497479450292e+01
9.109109109109105873e+00 1.257029161405832696e+01
9.135135135135131534e+00 1.256839759378033072e+01
9.161161161161158972e+00 1.256650291085227522e+01
9.187187187187184634e+00 1.256460756214776353e+01
9.213213213213212072e+00 1.256271154452209515e+01
9.239239239239237733e+00 1.256081485481211857e+01
9.265265265265265171e+00 1.255891748983608025e+01
9.291291291291292609e+00 1.255701944639348966e+01
9.317317317317318270e+00 1.255512072126495760e+01
9.343343343343345708e+00 1.255322131121205054e+01
9.369369369369371370e+00 1.255132121297714320e+01
9.395395395395398808e+00 1.254942042328325336e+01
9.421421421421426246e+00 1.254751893883389791e+01
9.447447447447451907e+00 1.254561675631293127e+01
9.473473473473479345e+00 1.254371387238438729e+01
9.499499499499505006e+00 1.254181028369232465e+01
9.525525525525532444e+00 1.253990598686065638e+01
9.551551551551559882e+00 1.253800097849299711e+01
9.577577577577585544e+00 1.253609525517249246e+01
9.603603603603612981e+00 1.253418881346165747e+01
9.629629629629638643e+00 1.253228164990220606e+01
9.655655655655666081e+00 1.253037376101488576e+01
9.681681681681693519e+00 1.252846514329930194e+01
9.707707707707719180e+00 1.252655579323375257e+01
9.733733733733746618e+00 1.252464570727504523e+01
9.759759759759772280e+00 1.252273488185833195e+01
9.785785785785799717e+00 1.252082331339692622e+01
9.811811811811827155e+00 1.251891099828212006e+01
9.837837837837852817e+00 1.251699793288301521e+01
9.863863863863880255e+00 1.251508411354632777e+01
9.889889889889905916e+00 1.251316953659621412e+01
9.915915915915933354e+00 1.251125419833407371e+01
9.941941941941960792e+00 1.250933809503837679e+01
9.967967967967986453e+00 1.250742122296445835e+01
9.993993993994013891e+00 1.250550357834433690e+01
1.002002002002003955e+01 1.250358515738652088e+01
1.004604604604606699e+01 1.250166595627580790e+01
1.007207207207209443e+01 1.249974597117308761e+01
1.009809809809812009e+01 1.249782519821515159e+01
1.012412412412414753e+01 1.249590363351448019e+01
1.015015015015017319e+01 1.249398127315904894e+01
1.017617617617620063e+01 1.249205811321211357e+01
1.020220220220222807e+01 1.249013414971201641e+01
1.022822822822825373e+01 1.248820937867196257e+01
1.025425425425428116e+01 1.248628379607981920e+01
1.028028028028030683e+01 1.248435739789789700e+01
1.030630630630633426e+01 1.248243018006273530e+01
1.033233233233236170e+01 1.248050213848488532e+01
1.035835835835838736e+01 1.247857326904868813e+01
1.038438438438441480e+01 1.247664356761205973e+01
1.041041041041044046e+01 1.247471303000625298e+01
1.043643643643646790e+01 1.247278165203564804e+01
1.046246246246249534e+01 1.247084942947750541e+01
1.048848848848852100e+01 1.246891635808175280e+01
1.051451451451454844e+01 1.246698243357073999e+01
1.054054054054057410e+01 1.246504765163900075e+01
1.056656656656660154e+01 1.246311200795302909e+01
1.059259259259262720e+01 1.246117549815102343e+01
1.061861861861865464e+01 1.245923811784265034e+01
1.064464464464468207e+01 1.245729986260879762e+01
1.067067067067070774e+01 1.245536072800133098e+01
1.069669669669673517e+01 1.245342070954283642e+01
1.072272272272276084e+01 1.245147980272636801e+01
1.074874874874878827e+01 1.244953800301519919e+01
1.077477477477481571e+01 1.244759530584255813e+01
1.080080080080084137e+01 1.244565170661136477e+01
1.082682682682686881e+01 1.244370720069397684e+01
1.085285285285289447e+01 1.244176178343191275e+01
1.087887887887892191e+01 1.243981545013559220e+01
1.090490490490494935e+01 1.243786819608405558e+01
1.093093093093097501e+01 1.243592001652469747e+01
1.095695695695700245e+01 1.243397090667298066e+01
1.098298298298302811e+01 1.243202086171216614e+01
1.100900900900905555e+01 1.243006987679302000e+01
1.103503503503508298e+01 1.242811794703353634e+01
1.106106106106110865e+01 1.242616506751863881e+01
1.108708708708713608e+01 1.242421123329989818e+01
1.111311311311316175e+01 1.242225643939523216e+01
1.113913913913918918e+01 1.242030068078860516e+01
1.116516516516521662e+01 1.241834395242973343e+01
1.119119119119124228e+01 1.241638624923377421e+01
1.121721721721726972e+01 1.241442756608102549e+01
1.124324324324329538e+01 1.241246789781660631e+01
1.126926926926932282e+01 1.241050723925014942e+01
1.129529529529535026e+01 1.240854558515548511e+01
1.132132132132137592e+01 1.240658293027031434e+01
1.134734734734740336e+01 1.240461926929588898e+01
1.137337337337342902e+01 1.240265459689668681e+01
1.139939939939945646e+01 1.240068890770007570e+01
1.142542542542548389e+01 1.239872219629598149e+01
1.145145145145150956e+01 1.239675445723654690e+01
1.147747747747753699e+01 1.239478568503580291e+01
1.150350350350356265e+01 1.239281587416930464e+01
1.152952952952959009e+01 1.239084501907379909e+01
1.155555555555561753e+01 1.238887311414686287e+01
1.158158158158164319e+01 1.238690015374655395e+01
1.160760760760767063e+01 1.238492613219104399e+01
1.163363363363369629e+01 1.238295104375825950e+01
1.165965965965972373e+01 1.238097488268551416e+01
1.168568568568575117e+01 1.237899764316913753e+01
1.171171171171177683e+01 1.237701931936409672e+01
1.173773773773780427e+01 1.237503990538362153e+01
1.176376376376382993e+01 1.237305939529881726e+01
1.178978978978985737e+01 1.237107778313827922e+01
1.181581581581588480e+01 1.236909506288770189e+01
1.184184184184191047e+01 1.236711122848947753e+01
1.186786786786793790e+01 1.236512627384230534e+01
1.189389389389396356e+01 1.236314019280077936e+01
1.191991991991999100e+01 1.236115297917498523e+01
1.194594594594601666e+01 1.235916462673007921e+01
1.197197197197204410e+01 1.235717512918587779e+01
1.199799799799807154e+01 1.235518448021643678e+01
1.202402402402409720e+01 1.235319267344961425e+01
1.205005005005012464e+01 1.235119970246665311e+01
1.207607607607615030e+01 1.234920556080172993e+01
1.210210210210217774e+01 1.234721024194153038e+01
1.212812812812820518e+01 1.234521373932479271e+01
1.215415415415423084e+01 1.234321604634185476e+01
1.218018018018025828e+01 1.234121715633421346e+01
1.220620620620628394e+01 1.233921706259404871e+01
1.223223223223231138e+01 1.233721575836376516e+01
1.225825825825833881e+01 1.233521323683552318e+01
1.228428428428436447e+01 1.233320949115076104e+01
1.231031031031039191e+01 1.233120451439971355e+01
1.233633633633641757e+01 1.232919829962092884e+01
1.236236236236244501e+01 1.232719083980077457e+01
1.238838838838847245e+01 1.232518212787293876e+01
1.241441441441449811e+01 1.232317215671793420e+01
1.244044044044052555e+01 1.232116091916258860e+01
1.246646646646655121e+01 1.231914840797952593e+01
1.249249249249257865e+01 1.231713461588665304e+01
1.251851851851860609e+01 1.231511953554663208e+01
1.254454454454463175e+01 1.231310315956635293e+01
1.257057057057065919e+01 1.231108548049639317e+01
1.259659659659668485e+01 1.230906649083048165e+01
1.262262262262271229e+01 1.230704618300493713e+01
1.264864864864873972e+01 1.230502454939813184e+01
1.267467467467476538e+01 1.230300158232991592e+01
1.270070070070079282e+01 1.230097727406105967e+01
1.272672672672681848e+01 1.229895161679267090e+01
1.275275275275284592e+01 1.229692460266562826e+01
1.277877877877887336e+01 1.229489622375998437e+01
1.280480480480489902e+01 1.229286647209437433e+01
1.283083083083092646e+01 1.229083533962542596e+01
1.285685685685695212e+01 1.228880281824713805e+01
1.288288288288297956e+01 1.228676889979028530e+01
1.290890890890900700e+01 1.228473357602178240e+01
1.293493493493503266e+01 1.228269683864406758e+01
1.296096096096106010e+01 1.228065867929446320e+01
1.298698698698708576e+01 1.227861908954454329e+01
1.301301301301311319e+01 1.227657806089947634e+01
1.303903903903914063e+01 1.227453558479736984e+01
1.306506506506516629e+01 1.227249165260861830e+01
1.309109109109119373e+01 1.227044625563522118e+01
1.311711711711721939e+01 1.226839938511010786e+01
1.314314314314324683e+01 1.226635103219645906e+01
1.316916916916927427e+01 1.226430118798700519e+01
1.319519519519529993e+01 1.226224984350332647e+01
1.322122122122132737e+01 1.226019698969515126e+01
1.324724724724735303e+01 1.225814261743962774e+01
1.327327327327338047e+01 1.225608671754060452e+01
1.329929929929940613e+01 1.225402928072790054e+01
1.332532532532543357e+01 1.225197029765655365e+01
1.335135135135146101e+01 1.224990975890607992e+01
1.337737737737748667e+01 1.224784765497970973e+01
1.340340340340351410e+01 1.224578397630361515e+01
1.342942942942953977e+01 1.224371871322614425e+01
1.345545545545556720e+01 1.224165185601703065e+01
1.348148148148159464e+01 1.223958339486659419e+01
1.350750750750762030e+01 1.223751331988494684e+01
1.353353353353364774e+01 1.223544162110117028e+01
1.355955955955967340e+01 1.223336828846250413e+01
1.358558558558570084e+01 1.223129331183350210e+01
1.361161161161172828e+01 1.222921668099520609e+01
1.363763763763775394e+01 1.222713838564427924e+01
1.366366366366378138e+01 1.222505841539215687e+01
1.368968968968980704e+01 1.222297675976417253e+01
1.371571571571583448e+01 1.222089340819867864e+01
1.374174174174186192e+01 1.221880835004614774e+01
1.376776776776788758e+01 1.221672157456828423e+01
1.379379379379391501e+01 1.221463307093710604e+01
1.381981981981994068e+01 1.221254282823402093e+01
1.384584584584596811e+01 1.221045083544889742e+01
1.387187187187199555e+01 1.220835708147911802e+01
1.389789789789802121e+01 1.220626155512863065e+01
1.392392392392404865e+01 1.220416424510697517e+01
1.394994994995007431e+01 1.220206514002831355e+01
1.397597597597610175e+01 1.219996422841043504e+01
1.400200200200212919e+01 1.219786149867376324e+01
1.402802802802815485e+01 1.219575693914034353e+01
1.405405405405418229e+01 1.219365053803281285e+01
1.408008008008020795e+01 1.219154228347337465e+01
1.410610610610623539e+01 1.218943216348274383e+01
1.413213213213226283e+01 1.218732016597909507e+01
1.415815815815828849e+01 1.218520627877698459e+01
1.418418418418431592e+01 1.218309048958627017e+01
1.421021021021034159e+01 1.218097278601100619e+01
1.423623623623636902e+01 1.217885315554835124e+01
1.426226226226239646e+01 1.217673158558742763e+01
1.428828828828842212e+01 1.217460806340819168e+01
1.431431431431444956e+01 1.217248257618028795e+01
1.434034034034047522e+01 1.217035511096188571e+01
1.436636636636650266e+01 1.216822565469849593e+01
1.439239239239253010e+01 1.216609419422179172e+01
1.441841841841855576e+01 1.216396071624839514e+01
1.444444444444458320e+01 1.216182520737866568e+01
1.447047047047060886e+01 1.215968765409546215e+01
1.449649649649663630e+01 1.215754804276290102e+01
1.452252252252266373e+01 1.215540635962509164e+01
1.454854854854868940e+01 1.215326259080485904e+01
1.457457457457471683e+01 1.215111672230245432e+01
1.460060060060074250e+01 1.214896873999424898e+01
1.462662662662676993e+01 1.214681862963140979e+01
1.465265265265279560e+01 1.214466637683856298e+01
1.467867867867882303e+01 1.214251196711244063e+01
1.470470470470485047e+01 1.214035538582050933e+01
1.473073073073087613e+01 1.213819661819958640e+01
1.475675675675690357e+01 1.213603564935444190e+01
1.478278278278292923e+01 1.213387246425637223e+01
1.480880880880895667e+01 1.213170704774176833e+01
1.483483483483498411e+01 1.212953938451066804e+01
1.486086086086100977e+01 1.212736945912527631e+01
1.488688688688703721e+01 1.212519725600849441e+01
1.491291291291306287e+01 1.212302275944239760e+01
1.493893893893909031e+01 1.212084595356672700e+01
1.496496496496511774e+01 1.211866682237734416e+01
1.499099099099114341e+01 1.211648534972466962e+01
1.501701701701717084e+01 1.211430151931211441e+01
1.504304304304319650e+01 1.211211531469447777e+01
1.506906906906922394e+01 1.210992671927634134e+01
1.509509509509525138e+01 1.210773571631042245e+01
1.512112112112127704e+01 1.210554228889593631e+01
1.514714714714730448e+01 1.210334641997691385e+01
1.517317317317333014e+01 1.210114809234051592e+01
1.519919919919935758e+01 1.209894728861531910e+01
1.522522522522538502e+01 1.209674399126958200e+01
1.525125125125141068e+01 1.209453818260949731e+01
1.527727727727743812e+01 1.209232984477741546e+01
1.530330330330346378e+01 1.209011895975005224e+01
1.532932932932949122e+01 1.208790550933666808e+01
1.535535535535551865e+01 1.208568947517724368e+01
1.538138138138154432e+01 1.208347083874060779e+01
1.540740740740757175e+01 1.208124958132256310e+01
1.543343343343359741e+01 1.207902568404398558e+01
1.545945945945962485e+01 1.207679912784889531e+01
1.548548548548565229e+01 1.207456989350251320e+01
1.551151151151167795e+01 1.207233796158928563e+01
1.553753753753770539e+01 1.207010331251089319e+01
1.556356356356373105e+01 1.206786592648423451e+01
1.558958958958975849e+01 1.206562578353937809e+01
1.561561561561578593e+01 1.206338286351750888e+01
1.564164164164181159e+01 1.206113714606882681e+01
1.566766766766783903e+01 1.205888861065044004e+01
1.569369369369386469e+01 1.205663723652422270e+01
1.571971971971989213e+01 1.205438300275465302e+01
1.574574574574591956e+01 1.205212588820662134e+01
1.577177177177194523e+01 1.204986587154321498e+01
1.579779779779797266e+01 1.204760293122347647e+01
1.582382382382399832e+01 1.204533704550014228e+01
1.584984984985002576e+01 1.204306819241733528e+01
1.587587587587605320e+01 1.204079634980825730e+01
1.590190190190207886e+01 1.203852149529283366e+01
1.592792792792810630e+01 1.203624360627533463e+01
1.595395395395413196e+01 1.203396265994198266e+01
1.597997997998015940e+01 1.203167863325850817e+01
1.600600600600618506e+01 1.202939150296769633e+01
1.603203203203221250e+01 1.202710124558689664e+01
1.605805805805823994e+01 1.202480783740550763e+01
1.608408408408426737e+01 1.202251125448242242e+01
1.611011011011029126e+01 1.202021147264346190e+01
1.613613613613631870e+01 1.201790846747875818e+01
1.616216216216234614e+01 1.201560221434012554e+01
1.618818818818837357e+01 1.201329268833838526e+01
1.621421421421440101e+01 1.201097986434067444e+01
1.624024024024042490e+01 1.200866371696771040e+01
1.626626626626645233e+01 1.200634422059103024e+01
1.629229229229247977e+01 1.200402134933020015e+01
1.631831831831850721e+01 1.200169507704998573e+01
1.634434434434453465e+01 1.199936537735749553e+01
1.637037037037055853e+01 1.199703222359929100e+01
1.639639639639658597e+01 1.199469558885845721e+01
1.642242242242261341e+01 1.199235544595165237e+01
1.644844844844864085e+01 1.199001176742610930e+01
1.647447447447466828e+01 1.198766452555660678e+01
1.650050050050069217e+01 1.198531369234241595e+01
1.652652652652671961e+01 1.198295923950420061e+01
1.655255255255274704e+01 1.198060113848088193e+01
1.657857857857877448e+01 1.197823936042647652e+01
1.660460460460480192e+01 1.197587387620688837e+01
1.663063063063082581e+01 1.197350465639667050e+01
1.665665665665685324e+01 1.197113167127575295e+01
1.668268268268288068e+01 1.196875489082611566e+01
1.670870870870890812e+01 1.196637428472845421e+01
1.673473473473493556e+01 1.196398982235877639e+01
1.676076076076095944e+01 1.196160147278497732e+01
1.678678678678698688e+01 1.195920920476337912e+01
1.681281281281301432e+01 1.195681298673521731e+01
1.683883883883904176e+01 1.195441278682310049e+01
1.686486486486506919e+01 1.195200857282742390e+01
1.689089089089109308e+01 1.194960031222274210e+01
1.691691691691712052e+01 1.194718797215410611e+01
1.694294294294314795e+01 1.194477151943335613e+01
1.696896896896917539e+01 1.194235092053537350e+01
1.699499499499520283e+01 1.193992614159428456e+01
1.702102102102122672e+01 1.193749714839963794e+01
1.704704704704725415e+01 1.193506390639252501e+01
1.707307307307328159e+01 1.193262638066165948e+01
1.709909909909930903e+01 1.193018453593942318e+01
1.712512512512533647e+01 1.192773833659784799e+01
1.715115115115136035e+01 1.192528774664458346e+01
1.717717717717738779e+01 1.192283272971879171e+01
1.720320320320341523e+01 1.192037324908700491e+01
1.722922922922944267e+01 1.191790926763895442e+01
1.725525525525547010e+01 1.191544074788332708e+01
1.728128128128149399e+01 1.191296765194349483e+01
1.730730730730752143e+01 1.191048994155318930e+01
1.733333333333354886e+01 1.190800757805213017e+01
1.735935935935957630e+01 1.190552052238160563e+01
1.738538538538560374e+01 1.190302873508001014e+01
1.741141141141162763e+01 1.190053217627832360e+01
1.743743743743765506e+01 1.189803080569554972e+01
1.746346346346368250e+01 1.189552458263409918e+01
1.748948948948970994e+01 1.189301346597512854e+01
1.751551551551573738e+01 1.189049741417382755e+01
1.754154154154176126e+01 1.188797638525464606e+01
1.756756756756778870e+01 1.188545033680648544e+01
1.759359359359381614e+01 1.188291922597782424e+01
1.761961961961984358e+01 1.188038300947179771e+01
1.764564564564587101e+01 1.187784164354122574e+01
1.767167167167189490e+01 1.187529508398358580e+01
1.769769769769792234e+01 1.187274328613592544e+01
1.772372372372394977e+01 1.187018620486973042e+01
1.774974974974997721e+01 1.186762379458573591e+01
1.777577577577600465e+01 1.186505600920867209e+01
1.780180180180202854e+01 1.186248280218196527e+01
1.782782782782805597e+01 1.185990412646237679e+01
1.785385385385408341e+01 1.185731993451459054e+01
1.787987987988011085e+01 1.185473017830572395e+01
1.790590590590613473e+01 1.185213480929981245e+01
1.793193193193216217e+01 1.184953377845219613e+01
1.795795795795818961e+01 1.184692703620388521e+01
1.798398398398421705e+01 1.184431453247582944e+01
1.801001001001024449e+01 1.184169621666315741e+01
1.803603603603626837e+01 1.183907203762932525e+01
1.806206206206229581e+01 1.183644194370022618e+01
1.808808808808832325e+01 1.183380588265822908e+01
1.811411411411435068e+01 1.183116380173613891e+01
1.814014014014037812e+01 1.182851564761111618e+01
1.816616616616640201e+01 1.182586136639851127e+01
1.819219219219242945e+01 1.182320090364564180e+01
1.821821821821845688e+01 1.182053420432550084e+01
1.824424424424448432e+01 1.181786121283039215e+01
1.827027027027051176e+01 1.181518187296550160e+01
1.829629629629653564e+01 1.181249612794240100e+01
1.832232232232256308e+01 1.180980392037246673e+01
1.834834834834859052e+01 1.180710519226024147e+01
1.837437437437461796e+01 1.180439988499671067e+01
1.840040040040064540e+01 1.180168793935252225e+01
1.842642642642666928e+01 1.179896929547109963e+01
1.845245245245269672e+01 1.179624389286171571e+01
1.847847847847872416e+01 1.179351167039245318e+01
1.850450450450475159e+01 1.179077256628311332e+01
1.853053053053077903e+01 1.178802651809802704e+01
1.855655655655680292e+01 1.178527346273879317e+01
1.858258258258283036e+01 1.178251333643692256e+01
1.860860860860885779e+01 1.177974607474640933e+01
1.863463463463488523e+01 1.177697161253620806e+01
1.866066066066091267e+01 1.177418988398262378e+01
1.868668668668693655e+01 1.177140082256161335e+01
1.871271271271296399e+01 1.176860436104099072e+01
1.873873873873899143e+01 1.176580043147255061e+01
1.876476476476501887e+01 1.176298896518407311e+01
1.879079079079104631e+01 1.176016989277125724e+01
1.881681681681707019e+01 1.175734314408953729e+01
1.884284284284309763e+01 1.175450864824580322e+01
1.886886886886912507e+01 1.175166633359001267e+01
1.889489489489515250e+01 1.174881612770670714e+01
1.892092092092117994e+01 1.174595795740640014e+01
1.894694694694720383e+01 1.174309174871686778e+01
1.897297297297323126e+01 1.174021742687432557e+01
1.899899899899925870e+01 1.173733491631448089e+01
1.902502502502528614e+01 1.173444414066345765e+01
1.905105105105131358e+01 1.173154502272862132e+01
1.907707707707733746e+01 1.172863748448925136e+01
1.910310310310336490e+01 1.172572144708709274e+01
1.912912912912939234e+01 1.172279683081678492e+01
1.915515515515541978e+01 1.171986355511612921e+01
1.918118118118144722e+01 1.171692153855624063e+01
1.920720720720747110e+01 1.171397069883152930e+01
1.923323323323349854e+01 1.171101095274955028e+01
1.925925925925952598e+01 1.170804221622069186e+01
1.928528528528555341e+01 1.170506440424770389e+01
1.931131131131158085e+01 1.170207743091506103e+01
1.933733733733760474e+01 1.169908120937816243e+01
1.936336336336363217e+01 1.169607565185235565e+01
1.938938938938965961e+01 1.169306066960177226e+01
1.941541541541568705e+01 1.169003617292798936e+01
1.944144144144171449e+01 1.168700207115849743e+01
1.946746746746773837e+01 1.168395827263495867e+01
1.949349349349376581e+01 1.168090468470127696e+01
1.951951951951979325e+01 1.167784121369145112e+01
1.954554554554582069e+01 1.167476776491720081e+01
1.957157157157184812e+01 1.167168424265538107e+01
1.959759759759787201e+01 1.166859055013515523e+01
1.962362362362389945e+01 1.166548658952492445e+01
1.964964964964992689e+01 1.166237226191901932e+01
1.967567567567595432e+01 1.165924746732411599e+01
1.970170170170198176e+01 1.165611210464539660e+01
1.972772772772800565e+01 1.165296607167243259e+01
1.975375375375403308e+01 1.164980926506477665e+01
1.977977977978006052e+01 1.164664158033725627e+01
1.980580580580608796e+01 1.164346291184497240e+01
1.983183183183211540e+01 1.164027315276795704e+01
1.985785785785813928e+01 1.163707219509552537e+01
1.988388388388416672e+01 1.163385992961026538e+01
1.990990990991019416e+01 1.163063624587169187e+01
1.993593593593622160e+01 1.162740103219950960e+01
1.996196196196224903e+01 1.162415417565651943e+01
1.998798798798827292e+01 1.162089556203111940e+01
2.001401401401430036e+01 1.161762507581938486e+01
2.004004004004032780e+01 1.161434260020675424e+01
2.006606606606635523e+01 1.161104801704923872e+01
2.009209209209238267e+01 1.160774120685420741e+01
2.011811811811840656e+01 1.160442204876068040e+01
2.014414414414443399e+01 1.160109042051913697e+01
2.017017017017046143e+01 1.159774619847082100e+01
2.019619619619648887e+01 1.159438925752650995e+01
2.022222222222251631e+01 1.159101947114474740e+01
2.024824824824854019e+01 1.158763671130950001e+01
2.027427427427456763e+01 1.158424084850723901e+01
2.030030030030059507e+01 1.158083175170339985e+01
2.032632632632662251e+01 1.157740928831821314e+01
2.035235235235264994e+01 1.157397332420189606e+01
2.037837837837867383e+01 1.157052372360915093e+01
2.040440440440470127e+01 1.156706034917295689e+01
2.043043043043072871e+01 1.156358306187765450e+01
2.045645645645675614e+01 1.156009172103125238e+01
2.048248248248278358e+01 1.155658618423696282e+01
2.050850850850880747e+01 1.155306630736392925e+01
2.053453453453483490e+01 1.154953194451710097e+01
2.056056056056086234e+01 1.154598294800624991e+01
2.058658658658688978e+01 1.154241916831408865e+01
2.061261261261291367e+01 1.153884045406342906e+01
2.063863863863894110e+01 1.153524665198340315e+01
2.066466466466496854e+01 1.153163760687466777e+01
2.069069069069099598e+01 1.152801316157356482e+01
2.071671671671702342e+01 1.152437315691521924e+01
2.074274274274304730e+01 1.152071743169551610e+01
2.076876876876907474e+01 1.151704582263191945e+01
2.079479479479510218e+01 1.151335816432311709e+01
2.082082082082112962e+01 1.150965428920740052e+01
2.084684684684715705e+01 1.150593402751979077e+01
2.087287287287318094e+01 1.150219720724782491e+01
2.089889889889920838e+01 1.149844365408598179e+01
2.092492492492523581e+01 1.149467319138867616e+01
2.095095095095126325e+01 1.149088564012180314e+01
2.097697697697729069e+01 1.148708081881274268e+01
2.100300300300331457e+01 1.148325854349880615e+01
2.102902902902934201e+01 1.147941862767405752e+01
2.105505505505536945e+01 1.147556088223443815e+01
2.108108108108139689e+01 1.147168511542116143e+01
2.110710710710742433e+01 1.146779113276231321e+01
2.113313313313344821e+01 1.146387873701256588e+01
2.115915915915947565e+01 1.145994772809099693e+01
2.118518518518550309e+01 1.145599790301688437e+01
2.121121121121153053e+01 1.145202905584346276e+01
2.123723723723755796e+01 1.144804097758953532e+01
2.126326326326358185e+01 1.144403345616889212e+01
2.128928928928960929e+01 1.144000627631742972e+01
2.131531531531563672e+01 1.143595921951793670e+01
2.134134134134166416e+01 1.143189206392242063e+01
2.136736736736769160e+01 1.142780458427191981e+01
2.139339339339371548e+01 1.142369655181372146e+01
2.141941941941974292e+01 1.141956773421584614e+01
2.144544544544577036e+01 1.141541789547878594e+01
2.147147147147179780e+01 1.141124679584432755e+01
2.149749749749782524e+01 1.140705419170140367e+01
2.152352352352384912e+01 1.140283983548885693e+01
2.154954954954987656e+01 1.139860347559501541e+01
2.157557557557590400e+01 1.139434485625395332e+01
2.160160160160193143e+01 1.139006371743835544e+01
2.162762762762795887e+01 1.138575979474883404e+01
2.165365365365398276e+01 1.138143281929959727e+01
2.167967967968001020e+01 1.137708251760033029e+01
2.170570570570603763e+01 1.137270861143417200e+01
2.173173173173206507e+01 1.136831081773162744e+01
2.175775775775809251e+01 1.136388884844030578e+01
2.178378378378411639e+01 1.135944241039030089e+01
2.180980980981014383e+01 1.135497120515509906e+01
2.183583583583617127e+01 1.135047492890781839e+01
2.186186186186219871e+01 1.134595327227265038e+01
2.188788788788822615e+01 1.134140592017129379e+01
2.191391391391425003e+01 1.133683255166423720e+01
2.193993993994027747e+01 1.133223283978669294e+01
2.196596596596630491e+01 1.132760645137896915e+01
2.199199199199233234e+01 1.132295304691110438e+01
2.201801801801835978e+01 1.131827228030154586e+01
2.204404404404438367e+01 1.131356379872965867e+01
2.207007007007041111e+01 1.130882724244180260e+01
2.209609609609643854e+01 1.130406224455080455e+01
2.212212212212246598e+01 1.129926843082851207e+01
2.214814814814849342e+01 1.129444541949120584e+01
2.217417417417451730e+01 1.128959282097760131e+01
2.220020020020054474e+01 1.128471023771912130e+01
2.222622622622657218e+01 1.127979726390219994e+01
2.225225225225259962e+01 1.127485348522225372e+01
2.227827827827862706e+01 1.126987847862903713e+01
2.230430430430465094e+01 1.126487181206301891e+01
2.233033033033067838e+01 1.125983304418244124e+01
2.235635635635670582e+01 1.125476172408067477e+01
2.238238238238273325e+01 1.124965739099351758e+01
2.240840840840876069e+01 1.124451957399596580e+01
2.243443443443478458e+01 1.123934779168810927e+01
2.246046046046081202e+01 1.123414155186964436e+01
2.248648648648683945e+01 1.122890035120255092e+01
2.251251251251286689e+01 1.122362367486147505e+01
2.253853853853889433e+01 1.121831099617124394e+01
2.256456456456491821e+01 1.121296177623101364e+01
2.259059059059094565e+01 1.120757546352447775e+01
2.261661661661697309e+01 1.120215149351550288e+01
2.264264264264300053e+01 1.119668928822859932e+01
2.266866866866902797e+01 1.119118825581356980e+01
2.269469469469505185e+01 1.118564779009358290e+01
2.272072072072107929e+01 1.118006727009601065e+01
2.274674674674710673e+01 1.117444605956521286e+01
2.277277277277313416e+01 1.116878350645646556e+01
2.279879879879916160e+01 1.116307894241018239e+01
2.282482482482518549e+01 1.115733168220552507e+01
2.285085085085121293e+01 1.115154102319243812e+01
2.287687687687724036e+01 1.114570624470112037e+01
2.290290290290326780e+01 1.113982660742787267e+01
2.292892892892929524e+01 1.113390135279616899e+01
2.295495495495531912e+01 1.112792970229182643e+01
2.298098098098134656e+01 1.112191085677096503e+01
2.300700700700737400e+01 1.111584399573947124e+01
2.303303303303340144e+01 1.110972827660256712e+01
2.305905905905942888e+01 1.110356283388298770e+01
2.308508508508545276e+01 1.109734677840620343e+01
2.311111111111148020e+01 1.109107919645106577e+01
2.313713713713750764e+01 1.108475914886405356e+01
2.316316316316353507e+01 1.107838567013532760e+01
2.318918918918956251e+01 1.107195776743456683e+01
2.321521521521558640e+01 1.106547441960451472e+01
2.324124124124161384e+01 1.105893457611001551e+01
2.326726726726764127e+01 1.105233715594015820e+01
2.329329329329366871e+01 1.104568104646102888e+01
2.331931931931969260e+01 1.103896510221641591e+01
2.334534534534572003e+01 1.103218814367359890e+01
2.337137137137174747e+01 1.102534895591123032e+01
2.339739739739777491e+01 1.101844628724606423e+01
2.342342342342380235e+01 1.101147884779512864e+01
2.344944944944982623e+01 1.100444530796967690e+01
2.347547547547585367e+01 1.099734429689701010e+01
2.350150150150188111e+01 1.099017440076601382e+01
2.352752752752790855e+01 1.098293416109199327e+01
2.355355355355393598e+01 1.097562207289600700e+01
2.357957957957995987e+01 1.096823658279366498e+01
2.360560560560598731e+01 1.096077608698793782e+01
2.363163163163201475e+01 1.095323892916015929e+01
2.365765765765804218e+01 1.094562339825300157e+01
2.368368368368406962e+01 1.093792772613874220e+01
2.370970970971009351e+01 1.093015008516562503e+01
2.373573573573612094e+01 1.092228858557466253e+01
2.376176176176214838e+01 1.091434127277858046e+01
2.378778778778817582e+01 1.090630612449402470e+01
2.381381381381420326e+01 1.089818104771746654e+01
2.383983983984022714e+01 1.088996387553448386e+01
2.386586586586625458e+01 1.088165236375136580e+01
2.389189189189228202e+01 1.087324418733699893e+01
2.391791791791830946e+01 1.086473693666216533e+01
2.394394394394433689e+01 1.085612811352226181e+01
2.396996996997036078e+01 1.084741512692835030e+01
2.399599599599638822e+01 1.083859528865016664e+01
2.402202202202241565e+01 1.082966580849345561e+01
2.404804804804844309e+01 1.082062378929234470e+01
2.407407407407447053e+01 1.081146622159600490e+01
2.410010010010049442e+01 1.080218997802692371e+01
2.412612612612652185e+01 1.079279180728620702e+01
2.415215215215254929e+01 1.078326832777910482e+01
2.417817817817857673e+01 1.077361602083161074e+01
2.420420420420460417e+01 1.076383122346625854e+01
2.423023023023062805e+01 1.075391012070239682e+01
2.425625625625665549e+01 1.074384873734291723e+01
2.428228228228268293e+01 1.073364292920585861e+01
2.430830830830871037e+01 1.072328837375533439e+01
2.433433433433473780e+01 1.071278056008178936e+01
2.436036036036076169e+01 1.070211477817668033e+01
2.438638638638678913e+01 1.069128610744125041e+01
2.441241241241281656e+01 1.068028940436286867e+01
2.443843843843884400e+01 1.066911928928569608e+01
2.446446446446487144e+01 1.065777013219474867e+01
2.449049049049089533e+01 1.064623603742388269e+01
2.451651651651692276e+01 1.063451082718871632e+01
2.454254254254295020e+01 1.062258802383462886e+01
2.456856856856897764e+01 1.061046083067792978e+01
2.459459459459500508e+01 1.059812211130463666e+01
2.462062062062102896e+01 1.058556436717577576e+01
2.464664664664705640e+01 1.057277971337073375e+01
2.467267267267308384e+01 1.055975985228035086e+01
2.469869869869911128e+01 1.054649604503894977e+01
2.472472472472513871e+01 1.053297908045894360e+01
2.475075075075116260e+01 1.051919924120238292e+01
2.477677677677719004e+01 1.050514626689057351e+01
2.480280280280321747e+01 1.049080931381464232e+01
2.482882882882924491e+01 1.047617691086609781e+01
2.485485485485527235e+01 1.046123691125606747e+01
2.488088088088129624e+01 1.044597643953378707e+01
2.490690690690732367e+01 1.043038183334771141e+01
2.493293293293335111e+01 1.041443857931488282e+01
2.495895895895937855e+01 1.039813124227379859e+01
2.498498498498540599e+01 1.038144338709074432e+01
2.501101101101142987e+01 1.036435749206670742e+01
2.503703703703745731e+01 1.034685485284803619e+01
2.506306306306348475e+01 1.032891547557486334e+01
2.508908908908951219e+01 1.031051795780224722e+01
2.511511511511553962e+01 1.029163935549343734e+01
2.514114114114156351e+01 1.027225503410560137e+01
2.516716716716759095e+01 1.025233850145631287e+01
2.519319319319361838e+01 1.023186121966253737e+01
2.521921921921964582e+01 1.021079239296906138e+01
2.524524524524567326e+01 1.018909872771220471e+01
2.527127127127169715e+01 1.016674415997531788e+01
2.529729729729772458e+01 1.014368954565755132e+01
2.532332332332375202e+01 1.011989230666145900e+01
2.534934934934977946e+01 1.009530602566431945e+01
2.537537537537580690e+01 1.006987998041674537e+01
2.540140140140183078e+01 1.004355860663878630e+01
2.542742742742785822e+01 1.001628087626811414e+01
nan nan
nan nan
nan nan
nan nan
nan nan
nan nan
nan nan
nan nan
nan nan
nan nan
nan nan
nan nan
nan nan
nan nan
nan nan
nan nan
nan nan
nan nan
nan nan
nan nan
nan nan
nan nan
