0.000000000000000000e+00 1.323300494515798320e+01
2.602602602602602233e-02 1.299377541414671100e+01
5.205205205205204466e-02 1.299181048720110887e+01
7.807807807807806699e-02 1.298984506693984287e+01
1.041041041041040893e-01 1.298787915177784669e+01
1.301301301301301117e-01 1.298591274012577301e+01
1.561561561561561340e-01 1.298394583038998462e+01
1.821821821821821563e-01 1.298197842097253130e+01
2.082082082082081786e-01 1.298001051027114627e+01
2.342342342342342010e-01 1.297804209667921427e+01
2.602602602602602233e-01 1.297607317858577680e+01
2.862862862862862734e-01 1.297410375437549845e+01
3.123123123123122680e-01 1.297213382242865798e+01
3.383383383383383181e-01 1.297016338112113765e+01
3.643643643643643126e-01 1.296819242882439838e+01
3.903903903903903627e-01 1.296622096390547085e+01
4.164164164164163573e-01 1.296424898472693599e+01
4.424424424424424074e-01 1.296227648964691248e+01
4.684684684684684020e-01 1.296030347701903729e+01
4.944944944944944520e-01 1.295832994519244963e+01
5.205205205205204466e-01 1.295635589251177855e+01
5.465465465465464412e-01 1.295438131731712161e+01
5.725725725725725468e-01 1.295240621794403424e+01
5.985985985985985414e-01 1.295043059272350661e+01
6.246246246246245359e-01 1.294845443998195655e+01
6.506506506506505305e-01 1.294647775804120116e+01
6.766766766766766361e-01 1.294450054521845139e+01
7.027027027027026307e-01 1.294252279982628906e+01
7.287287287287286253e-01 1.294054452017265078e+01
7.547547547547546198e-01 1.293856570456081556e+01
7.807807807807807254e-01 1.293658635128937817e+01
8.068068068068067200e-01 1.293460645865224734e+01
8.328328328328327146e-01 1.293262602493861202e+01
8.588588588588587092e-01 1.293064504843293783e+01
8.848848848848848148e-01 1.292866352741494040e+01
9.109109109109108093e-01 1.292668146015957653e+01
9.369369369369368039e-01 1.292469884493701748e+01
9.629629629629627985e-01 1.292271568001264015e+01
9.889889889889889041e-01 1.292073196364700749e+01
1.015015015015014788e+00 1.291874769409584545e+01
1.041041041041040893e+00 1.291676286961003051e+01
1.067067067067066999e+00 1.291477748843557372e+01
1.093093093093092882e+00 1.291279154881359759e+01
1.119119119119118988e+00 1.291080504898032544e+01
1.145145145145145094e+00 1.290881798716705120e+01
1.171171171171170977e+00 1.290683036160013586e+01
1.197197197197197083e+00 1.290484217050097904e+01
1.223223223223222966e+00 1.290285341208600656e+01
1.249249249249249072e+00 1.290086408456665090e+01
1.275275275275275177e+00 1.289887418614932812e+01
1.301301301301301061e+00 1.289688371503542896e+01
1.327327327327327167e+00 1.289489266942129220e+01
1.353353353353353272e+00 1.289290104749818511e+01
1.379379379379379156e+00 1.289090884745229637e+01
1.405405405405405261e+00 1.288891606746470053e+01
1.431431431431431145e+00 1.288692270571135623e+01
1.457457457457457251e+00 1.288492876036307422e+01
1.483483483483483356e+00 1.288293422958550316e+01
1.509509509509509240e+00 1.288093911153911364e+01
1.535535535535535345e+00 1.287894340437917329e+01
1.561561561561561451e+00 1.287694710625573258e+01
1.587587587587587334e+00 1.287495021531360173e+01
1.613613613613613440e+00 1.287295272969233118e+01
1.639639639639639324e+00 1.287095464752619733e+01
1.665665665665665429e+00 1.286895596694417598e+01
1.691691691691691535e+00 1.286695668606992804e+01
1.717717717717717418e+00 1.286495680302177469e+01
1.743743743743743524e+00 1.286295631591268318e+01
1.769769769769769630e+00 1.286095522285024373e+01
1.795795795795795513e+00 1.285895352193664465e+01
1.821821821821821619e+00 1.285695121126866702e+01
1.847847847847847724e+00 1.285494828893764740e+01
1.873873873873873608e+00 1.285294475302946360e+01
1.899899899899899713e+00 1.285094060162452045e+01
1.925925925925925597e+00 1.284893583279772145e+01
1.951951951951951703e+00 1.284693044461845268e+01
1.977977977977977808e+00 1.284492443515055626e+01
2.004004004004003914e+00 1.284291780245231607e+01
2.030030030030029575e+00 1.284091054457643644e+01
2.056056056056055681e+00 1.283890265957001375e+01
2.082082082082081786e+00 1.283689414547452579e+01
2.108108108108107892e+00 1.283488500032580149e+01
2.134134134134133998e+00 1.283287522215400323e+01
2.160160160160160103e+00 1.283086480898360904e+01
2.186186186186185765e+00 1.282885375883338241e+01
2.212212212212211870e+00 1.282684206971635987e+01
2.238238238238237976e+00 1.282482973963982076e+01
2.264264264264264082e+00 1.282281676660527481e+01
2.290290290290290187e+00 1.282080314860843373e+01
2.316316316316315849e+00 1.281878888363918634e+01
2.342342342342341954e+00 1.281677396968158256e+01
2.368368368368368060e+00 1.281475840471381211e+01
2.394394394394394165e+00 1.281274218670817611e+01
2.420420420420420271e+00 1.281072531363106926e+01
2.446446446446445933e+00 1.280870778344295324e+01
2.472472472472472038e+00 1.280668959409833541e+01
2.498498498498498144e+00 1.280467074354575452e+01
2.524524524524524249e+00 1.280265122972773995e+01
2.550550550550550355e+00 1.280063105058080453e+01
2.576576576576576461e+00 1.279861020403541616e+01
2.602602602602602122e+00 1.279658868801597116e+01
2.628628628628628228e+00 1.279456650044077470e+01
2.654654654654654333e+00 1.279254363922201598e+01
2.680680680680680439e+00 1.279052010226574865e+01
2.706706706706706544e+00 1.278849588747185706e+01
2.732732732732732206e+00 1.278647099273404208e+01
2.758758758758758312e+00 1.278444541593979622e+01
2.784784784784784417e+00 1.278241915497037162e+01
2.810810810810810523e+00 1.278039220770076589e+01
2.836836836836836628e+00 1.277836457199968834e+01
2.862862862862862290e+00 1.277633624572954751e+01
2.888888888888888395e+00 1.277430722674641217e+01
2.914914914914914501e+00 1.277227751289999702e+01
2.940940940940940607e+00 1.277024710203363433e+01
2.966966966966966712e+00 1.276821599198424906e+01
2.992992992992992818e+00 1.276618418058233395e+01
3.019019019019018479e+00 1.276415166565192649e+01
3.045045045045044585e+00 1.276211844501057513e+01
3.071071071071070691e+00 1.276008451646932862e+01
3.097097097097096796e+00 1.275804987783269340e+01
3.123123123123122902e+00 1.275601452689862469e+01
3.149149149149148563e+00 1.275397846145848391e+01
3.175175175175174669e+00 1.275194167929702793e+01
3.201201201201200774e+00 1.274990417819237187e+01
3.227227227227226880e+00 1.274786595591596594e+01
3.253253253253252986e+00 1.274582701023257769e+01
3.279279279279278647e+00 1.274378733890024762e+01
3.305305305305304753e+00 1.274174693967027672e+01
3.331331331331330858e+00 1.273970581028719806e+01
3.357357357357356964e+00 1.273766394848874484e+01
3.383383383383383070e+00 1.273562135200582901e+01
3.409409409409409175e+00 1.273357801856250227e+01
3.435435435435434837e+00 1.273153394587594889e+01
3.461461461461460942e+00 1.272948913165643603e+01
3.487487487487487048e+00 1.272744357360730305e+01
3.513513513513513153e+00 1.272539726942492422e+01
3.539539539539539259e+00 1.272335021679868561e+01
3.565565565565564921e+00 1.272130241341095136e+01
3.591591591591591026e+00 1.271925385693704413e+01
3.617617617617617132e+00 1.271720454504520603e+01
3.643643643643643237e+00 1.271515447539658084e+01
3.669669669669669343e+00 1.271310364564517492e+01
3.695695695695695449e+00 1.271105205343783773e+01
3.721721721721721110e+00 1.270899969641422445e+01
3.747747747747747216e+00 1.270694657220677470e+01
3.773773773773773321e+00 1.270489267844067527e+01
3.799799799799799427e+00 1.270283801273384050e+01
3.825825825825825532e+00 1.270078257269686617e+01
3.851851851851851194e+00 1.269872635593302057e+01
3.877877877877877300e+00 1.269666936003820013e+01
3.903903903903903405e+00 1.269461158260090272e+01
3.929929929929929511e+00 1.269255302120219753e+01
3.955955955955955616e+00 1.269049367341569479e+01
3.981981981981981278e+00 1.268843353680751562e+01
4.008008008008007828e+00 1.268637260893626006e+01
4.034034034034033489e+00 1.268431088735297863e+01
4.060060060060059151e+00 1.268224836960113677e+01
4.086086086086085700e+00 1.268018505321658829e+01
4.112112112112111362e+00 1.267812093572753440e+01
4.138138138138137911e+00 1.267605601465450960e+01
4.164164164164163573e+00 1.267399028751033363e+01
4.190190190190189234e+00 1.267192375180008135e+01
4.216216216216215784e+00 1.266985640502106314e+01
4.242242242242241446e+00 1.266778824466277520e+01
4.268268268268267995e+00 1.266571926820687644e+01
4.294294294294293657e+00 1.266364947312716183e+01
4.320320320320320207e+00 1.266157885688951090e+01
4.346346346346345868e+00 1.265950741695187176e+01
4.372372372372371530e+00 1.265743515076422554e+01
4.398398398398398079e+00 1.265536205576854023e+01
4.424424424424423741e+00 1.265328812939875114e+01
4.450450450450450290e+00 1.265121336908072003e+01
4.476476476476475952e+00 1.264913777223220315e+01
4.502502502502501613e+00 1.264706133626281392e+01
4.528528528528528163e+00 1.264498405857399632e+01
4.554554554554553825e+00 1.264290593655897510e+01
4.580580580580580374e+00 1.264082696760274160e+01
4.606606606606606036e+00 1.263874714908199515e+01
4.632632632632631697e+00 1.263666647836513235e+01
4.658658658658658247e+00 1.263458495281219029e+01
4.684684684684683909e+00 1.263250256977482167e+01
4.710710710710710458e+00 1.263041932659625921e+01
4.736736736736736120e+00 1.262833522061127312e+01
4.762762762762761781e+00 1.262625024914614258e+01
4.788788788788788331e+00 1.262416440951861318e+01
4.814814814814813992e+00 1.262207769903786136e+01
4.840840840840840542e+00 1.261999011500446066e+01
4.866866866866866204e+00 1.261790165471033909e+01
4.892892892892891865e+00 1.261581231543874715e+01
4.918918918918918415e+00 1.261372209446421522e+01
4.944944944944944076e+00 1.261163098905252156e+01
4.970970970970970626e+00 1.260953899646064436e+01
4.996996996996996288e+00 1.260744611393673686e+01
5.023023023023022837e+00 1.260535233872007588e+01
5.049049049049048499e+00 1.260325766804103331e+01
5.075075075075074160e+00 1.260116209912102647e+01
5.101101101101100710e+00 1.259906562917248962e+01
5.127127127127126371e+00 1.259696825539882781e+01
5.153153153153152921e+00 1.259486997499437777e+01
5.179179179179178583e+00 1.259277078514437065e+01
5.205205205205204244e+00 1.259067068302488757e+01
5.231231231231230794e+00 1.258856966580282410e+01
5.257257257257256455e+00 1.258646773063584412e+01
5.283283283283283005e+00 1.258436487467234599e+01
5.309309309309308667e+00 1.258226109505140933e+01
5.335335335335334328e+00 1.258015638890277188e+01
5.361361361361360878e+00 1.257805075334676381e+01
5.387387387387386539e+00 1.257594418549428816e+01
5.413413413413413089e+00 1.257383668244676755e+01
5.439439439439438750e+00 1.257172824129610156e+01
5.465465465465464412e+00 1.256961885912462407e+01
5.491491491491490962e+00 1.256750853300506421e+01
5.517517517517516623e+00 1.256539726000049839e+01
5.543543543543543173e+00 1.256328503716431300e+01
5.569569569569568834e+00 1.256117186154014931e+01
5.595595595595594496e+00 1.255905773016187155e+01
5.621621621621621046e+00 1.255694264005351357e+01
5.647647647647646707e+00 1.255482658822924158e+01
5.673673673673673257e+00 1.255270957169329904e+01
5.699699699699698918e+00 1.255059158743997472e+01
5.725725725725724580e+00 1.254847263245354227e+01
5.751751751751751129e+00 1.254635270370822475e+01
5.777777777777776791e+00 1.254423179816814837e+01
5.803803803803803341e+00 1.254210991278728926e+01
5.829829829829829002e+00 1.253998704450943436e+01
5.855855855855855552e+00 1.253786319026812279e+01
5.881881881881881213e+00 1.253573834698661393e+01
5.907907907907906875e+00 1.253361251157782874e+01
5.933933933933933424e+00 1.253148568094430360e+01
5.959959959959959086e+00 1.252935785197814944e+01
5.985985985985985636e+00 1.252722902156098783e+01
6.012012012012011297e+00 1.252509918656391719e+01
6.038038038038036959e+00 1.252296834384745594e+01
6.064064064064063508e+00 1.252083649026149281e+01
6.090090090090089170e+00 1.251870362264524061e+01
6.116116116116115720e+00 1.251656973782718474e+01
6.142142142142141381e+00 1.251443483262502987e+01
6.168168168168167043e+00 1.251229890384564847e+01
6.194194194194193592e+00 1.251016194828503814e+01
6.220220220220219254e+00 1.250802396272825767e+01
6.246246246246245803e+00 1.250588494394938444e+01
6.272272272272271465e+00 1.250374488871145928e+01
6.298298298298297127e+00 1.250160379376643327e+01
6.324324324324323676e+00 1.249946165585511082e+01
6.350350350350349338e+00 1.249731847170710708e+01
6.376376376376375887e+00 1.249517423804078398e+01
6.402402402402401549e+00 1.249302895156320048e+01
6.428428428428427210e+00 1.249088260897005576e+01
6.454454454454453760e+00 1.248873520694563766e+01
6.480480480480479422e+00 1.248658674216276587e+01
6.506506506506505971e+00 1.248443721128273864e+01
6.532532532532531633e+00 1.248228661095527237e+01
6.558558558558557294e+00 1.248013493781844474e+01
6.584584584584583844e+00 1.247798218849864682e+01
6.610610610610609505e+00 1.247582835961051728e+01
6.636636636636636055e+00 1.247367344775688558e+01
6.662662662662661717e+00 1.247151744952872043e+01
6.688688688688688266e+00 1.246936036150506411e+01
6.714714714714713928e+00 1.246720218025297910e+01
6.740740740740739589e+00 1.246504290232748779e+01
6.766766766766766139e+00 1.246288252427150667e+01
6.792792792792791801e+00 1.246072104261579838e+01
6.818818818818818350e+00 1.245855845387890248e+01
6.844844844844844012e+00 1.245639475456707679e+01
6.870870870870869673e+00 1.245422994117423698e+01
6.896896896896896223e+00 1.245206401018189268e+01
6.922922922922921884e+00 1.244989695805909236e+01
6.948948948948948434e+00 1.244772878126235227e+01
6.974974974974974096e+00 1.244555947623559611e+01
7.001001001000999757e+00 1.244338903941009811e+01
7.027027027027026307e+00 1.244121746720440669e+01
7.053053053053051968e+00 1.243904475602429294e+01
7.079079079079078518e+00 1.243687090226267955e+01
7.105105105105104180e+00 1.243469590229957511e+01
7.131131131131129841e+00 1.243251975250201191e+01
7.157157157157156391e+00 1.243034244922397491e+01
7.183183183183182052e+00 1.242816398880634310e+01
7.209209209209208602e+00 1.242598436757681135e+01
7.235235235235234263e+00 1.242380358184983535e+01
7.261261261261259925e+00 1.242162162792655167e+01
7.287287287287286475e+00 1.241943850209472089e+01
7.313313313313312136e+00 1.241725420062864593e+01
7.339339339339338686e+00 1.241506871978911519e+01
7.365365365365364347e+00 1.241288205582332616e+01
7.391391391391390897e+00 1.241069420496481079e+01
7.417417417417416559e+00 1.240850516343337517e+01
7.443443443443442220e+00 1.240631492743501596e+01
7.469469469469468770e+00 1.240412349316186003e+01
7.495495495495494431e+00 1.240193085679208274e+01
7.521521521521520981e+00 1.239973701448984045e+01
7.547547547547546642e+00 1.239754196240519235e+01
7.573573573573572304e+00 1.239534569667403119e+01
7.599599599599598854e+00 1.239314821341800510e+01
7.625625625625624515e+00 1.239094950874444123e+01
7.651651651651651065e+00 1.238874957874627647e+01
7.677677677677676726e+00 1.238654841950197039e+01
7.703703703703702388e+00 1.238434602707544308e+01
7.729729729729728938e+00 1.238214239751597745e+01
7.755755755755754599e+00 1.237993752685816418e+01
7.781781781781781149e+00 1.237773141112180220e+01
7.807807807807806810e+00 1.237552404631183300e+01
7.833833833833832472e+00 1.237331542841825538e+01
7.859859859859859021e+00 1.237110555341604723e+01
7.885885885885884683e+00 1.236889441726508210e+01
7.911911911911911233e+00 1.236668201591004745e+01
7.937937937937936894e+00 1.236446834528036298e+01
7.963963963963962556e+00 1.236225340129010064e+01
7.989989989989989105e+00 1.236003717983789763e+01
8.016016016016015655e+00 1.235781967680687110e+01
8.042042042042041317e+00 1.235560088806453471e+01
8.068068068068066978e+00 1.235338080946271866e+01
8.094094094094092640e+00 1.235115943683747375e+01
8.120120120120118301e+00 1.234893676600898793e+01
8.146146146146145739e+00 1.234671279278150635e+01
8.172172172172171400e+00 1.234448751294323188e+01
8.198198198198197062e+00 1.234226092226624161e+01
8.224224224224222723e+00 1.234003301650640161e+01
8.250250250250248385e+00 1.233780379140326566e+01
8.276276276276275823e+00 1.233557324267999533e+01
8.302302302302301484e+00 1.233334136604326403e+01
8.328328328328327146e+00 1.233110815718316289e+01
8.354354354354352807e+00 1.232887361177310837e+01
8.380380380380378469e+00 1.232663772546975345e+01
8.406406406406405907e+00 1.232440049391288461e+01
8.432432432432431568e+00 1.232216191272533479e+01
8.458458458458457230e+00 1.231992197751288209e+01
8.484484484484482891e+00 1.231768068386415393e+01
8.510510510510510329e+00 1.231543802735053461e+01
8.536536536536535991e+00 1.231319400352605697e+01
8.562562562562561652e+00 1.231094860792731360e+01
8.588588588588587314e+00 1.230870183607335022e+01
8.614614614614612975e+00 1.230645368346556801e+01
8.640640640640640413e+00 1.230420414558762054e+01
8.666666666666666075e+00 1.230195321790531793e+01
8.692692692692691736e+00 1.229970089586651127e+01
8.718718718718717398e+00 1.229744717490100214e+01
8.744744744744743059e+00 1.229519205042042529e+01
8.770770770770770497e+00 1.229293551781815452e+01
8.796796796796796158e+00 1.229067757246919257e+01
8.822822822822821820e+00 1.228841820973005916e+01
8.848848848848847481e+00 1.228615742493868801e+01
8.874874874874873143e+00 1.228389521341431845e+01
8.900900900900900581e+00 1.228163157045737641e+01
8.926926926926926242e+00 1.227936649134938030e+01
8.952952952952951904e+00 1.227709997135281483e+01
8.978978978978977565e+00 1.227483200571102628e+01
9.005005005005003227e+00 1.227256258964809987e+01
9.031031031031030665e+00 1.227029171836876209e+01
9.057057057057056326e+00 1.226801938705824746e+01
9.083083083083081988e+00 1.226574559088219196e+01
9.109109109109107649e+00 1.226347032498651757e+01
9.135135135135133311e+00 1.226119358449730790e+01
9.161161161161160749e+00 1.225891536452068920e+01
9.187187187187186410e+00 1.225663566014271488e+01
9.213213213213212072e+00 1.225435446642924830e+01
9.239239239239237733e+00 1.225207177842582595e+01
9.265265265265263395e+00 1.224978759115754912e+01
9.291291291291290833e+00 1.224750189962895064e+01
9.317317317317316494e+00 1.224521469882387770e+01
9.343343343343342156e+00 1.224292598370535323e+01
9.369369369369367817e+00 1.224063574921546582e+01
9.395395395395393479e+00 1.223834399027522579e+01
9.421421421421420916e+00 1.223605070178444620e+01
9.447447447447446578e+00 1.223375587862160430e+01
9.473473473473472239e+00 1.223145951564372069e+01
9.499499499499497901e+00 1.222916160768621197e+01
9.525525525525523562e+00 1.222686214956277517e+01
9.551551551551551000e+00 1.222456113606523509e+01
9.577577577577576662e+00 1.222225856196341987e+01
9.603603603603602323e+00 1.221995442200502069e+01
9.629629629629627985e+00 1.221764871091545324e+01
9.655655655655653646e+00 1.221534142339771556e+01
9.681681681681681084e+00 1.221303255413225308e+01
9.707707707707706746e+00 1.221072209777681294e+01
9.733733733733732407e+00 1.220841004896630189e+01
9.759759759759758069e+00 1.220609640231264414e+01
9.785785785785783730e+00 1.220378115240462868e+01
9.811811811811811168e+00 1.220146429380777064e+01
9.837837837837836830e+00 1.219914582106416390e+01
9.863863863863862491e+00 1.219682572869232295e+01
9.889889889889888153e+00 1.219450401118704086e+01
9.915915915915913814e+00 1.219218066301923109e+01
9.941941941941941252e+00 1.218985567863578368e+01
9.967967967967966914e+00 1.218752905245939822e+01
9.993993993993992575e+00 1.218520077888844000e+01
1.002002002002001824e+01 1.218287085229677302e+01
1.004604604604604567e+01 1.218053926703361078e+01
1.007207207207207134e+01 1.217820601742334929e+01
1.009809809809809700e+01 1.217587109776540899e+01
1.012412412412412266e+01 1.217353450233406775e+01
1.015015015015014832e+01 1.217119622537830814e+01
1.017617617617617576e+01 1.216885626112163798e+01
1.020220220220220142e+01 1.216651460376193228e+01
1.022822822822822708e+01 1.216417124747126266e+01
1.025425425425425274e+01 1.216182618639572688e+01
1.028028028028027840e+01 1.215947941465527471e+01
1.030630630630630584e+01 1.215713092634354631e+01
1.033233233233233150e+01 1.215478071552767858e+01
1.035835835835835717e+01 1.215242877624815065e+01
1.038438438438438283e+01 1.215007510251858669e+01
1.041041041041040849e+01 1.214771968832559601e+01
1.043643643643643593e+01 1.214536252762857593e+01
1.046246246246246159e+01 1.214300361435953945e+01
1.048848848848848725e+01 1.214064294242292341e+01
1.051451451451451291e+01 1.213828050569541617e+01
1.054054054054053857e+01 1.213591629802575333e+01
1.056656656656656601e+01 1.213355031323454369e+01
1.059259259259259167e+01 1.213118254511407201e+01
1.061861861861861733e+01 1.212881298742810365e+01
1.064464464464464299e+01 1.212644163391169805e+01
1.067067067067066866e+01 1.212406847827100798e+01
1.069669669669669609e+01 1.212169351418308594e+01
1.072272272272272176e+01 1.211931673529567988e+01
1.074874874874874742e+01 1.211693813522703422e+01
1.077477477477477308e+01 1.211455770756569272e+01
1.080080080080079874e+01 1.211217544587027994e+01
1.082682682682682618e+01 1.210979134366931298e+01
1.085285285285285184e+01 1.210740539446097941e+01
1.087887887887887750e+01 1.210501759171292946e+01
1.090490490490490316e+01 1.210262792886206640e+01
1.093093093093092882e+01 1.210023639931433337e+01
1.095695695695695626e+01 1.209784299644449135e+01
1.098298298298298192e+01 1.209544771359591131e+01
1.100900900900900758e+01 1.209305054408034330e+01
1.103503503503503325e+01 1.209065148117769617e+01
1.106106106106105891e+01 1.208825051813582263e+01
1.108708708708708635e+01 1.208584764817028123e+01
1.111311311311311201e+01 1.208344286446411786e+01
1.113913913913913767e+01 1.208103616016762238e+01
1.116516516516516333e+01 1.207862752839811726e+01
1.119119119119118899e+01 1.207621696223969643e+01
1.121721721721721643e+01 1.207380445474301034e+01
1.124324324324324209e+01 1.207138999892501552e+01
1.126926926926926775e+01 1.206897358776873652e+01
1.129529529529529341e+01 1.206655521422302257e+01
1.132132132132131908e+01 1.206413487120230066e+01
1.134734734734734651e+01 1.206171255158632505e+01
1.137337337337337217e+01 1.205928824821993395e+01
1.139939939939939784e+01 1.205686195391279014e+01
1.142542542542542350e+01 1.205443366143912520e+01
1.145145145145144916e+01 1.205200336353749080e+01
1.147747747747747660e+01 1.204957105291048514e+01
1.150350350350350226e+01 1.204713672222450072e+01
1.152952952952952792e+01 1.204470036410946143e+01
1.155555555555555358e+01 1.204226197115853836e+01
1.158158158158157924e+01 1.203982153592790283e+01
1.160760760760760668e+01 1.203737905093643512e+01
1.163363363363363234e+01 1.203493450866545800e+01
1.165965965965965800e+01 1.203248790155845782e+01
1.168568568568568367e+01 1.203003922202080389e+01
1.171171171171171110e+01 1.202758846241946245e+01
1.173773773773773677e+01 1.202513561508271600e+01
1.176376376376376243e+01 1.202268067229986848e+01
1.178978978978978809e+01 1.202022362632096097e+01
1.181581581581581375e+01 1.201776446935647158e+01
1.184184184184184119e+01 1.201530319357702226e+01
1.186786786786786685e+01 1.201283979111307154e+01
1.189389389389389251e+01 1.201037425405462322e+01
1.191991991991991817e+01 1.200790657445091369e+01
1.194594594594594383e+01 1.200543674431010466e+01
1.197197197197197127e+01 1.200296475559896336e+01
1.199799799799799693e+01 1.200049060024256775e+01
1.202402402402402259e+01 1.199801427012396715e+01
1.205005005005004826e+01 1.199553575708387321e+01
1.207607607607607392e+01 1.199305505292033303e+01
1.210210210210210136e+01 1.199057214938840055e+01
1.212812812812812702e+01 1.198808703819981147e+01
1.215415415415415268e+01 1.198559971102264043e+01
1.218018018018017834e+01 1.198311015948097236e+01
1.220620620620620400e+01 1.198061837515455608e+01
1.223223223223223144e+01 1.197812434957846683e+01
1.225825825825825710e+01 1.197562807424275277e+01
1.228428428428428276e+01 1.197312954059208678e+01
1.231031031031030842e+01 1.197062874002541655e+01
1.233633633633633409e+01 1.196812566389560040e+01
1.236236236236236152e+01 1.196562030350905026e+01
1.238838838838838718e+01 1.196311265012536396e+01
1.241441441441441285e+01 1.196060269495696105e+01
1.244044044044043851e+01 1.195809042916870979e+01
1.246646646646646417e+01 1.195557584387754524e+01
1.249249249249249161e+01 1.195305893015209975e+01
1.251851851851851727e+01 1.195053967901231040e+01
1.254454454454454293e+01 1.194801808142903532e+01
1.257057057057056859e+01 1.194549412832366819e+01
1.259659659659659425e+01 1.194296781056773149e+01
1.262262262262262169e+01 1.194043911898248567e+01
1.264864864864864735e+01 1.193790804433852770e+01
1.267467467467467301e+01 1.193537457735537366e+01
1.270070070070069868e+01 1.193283870870105723e+01
1.272672672672672434e+01 1.193030042899171050e+01
1.275275275275275177e+01 1.192775972879114477e+01
1.277877877877877744e+01 1.192521659861042238e+01
1.280480480480480310e+01 1.192267102890743580e+01
1.283083083083082876e+01 1.192012301008646702e+01
1.285685685685685442e+01 1.191757253249775417e+01
1.288288288288288186e+01 1.191501958643705095e+01
1.290890890890890752e+01 1.191246416214517545e+01
1.293493493493493318e+01 1.190990624980756252e+01
1.296096096096095884e+01 1.190734583955380899e+01
1.298698698698698450e+01 1.190478292145720829e+01
1.301301301301301194e+01 1.190221748553429215e+01
1.303903903903903760e+01 1.189964952174435275e+01
1.306506506506506327e+01 1.189707901998897555e+01
1.309109109109108893e+01 1.189450597011155253e+01
1.311711711711711459e+01 1.189193036189679908e+01
1.314314314314314203e+01 1.188935218507026725e+01
1.316916916916916769e+01 1.188677142929784836e+01
1.319519519519519335e+01 1.188418808418526673e+01
1.322122122122121901e+01 1.188160213927758413e+01
1.324724724724724645e+01 1.187901358405868457e+01
1.327327327327327211e+01 1.187642240795075033e+01
1.329929929929929777e+01 1.187382860031375564e+01
1.332532532532532343e+01 1.187123215044492142e+01
1.335135135135134909e+01 1.186863304757819648e+01
1.337737737737737653e+01 1.186603128088371051e+01
1.340340340340340219e+01 1.186342683946723042e+01
1.342942942942942786e+01 1.186081971236961330e+01
1.345545545545545352e+01 1.185820988856624680e+01
1.348148148148147918e+01 1.185559735696648609e+01
1.350750750750750662e+01 1.185298210641309069e+01
1.353353353353353228e+01 1.185036412568164543e+01
1.355955955955955794e+01 1.184774340347997779e+01
1.358558558558558360e+01 1.184511992844757700e+01
1.361161161161160926e+01 1.184249368915499545e+01
1.363763763763763670e+01 1.183986467410325005e+01
1.366366366366366236e+01 1.183723287172322003e+01
1.368968968968968802e+01 1.183459827037502521e+01
1.371571571571571369e+01 1.183196085834741318e+01
1.374174174174173935e+01 1.182932062385713579e+01
1.376776776776776678e+01 1.182667755504830076e+01
1.379379379379379245e+01 1.182403163999175177e+01
1.381981981981981811e+01 1.182138286668440585e+01
1.384584584584584377e+01 1.181873122304860146e+01
1.387187187187186943e+01 1.181607669693144302e+01
1.389789789789789687e+01 1.181341927610412590e+01
1.392392392392392253e+01 1.181075894826126316e+01
1.394994994994994819e+01 1.180809570102019634e+01
1.397597597597597385e+01 1.180542952192030981e+01
1.400200200200199951e+01 1.180276039842233082e+01
1.402802802802802695e+01 1.180008831790761370e+01
1.405405405405405261e+01 1.179741326767743814e+01
1.408008008008007828e+01 1.179473523495227560e+01
1.410610610610610394e+01 1.179205420687105921e+01
1.413213213213212960e+01 1.178937017049045188e+01
1.415815815815815704e+01 1.178668311278408609e+01
1.418418418418418270e+01 1.178399302064181775e+01
1.421021021021020836e+01 1.178129988086895530e+01
1.423623623623623402e+01 1.177860368018549231e+01
1.426226226226225968e+01 1.177590440522531168e+01
1.428828828828828712e+01 1.177320204253541291e+01
1.431431431431431278e+01 1.177049657857509501e+01
1.434034034034033844e+01 1.176778799971515177e+01
1.436636636636636410e+01 1.176507629223706353e+01
1.439239239239238977e+01 1.176236144233214631e+01
1.441841841841841720e+01 1.175964343610073826e+01
1.444444444444444287e+01 1.175692225955133274e+01
1.447047047047046853e+01 1.175419789859973108e+01
1.449649649649649419e+01 1.175147033906817207e+01
1.452252252252251985e+01 1.174873956668445452e+01
1.454854854854854729e+01 1.174600556708105081e+01
1.457457457457457295e+01 1.174326832579420277e+01
1.460060060060059861e+01 1.174052782826302277e+01
1.462662662662662427e+01 1.173778405982856476e+01
1.465265265265264993e+01 1.173503700573290054e+01
1.467867867867867737e+01 1.173228665111817470e+01
1.470470470470470303e+01 1.172953298102565611e+01
1.473073073073072869e+01 1.172677598039476798e+01
1.475675675675675436e+01 1.172401563406211800e+01
1.478278278278278179e+01 1.172125192676051597e+01
1.480880880880880746e+01 1.171848484311796135e+01
1.483483483483483312e+01 1.171571436765664842e+01
1.486086086086085878e+01 1.171294048479193073e+01
1.488688688688688444e+01 1.171016317883129965e+01
1.491291291291291188e+01 1.170738243397332567e+01
1.493893893893893754e+01 1.170459823430660329e+01
1.496496496496496320e+01 1.170181056380868334e+01
1.499099099099098886e+01 1.169901940634497706e+01
1.501701701701701452e+01 1.169622474566766535e+01
1.504304304304304196e+01 1.169342656541458680e+01
1.506906906906906762e+01 1.169062484910810618e+01
1.509509509509509328e+01 1.168781958015398104e+01
1.512112112112111895e+01 1.168501074184020716e+01
1.514714714714714461e+01 1.168219831733584968e+01
1.517317317317317205e+01 1.167938228968986181e+01
1.519919919919919771e+01 1.167656264182988757e+01
1.522522522522522337e+01 1.167373935656105388e+01
1.525125125125124903e+01 1.167091241656474310e+01
1.527727727727727469e+01 1.166808180439734954e+01
1.530330330330330213e+01 1.166524750248902720e+01
1.532932932932932779e+01 1.166240949314241071e+01
1.535535535535535345e+01 1.165956775853133642e+01
1.538138138138137911e+01 1.165672228069952787e+01
1.540740740740740478e+01 1.165387304155928128e+01
1.543343343343343221e+01 1.165102002289013150e+01
1.545945945945945788e+01 1.164816320633748781e+01
1.548548548548548354e+01 1.164530257341126784e+01
1.551151151151150920e+01 1.164243810548451030e+01
1.553753753753753486e+01 1.163956978379197160e+01
1.556356356356356230e+01 1.163669758942868881e+01
1.558958958958958796e+01 1.163382150334855325e+01
1.561561561561561362e+01 1.163094150636283608e+01
1.564164164164163928e+01 1.162805757913871929e+01
1.566766766766766494e+01 1.162516970219778933e+01
1.569369369369369238e+01 1.162227785591452545e+01
1.571971971971971804e+01 1.161938202051475244e+01
1.574574574574574370e+01 1.161648217607409883e+01
1.577177177177176937e+01 1.161357830251640166e+01
1.579779779779779503e+01 1.161067037961212023e+01
1.582382382382382247e+01 1.160775838697671425e+01
1.584984984984984813e+01 1.160484230406900075e+01
1.587587587587587379e+01 1.160192211018949671e+01
1.590190190190189945e+01 1.159899778447872798e+01
1.592792792792792511e+01 1.159606930591553642e+01
1.595395395395395255e+01 1.159313665331533905e+01
1.597997997997997821e+01 1.159019980532838012e+01
1.600600600600600387e+01 1.158725874043796367e+01
1.603203203203203131e+01 1.158431343695864513e+01
1.605805805805805520e+01 1.158136387303441772e+01
1.608408408408408263e+01 1.157841002663686147e+01
1.611011011011010652e+01 1.157545187556327093e+01
1.613613613613613396e+01 1.157248939743476868e+01
1.616216216216216139e+01 1.156952256969436732e+01
1.618818818818818528e+01 1.156655136960503683e+01
1.621421421421421272e+01 1.156357577424772032e+01
1.624024024024023660e+01 1.156059576051934101e+01
1.626626626626626404e+01 1.155761130513076296e+01
1.629229229229229148e+01 1.155462238460475000e+01
1.631831831831831536e+01 1.155162897527386789e+01
1.634434434434434280e+01 1.154863105327838113e+01
1.637037037037036669e+01 1.154562859456410173e+01
1.639639639639639412e+01 1.154262157488023099e+01
1.642242242242242156e+01 1.153960996977714792e+01
1.644844844844844545e+01 1.153659375460417813e+01
1.647447447447447288e+01 1.153357290450733430e+01
1.650050050050049677e+01 1.153054739442702470e+01
1.652652652652652421e+01 1.152751719909571548e+01
1.655255255255255165e+01 1.152448229303558591e+01
1.657857857857857553e+01 1.152144265055612316e+01
1.660460460460460297e+01 1.151839824575170468e+01
1.663063063063062685e+01 1.151534905249913443e+01
1.665665665665665429e+01 1.151229504445515062e+01
1.668268268268268173e+01 1.150923619505388906e+01
1.670870870870870561e+01 1.150617247750432348e+01
1.673473473473473305e+01 1.150310386478766134e+01
1.676076076076075694e+01 1.150003032965469707e+01
1.678678678678678438e+01 1.149695184462313691e+01
1.681281281281281181e+01 1.149386838197488636e+01
1.683883883883883570e+01 1.149077991375328978e+01
1.686486486486486314e+01 1.148768641176033078e+01
1.689089089089088702e+01 1.148458784755380258e+01
1.691691691691691446e+01 1.148148419244442309e+01
1.694294294294294190e+01 1.147837541749292001e+01
1.696896896896896578e+01 1.147526149350706426e+01
1.699499499499499322e+01 1.147214239103866440e+01
1.702102102102102066e+01 1.146901808038051662e+01
1.704704704704704454e+01 1.146588853156331034e+01
1.707307307307307198e+01 1.146275371435247692e+01
1.709909909909909587e+01 1.145961359824501891e+01
1.712512512512512330e+01 1.145646815246625572e+01
1.715115115115115074e+01 1.145331734596655160e+01
1.717717717717717463e+01 1.145016114741797431e+01
1.720320320320320207e+01 1.144699952521092001e+01
1.722922922922922595e+01 1.144383244745066897e+01
1.725525525525525339e+01 1.144065988195390737e+01
1.728128128128128083e+01 1.143748179624518180e+01
1.730730730730730471e+01 1.143429815755331269e+01
1.733333333333333215e+01 1.143110893280773510e+01
1.735935935935935603e+01 1.142791408863481095e+01
1.738538538538538347e+01 1.142471359135405429e+01
1.741141141141141091e+01 1.142150740697431743e+01
1.743743743743743480e+01 1.141829550118991676e+01
1.746346346346346223e+01 1.141507783937669451e+01
1.748948948948948612e+01 1.141185438658801665e+01
1.751551551551551356e+01 1.140862510755071035e+01
1.754154154154154099e+01 1.140538996666095350e+01
1.756756756756756488e+01 1.140214892798006652e+01
1.759359359359359232e+01 1.139890195523027572e+01
1.761961961961961620e+01 1.139564901179037726e+01
1.764564564564564364e+01 1.139239006069135662e+01
1.767167167167167108e+01 1.138912506461192820e+01
1.769769769769769496e+01 1.138585398587399666e+01
1.772372372372372240e+01 1.138257678643806692e+01
1.774974974974974629e+01 1.137929342789855802e+01
1.777577577577577372e+01 1.137600387147905856e+01
1.780180180180180116e+01 1.137270807802749140e+01
1.782782782782782505e+01 1.136940600801121448e+01
1.785385385385385248e+01 1.136609762151203107e+01
1.787987987987987637e+01 1.136278287822112887e+01
1.790590590590590381e+01 1.135946173743392507e+01
1.793193193193193125e+01 1.135613415804483672e+01
1.795795795795795513e+01 1.135280009854196237e+01
1.798398398398398257e+01 1.134945951700166944e+01
1.801001001001000645e+01 1.134611237108310888e+01
1.803603603603603389e+01 1.134275861802261964e+01
1.806206206206206133e+01 1.133939821462805497e+01
1.808808808808808521e+01 1.133603111727300217e+01
1.811411411411411265e+01 1.133265728189091703e+01
1.814014014014013654e+01 1.132927666396915534e+01
1.816616616616616398e+01 1.132588921854289410e+01
1.819219219219219141e+01 1.132249490018897120e+01
1.821821821821821530e+01 1.131909366301960063e+01
1.824424424424424274e+01 1.131568546067599534e+01
1.827027027027026662e+01 1.131227024632186406e+01
1.829629629629629406e+01 1.130884797263681918e+01
1.832232232232232150e+01 1.130541859180965858e+01
1.834834834834834538e+01 1.130198205553152668e+01
1.837437437437437282e+01 1.129853831498896710e+01
1.840040040040039671e+01 1.129508732085685452e+01
1.842642642642642414e+01 1.129162902329120044e+01
1.845245245245245158e+01 1.128816337192182750e+01
1.847847847847847547e+01 1.128469031584493010e+01
1.850450450450450290e+01 1.128120980361549286e+01
1.853053053053052679e+01 1.127772178323957064e+01
1.855655655655655423e+01 1.127422620216645832e+01
1.858258258258258167e+01 1.127072300728068122e+01
1.860860860860860555e+01 1.126721214489388068e+01
1.863463463463463299e+01 1.126369356073653627e+01
1.866066066066065687e+01 1.126016719994953164e+01
1.868668668668668431e+01 1.125663300707559422e+01
1.871271271271271175e+01 1.125309092605055383e+01
1.873873873873873563e+01 1.124954090019445552e+01
1.876476476476476307e+01 1.124598287220251613e+01
1.879079079079078696e+01 1.124241678413590506e+01
1.881681681681681439e+01 1.123884257741235082e+01
1.884284284284284183e+01 1.123526019279660559e+01
1.886886886886886572e+01 1.123166957039069302e+01
1.889489489489489316e+01 1.122807064962400148e+01
1.892092092092091704e+01 1.122446336924319255e+01
1.894694694694694448e+01 1.122084766730191063e+01
1.897297297297297192e+01 1.121722348115030243e+01
1.899899899899899580e+01 1.121359074742435169e+01
1.902502502502502324e+01 1.120994940203499546e+01
1.905105105105104712e+01 1.120629938015704319e+01
1.907707707707707456e+01 1.120264061621789153e+01
1.910310310310310200e+01 1.119897304388601533e+01
1.912912912912912589e+01 1.119529659605923477e+01
1.915515515515515332e+01 1.119161120485276939e+01
1.918118118118117721e+01 1.118791680158706114e+01
1.920720720720720465e+01 1.118421331677534347e+01
1.923323323323323208e+01 1.118050068011099718e+01
1.925925925925925597e+01 1.117677882045463811e+01
1.928528528528528341e+01 1.117304766582095432e+01
1.931131131131130729e+01 1.116930714336530883e+01
1.933733733733733473e+01 1.116555717937004033e+01
1.936336336336336217e+01 1.116179769923052589e+01
1.938938938938938605e+01 1.115802862744094526e+01
1.941541541541541349e+01 1.115424988757978042e+01
1.944144144144143738e+01 1.115046140229500438e+01
1.946746746746746481e+01 1.114666309328899096e+01
1.949349349349349225e+01 1.114285488130311030e+01
1.951951951951951614e+01 1.113903668610201336e+01
1.954554554554554358e+01 1.113520842645760212e+01
1.957157157157156746e+01 1.113137002013266930e+01
1.959759759759759490e+01 1.112752138386419709e+01
1.962362362362362234e+01 1.112366243334633431e+01
1.964964964964964622e+01 1.111979308321298987e+01
1.967567567567567366e+01 1.111591324702009587e+01
1.970170170170169754e+01 1.111202283722747985e+01
1.972772772772772498e+01 1.110812176518037653e+01
1.975375375375375242e+01 1.110420994109053794e+01
1.977977977977977631e+01 1.110028727401695114e+01
1.980580580580580374e+01 1.109635367184614729e+01
1.983183183183182763e+01 1.109240904127210037e+01
1.985785785785785507e+01 1.108845328777568717e+01
1.988388388388388250e+01 1.108448631560370501e+01
1.990990990990990639e+01 1.108050802774746302e+01
1.993593593593593383e+01 1.107651832592087970e+01
1.996196196196195771e+01 1.107251711053812038e+01
1.998798798798798515e+01 1.106850428069076209e+01
2.001401401401401259e+01 1.106447973412443631e+01
2.004004004004003647e+01 1.106044336721496535e+01
2.006606606606606391e+01 1.105639507494398899e+01
2.009209209209209135e+01 1.105233475087403860e+01
2.011811811811811523e+01 1.104826228712304470e+01
2.014414414414414267e+01 1.104417757433831326e+01
2.017017017017016656e+01 1.104008050166987687e+01
2.019619619619619399e+01 1.103597095674328088e+01
2.022222222222222143e+01 1.103184882563172842e+01
2.024824824824824532e+01 1.102771399282761422e+01
2.027427427427427276e+01 1.102356634121339241e+01
2.030030030030029664e+01 1.101940575203179051e+01
2.032632632632632408e+01 1.101523210485533255e+01
2.035235235235235152e+01 1.101104527755515505e+01
2.037837837837837540e+01 1.100684514626911259e+01
2.040440440440440284e+01 1.100263158536912478e+01
2.043043043043042672e+01 1.099840446742776479e+01
2.045645645645645416e+01 1.099416366318407512e+01
2.048248248248248160e+01 1.098990904150854675e+01
2.050850850850850549e+01 1.098564046936730598e+01
2.053453453453453292e+01 1.098135781178540782e+01
2.056056056056055681e+01 1.097706093180929088e+01
2.058658658658658425e+01 1.097274969046829085e+01
2.061261261261261168e+01 1.096842394673525689e+01
2.063863863863863557e+01 1.096408355748619101e+01
2.066466466466466301e+01 1.095972837745890871e+01
2.069069069069068689e+01 1.095535825921069772e+01
2.071671671671671433e+01 1.095097305307491808e+01
2.074274274274274177e+01 1.094657260711654168e+01
2.076876876876876565e+01 1.094215676708657625e+01
2.079479479479479309e+01 1.093772537637536857e+01
2.082082082082081698e+01 1.093327827596471735e+01
2.084684684684684441e+01 1.092881530437879078e+01
2.087287287287287185e+01 1.092433629763380232e+01
2.089889889889889574e+01 1.091984108918639684e+01
2.092492492492492318e+01 1.091532950988072415e+01
2.095095095095094706e+01 1.091080138789415521e+01
2.097697697697697450e+01 1.090625654868158811e+01
2.100300300300300194e+01 1.090169481491831505e+01
2.102902902902902582e+01 1.089711600644139367e+01
2.105505505505505326e+01 1.089251994018949965e+01
2.108108108108107714e+01 1.088790643014116455e+01
2.110710710710710458e+01 1.088327528725140603e+01
2.113313313313313202e+01 1.087862631938666524e+01
2.115915915915915591e+01 1.087395933125798919e+01
2.118518518518518334e+01 1.086927412435243845e+01
2.121121121121120723e+01 1.086457049686263687e+01
2.123723723723723467e+01 1.085984824361439038e+01
2.126326326326326210e+01 1.085510715599235709e+01
2.128928928928928599e+01 1.085034702186365863e+01
2.131531531531531343e+01 1.084556762549939535e+01
2.134134134134133731e+01 1.084076874749396779e+01
2.136736736736736475e+01 1.083595016468218475e+01
2.139339339339339219e+01 1.083111165005400522e+01
2.141941941941941607e+01 1.082625297266691078e+01
2.144544544544544351e+01 1.082137389755577850e+01
2.147147147147146740e+01 1.081647418564019958e+01
2.149749749749749483e+01 1.081155359362912982e+01
2.152352352352352227e+01 1.080661187392280809e+01
2.154954954954954616e+01 1.080164877451183258e+01
2.157557557557557359e+01 1.079666403887328485e+01
2.160160160160159748e+01 1.079165740586384459e+01
2.162762762762762492e+01 1.078662860960971948e+01
2.165365365365365236e+01 1.078157737939335448e+01
2.167967967967967624e+01 1.077650343953673406e+01
2.170570570570570368e+01 1.077140650928122234e+01
2.173173173173172756e+01 1.076628630266376518e+01
2.175775775775775500e+01 1.076114252838934249e+01
2.178378378378378244e+01 1.075597488969955506e+01
2.180980980980980632e+01 1.075078308423716500e+01
2.183583583583583376e+01 1.074556680390647401e+01
2.186186186186185765e+01 1.074032573472936747e+01
2.188788788788788509e+01 1.073505955669687495e+01
2.191391391391391252e+01 1.072976794361607311e+01
2.193993993993993641e+01 1.072445056295215871e+01
2.196596596596596385e+01 1.071910707566551046e+01
2.199199199199198773e+01 1.071373713604354094e+01
2.201801801801801517e+01 1.070834039152714823e+01
2.204404404404404261e+01 1.070291648253157035e+01
2.207007007007006649e+01 1.069746504226139017e+01
2.209609609609609393e+01 1.069198569651949882e+01
2.212212212212211782e+01 1.068647806350976914e+01
2.214814814814814525e+01 1.068094175363318854e+01
2.217417417417417269e+01 1.067537636927717593e+01
2.220020020020019658e+01 1.066978150459786256e+01
2.222622622622622401e+01 1.066415674529497970e+01
2.225225225225224790e+01 1.065850166837911672e+01
2.227827827827827534e+01 1.065281584193101061e+01
2.230430430430430278e+01 1.064709882485254511e+01
2.233033033033032666e+01 1.064135016660911326e+01
2.235635635635635410e+01 1.063556940696298980e+01
2.238238238238237798e+01 1.062975607569734393e+01
2.240840840840840542e+01 1.062390969233048033e+01
2.243443443443443286e+01 1.061802976581991409e+01
2.246046046046045674e+01 1.061211579425583196e+01
2.248648648648648418e+01 1.060616726454349390e+01
2.251251251251250807e+01 1.060018365207408841e+01
2.253853853853853551e+01 1.059416442038354056e+01
2.256456456456456294e+01 1.058810902079875405e+01
2.259059059059058683e+01 1.058201689207072071e+01
2.261661661661661427e+01 1.057588745999391122e+01
2.264264264264263815e+01 1.056972013701135360e+01
2.266866866866866559e+01 1.056351432180472472e+01
2.269469469469469303e+01 1.055726939886880089e+01
2.272072072072071691e+01 1.055098473806951809e+01
2.274674674674674435e+01 1.054465969418494531e+01
2.277277277277276823e+01 1.053829360642829549e+01
2.279879879879879567e+01 1.053188579795220647e+01
2.282482482482482311e+01 1.052543557533336838e+01
2.285085085085084700e+01 1.051894222803658252e+01
2.287687687687687443e+01 1.051240502785724651e+01
2.290290290290289832e+01 1.050582322834126003e+01
2.292892892892892576e+01 1.049919606418120388e+01
2.295495495495495319e+01 1.049252275058768724e+01
2.298098098098097708e+01 1.048580248263458792e+01
2.300700700700700452e+01 1.047903443457691353e+01
2.303303303303302840e+01 1.047221775913990349e+01
2.305905905905905584e+01 1.046535158677792055e+01
2.308508508508508328e+01 1.045843502490157206e+01
2.311111111111110716e+01 1.045146715707147322e+01
2.313713713713713460e+01 1.044444704215686315e+01
2.316316316316315849e+01 1.043737371345729059e+01
2.318918918918918592e+01 1.043024617778539209e+01
2.321521521521521336e+01 1.042306341450870377e+01
2.324124124124123725e+01 1.041582437454831833e+01
2.326726726726726469e+01 1.040852797933203178e+01
2.329329329329329212e+01 1.040117311969953739e+01
2.331931931931931601e+01 1.039375865475697758e+01
2.334534534534534345e+01 1.038628341067809835e+01
2.337137137137136733e+01 1.037874617944896904e+01
2.339739739739739477e+01 1.037114571755309989e+01
2.342342342342342221e+01 1.036348074459357882e+01
2.344944944944944609e+01 1.035574994184856301e+01
2.347547547547547353e+01 1.034795195075627561e+01
2.350150150150149742e+01 1.034008537132538841e+01
2.352752752752752485e+01 1.033214876046636199e+01
2.355355355355355229e+01 1.032414063023900930e+01
2.357957957957957618e+01 1.031605944601126090e+01
2.360560560560560361e+01 1.030790362452369990e+01
2.363163163163162750e+01 1.029967153185407902e+01
2.365765765765765494e+01 1.029136148127562578e+01
2.368368368368368237e+01 1.028297173100244066e+01
2.370970970970970626e+01 1.027450048181486153e+01
2.373573573573573370e+01 1.026594587455710972e+01
2.376176176176175758e+01 1.025730598749894540e+01
2.378778778778778502e+01 1.024857883355245391e+01
2.381381381381381246e+01 1.023976235733440809e+01
2.383983983983983634e+01 1.023085443206388412e+01
2.386586586586586378e+01 1.022185285628402340e+01
2.389189189189188767e+01 1.021275535039596960e+01
2.391791791791791510e+01 1.020355955299199913e+01
2.394394394394394254e+01 1.019426301697387771e+01
2.396996996996996643e+01 1.018486320544129242e+01
2.399599599599599387e+01 1.017535748733396872e+01
2.402202202202201775e+01 1.016574313280970365e+01
2.404804804804804519e+01 1.015601730833907901e+01
2.407407407407407263e+01 1.014617707149589876e+01
2.410010010010009651e+01 1.013621936542066315e+01
2.412612612612612395e+01 1.012614101293234725e+01
2.415215215215214783e+01 1.011593871026156677e+01
2.417817817817817527e+01 1.010560902037584086e+01
2.420420420420420271e+01 1.009514836586489928e+01
2.423023023023022660e+01 1.008455302135114628e+01
2.425625625625625403e+01 1.007381910538706116e+01
2.428228228228227792e+01 1.006294257179772522e+01
2.430830830830830536e+01 1.005191920042265430e+01
2.433433433433433279e+01 1.004074458720671714e+01
2.436036036036035668e+01 1.002941413358488809e+01
2.438638638638638412e+01 1.001792303510018556e+01
2.441241241241240800e+01 1.000626626918792716e+01
nan nan
nan nan
nan nan
nan nan
nan nan
nan nan
nan nan
nan nan
nan nan
nan nan
nan nan
nan nan
nan nan
nan nan
nan nan
nan nan
nan nan
nan nan
nan nan
nan nan
nan nan
nan nan
nan nan
nan nan
nan nan
nan nan
nan nan
nan nan
nan nan
nan nan
nan nan
nan nan
nan nan
nan nan
nan nan
nan nan
nan nan
nan nan
nan nan
nan nan
nan nan
nan nan
nan nan
nan nan
nan nan
nan nan
nan nan
nan nan
nan nan
nan nan
nan nan
nan nan
nan nan
nan nan
nan nan
nan nan
nan nan
nan nan
nan nan
nan nan
nan nan
