0.000000000000000000e+00 1.323300494515798320e+01
2.602602602602602927e-02 1.257119934305564612e+01
5.205205205205205854e-02 1.256913101431799795e+01
7.807807807807808087e-02 1.256706217421479366e+01
1.041041041041041171e-01 1.256499282135612106e+01
1.301301301301301394e-01 1.256292295434845130e+01
1.561561561561561617e-01 1.256085257179464065e+01
1.821821821821822118e-01 1.255878167229389319e+01
2.082082082082082342e-01 1.255671025444176081e+01
2.342342342342342565e-01 1.255463831683012366e+01
2.602602602602602788e-01 1.255256585804718128e+01
2.862862862862863289e-01 1.255049287667742597e+01
3.123123123123123235e-01 1.254841937130164098e+01
3.383383383383383736e-01 1.254634534049687389e+01
3.643643643643644237e-01 1.254427078283643304e+01
3.903903903903904182e-01 1.254219569688985914e+01
4.164164164164164683e-01 1.254012008122291988e+01
4.424424424424424629e-01 1.253804393439759757e+01
4.684684684684685130e-01 1.253596725497205888e+01
4.944944944944945631e-01 1.253389004150065134e+01
5.205205205205205576e-01 1.253181229253388729e+01
5.465465465465465522e-01 1.252973400661842263e+01
5.725725725725726578e-01 1.252765518229704789e+01
5.985985985985986524e-01 1.252557581810866516e+01
6.246246246246246470e-01 1.252349591258827566e+01
6.506506506506507526e-01 1.252141546426696550e+01
6.766766766766767471e-01 1.251933447167188618e+01
7.027027027027027417e-01 1.251725293332624034e+01
7.287287287287288473e-01 1.251517084774926936e+01
7.547547547547548419e-01 1.251308821345622846e+01
7.807807807807808365e-01 1.251100502895837252e+01
8.068068068068068310e-01 1.250892129276294895e+01
8.328328328328329366e-01 1.250683700337316928e+01
8.588588588588589312e-01 1.250475215928819850e+01
8.848848848848849258e-01 1.250266675900313551e+01
9.109109109109110314e-01 1.250058080100900249e+01
9.369369369369370260e-01 1.249849428379271821e+01
9.629629629629630205e-01 1.249640720583708742e+01
9.889889889889891261e-01 1.249431956562078483e+01
1.015015015015015010e+00 1.249223136161833203e+01
1.041041041041041115e+00 1.249014259230008506e+01
1.067067067067067221e+00 1.248805325613221839e+01
1.093093093093093104e+00 1.248596335157670190e+01
1.119119119119119210e+00 1.248387287709128657e+01
1.145145145145145316e+00 1.248178183112948680e+01
1.171171171171171199e+00 1.247969021214056262e+01
1.197197197197197305e+00 1.247759801856950013e+01
1.223223223223223410e+00 1.247550524885699730e+01
1.249249249249249294e+00 1.247341190143944267e+01
1.275275275275275400e+00 1.247131797474889936e+01
1.301301301301301505e+00 1.246922346721308195e+01
1.327327327327327389e+00 1.246712837725534584e+01
1.353353353353353494e+00 1.246503270329466417e+01
1.379379379379379600e+00 1.246293644374560827e+01
1.405405405405405483e+00 1.246083959701833521e+01
1.431431431431431589e+00 1.245874216151855940e+01
1.457457457457457695e+00 1.245664413564754369e+01
1.483483483483483578e+00 1.245454551780207098e+01
1.509509509509509684e+00 1.245244630637443528e+01
1.535535535535535567e+00 1.245034649975241692e+01
1.561561561561561673e+00 1.244824609631925938e+01
1.587587587587587779e+00 1.244614509445366224e+01
1.613613613613613662e+00 1.244404349252974384e+01
1.639639639639639768e+00 1.244194128891704310e+01
1.665665665665665873e+00 1.243983848198048214e+01
1.691691691691691757e+00 1.243773507008035395e+01
1.717717717717717862e+00 1.243563105157230098e+01
1.743743743743743968e+00 1.243352642480730097e+01
1.769769769769769852e+00 1.243142118813163854e+01
1.795795795795795957e+00 1.242931533988688741e+01
1.821821821821822063e+00 1.242720887840989263e+01
1.847847847847847946e+00 1.242510180203274928e+01
1.873873873873874052e+00 1.242299410908278290e+01
1.899899899899900158e+00 1.242088579788252289e+01
1.925925925925926041e+00 1.241877686674969006e+01
1.951951951951952147e+00 1.241666731399717349e+01
1.977977977977978252e+00 1.241455713793300397e+01
2.004004004004004358e+00 1.241244633686034149e+01
2.030030030030030019e+00 1.241033490907744508e+01
2.056056056056056125e+00 1.240822285287766391e+01
2.082082082082082231e+00 1.240611016654940002e+01
2.108108108108108336e+00 1.240399684837610117e+01
2.134134134134134442e+00 1.240188289663622889e+01
2.160160160160160547e+00 1.239976830960324428e+01
2.186186186186186209e+00 1.239765308554558132e+01
2.212212212212212314e+00 1.239553722272662739e+01
2.238238238238238420e+00 1.239342071940469836e+01
2.264264264264264526e+00 1.239130357383301906e+01
2.290290290290290631e+00 1.238918578425970374e+01
2.316316316316316737e+00 1.238706734892772410e+01
2.342342342342342398e+00 1.238494826607489507e+01
2.368368368368368504e+00 1.238282853393384997e+01
2.394394394394394610e+00 1.238070815073201736e+01
2.420420420420420715e+00 1.237858711469159800e+01
2.446446446446446821e+00 1.237646542402953997e+01
2.472472472472472482e+00 1.237434307695751912e+01
2.498498498498498588e+00 1.237222007168191240e+01
2.524524524524524693e+00 1.237009640640377839e+01
2.550550550550550799e+00 1.236797207931882703e+01
2.576576576576576905e+00 1.236584708861740189e+01
2.602602602602603010e+00 1.236372143248445710e+01
2.628628628628628672e+00 1.236159510909952530e+01
2.654654654654654777e+00 1.235946811663670175e+01
2.680680680680680883e+00 1.235734045326461406e+01
2.706706706706706989e+00 1.235521211714640621e+01
2.732732732732733094e+00 1.235308310643970131e+01
2.758758758758759200e+00 1.235095341929659263e+01
2.784784784784784861e+00 1.234882305386359924e+01
2.810810810810810967e+00 1.234669200828166247e+01
2.836836836836837072e+00 1.234456028068610500e+01
2.862862862862863178e+00 1.234242786920660961e+01
2.888888888888889284e+00 1.234029477196719782e+01
2.914914914914915389e+00 1.233816098708620146e+01
2.940940940940941051e+00 1.233602651267623429e+01
2.966966966966967156e+00 1.233389134684417243e+01
2.992992992992993262e+00 1.233175548769112062e+01
3.019019019019019368e+00 1.232961893331239622e+01
3.045045045045045473e+00 1.232748168179749193e+01
3.071071071071071135e+00 1.232534373123005267e+01
3.097097097097097240e+00 1.232320507968785961e+01
3.123123123123123346e+00 1.232106572524278576e+01
3.149149149149149451e+00 1.231892566596077998e+01
3.175175175175175557e+00 1.231678489990184211e+01
3.201201201201201663e+00 1.231464342511998566e+01
3.227227227227227324e+00 1.231250123966321830e+01
3.253253253253253430e+00 1.231035834157351516e+01
3.279279279279279535e+00 1.230821472888678336e+01
3.305305305305305641e+00 1.230607039963284066e+01
3.331331331331331747e+00 1.230392535183538705e+01
3.357357357357357852e+00 1.230177958351197631e+01
3.383383383383383514e+00 1.229963309267398586e+01
3.409409409409409619e+00 1.229748587732658649e+01
3.435435435435435725e+00 1.229533793546871934e+01
3.461461461461461830e+00 1.229318926509306387e+01
3.487487487487487936e+00 1.229103986418600769e+01
3.513513513513514042e+00 1.228888973072761992e+01
3.539539539539539703e+00 1.228673886269162097e+01
3.565565565565565809e+00 1.228458725804535057e+01
3.591591591591591914e+00 1.228243491474974469e+01
3.617617617617618020e+00 1.228028183075929824e+01
3.643643643643644126e+00 1.227812800402203663e+01
3.669669669669669787e+00 1.227597343247949091e+01
3.695695695695695893e+00 1.227381811406666223e+01
3.721721721721721998e+00 1.227166204671199168e+01
3.747747747747748104e+00 1.226950522833733004e+01
3.773773773773774209e+00 1.226734765685790762e+01
3.799799799799800315e+00 1.226518933018230584e+01
3.825825825825825977e+00 1.226303024621242166e+01
3.851851851851852082e+00 1.226087040284343388e+01
3.877877877877878188e+00 1.225870979796377647e+01
3.903903903903904293e+00 1.225654842945511014e+01
3.929929929929930399e+00 1.225438629519227796e+01
3.955955955955956505e+00 1.225222339304328756e+01
3.981981981981982166e+00 1.225005972086926498e+01
4.008008008008008716e+00 1.224789527652443333e+01
4.034034034034034377e+00 1.224573005785607727e+01
4.060060060060060039e+00 1.224356406270450215e+01
4.086086086086086588e+00 1.224139728890301093e+01
4.112112112112112250e+00 1.223922973427786687e+01
4.138138138138138800e+00 1.223706139664825798e+01
4.164164164164164461e+00 1.223489227382626510e+01
4.190190190190190123e+00 1.223272236361682985e+01
4.216216216216216672e+00 1.223055166381771564e+01
4.242242242242242334e+00 1.222838017221948093e+01
4.268268268268268884e+00 1.222620788660543134e+01
4.294294294294294545e+00 1.222403480475160187e+01
4.320320320320321095e+00 1.222186092442670713e+01
4.346346346346346756e+00 1.221968624339211473e+01
4.372372372372372418e+00 1.221751075940180797e+01
4.398398398398398967e+00 1.221533447020234675e+01
4.424424424424424629e+00 1.221315737353283382e+01
4.450450450450451179e+00 1.221097946712488636e+01
4.476476476476476840e+00 1.220880074870258092e+01
4.502502502502502502e+00 1.220662121598243566e+01
4.528528528528529051e+00 1.220444086667336592e+01
4.554554554554554713e+00 1.220225969847664693e+01
4.580580580580581262e+00 1.220007770908587474e+01
4.606606606606606924e+00 1.219789489618693246e+01
4.632632632632633474e+00 1.219571125745795293e+01
4.658658658658659135e+00 1.219352679056927791e+01
4.684684684684684797e+00 1.219134149318342075e+01
4.710710710710711346e+00 1.218915536295502733e+01
4.736736736736737008e+00 1.218696839753084049e+01
4.762762762762763558e+00 1.218478059454965745e+01
4.788788788788789219e+00 1.218259195164229425e+01
4.814814814814814881e+00 1.218040246643154134e+01
4.840840840840841430e+00 1.217821213653212986e+01
4.866866866866867092e+00 1.217602095955068897e+01
4.892892892892893641e+00 1.217382893308570324e+01
4.918918918918919303e+00 1.217163605472747712e+01
4.944944944944944965e+00 1.216944232205809051e+01
4.970970970970971514e+00 1.216724773265136150e+01
4.996996996996997176e+00 1.216505228407280192e+01
5.023023023023023725e+00 1.216285597387957651e+01
5.049049049049049387e+00 1.216065879962046026e+01
5.075075075075075937e+00 1.215846075883580468e+01
5.101101101101101598e+00 1.215626184905748453e+01
5.127127127127127260e+00 1.215406206780886045e+01
5.153153153153153809e+00 1.215186141260473462e+01
5.179179179179179471e+00 1.214965988095131166e+01
5.205205205205206020e+00 1.214745747034615242e+01
5.231231231231231682e+00 1.214525417827812959e+01
5.257257257257257343e+00 1.214305000222738684e+01
5.283283283283283893e+00 1.214084493966529266e+01
5.309309309309309555e+00 1.213863898805439412e+01
5.335335335335336104e+00 1.213643214484837962e+01
5.361361361361361766e+00 1.213422440749202202e+01
5.387387387387387427e+00 1.213201577342114845e+01
5.413413413413413977e+00 1.212980624006257990e+01
5.439439439439439639e+00 1.212759580483409572e+01
5.465465465465466188e+00 1.212538446514438384e+01
5.491491491491491850e+00 1.212317221839299464e+01
5.517517517517518399e+00 1.212095906197029471e+01
5.543543543543544061e+00 1.211874499325741716e+01
5.569569569569569722e+00 1.211653000962622073e+01
5.595595595595596272e+00 1.211431410843923473e+01
5.621621621621621934e+00 1.211209728704961641e+01
5.647647647647648483e+00 1.210987954280110124e+01
5.673673673673674145e+00 1.210766087302795313e+01
5.699699699699699806e+00 1.210544127505491829e+01
5.725725725725726356e+00 1.210322074619717370e+01
5.751751751751752018e+00 1.210099928376027556e+01
5.777777777777778567e+00 1.209877688504011850e+01
5.803803803803804229e+00 1.209655354732287513e+01
5.829829829829830778e+00 1.209432926788495166e+01
5.855855855855856440e+00 1.209210404399293282e+01
5.881881881881882101e+00 1.208987787290353921e+01
5.907907907907908651e+00 1.208765075186355986e+01
5.933933933933934313e+00 1.208542267810982374e+01
5.959959959959960862e+00 1.208319364886912339e+01
5.985985985985986524e+00 1.208096366135818123e+01
6.012012012012012185e+00 1.207873271278358374e+01
6.038038038038038735e+00 1.207650080034173712e+01
6.064064064064064397e+00 1.207426792121880865e+01
6.090090090090090946e+00 1.207203407259067696e+01
6.116116116116116608e+00 1.206979925162287515e+01
6.142142142142142269e+00 1.206756345547053400e+01
6.168168168168168819e+00 1.206532668127833396e+01
6.194194194194194480e+00 1.206308892618044126e+01
6.220220220220221030e+00 1.206085018730045810e+01
6.246246246246246692e+00 1.205861046175136941e+01
6.272272272272273241e+00 1.205636974663547356e+01
6.298298298298298903e+00 1.205412803904434504e+01
6.324324324324324564e+00 1.205188533605875634e+01
6.350350350350351114e+00 1.204964163474863703e+01
6.376376376376376776e+00 1.204739693217300811e+01
6.402402402402403325e+00 1.204515122537992511e+01
6.428428428428428987e+00 1.204290451140641593e+01
6.454454454454454648e+00 1.204065678727842936e+01
6.480480480480481198e+00 1.203840805001077108e+01
6.506506506506506859e+00 1.203615829660703973e+01
6.532532532532533409e+00 1.203390752405957898e+01
6.558558558558559071e+00 1.203165572934939931e+01
6.584584584584584732e+00 1.202940290944613189e+01
6.610610610610611282e+00 1.202714906130796102e+01
6.636636636636636943e+00 1.202489418188156378e+01
6.662662662662663493e+00 1.202263826810204073e+01
6.688688688688689155e+00 1.202038131689286615e+01
6.714714714714715704e+00 1.201812332516581172e+01
6.740740740740741366e+00 1.201586428982089316e+01
6.766766766766767027e+00 1.201360420774629922e+01
6.792792792792793577e+00 1.201134307581832772e+01
6.818818818818819238e+00 1.200908089090132869e+01
6.844844844844845788e+00 1.200681764984762445e+01
6.870870870870871450e+00 1.200455334949745989e+01
6.896896896896897111e+00 1.200228798667892072e+01
6.922922922922923661e+00 1.200002155820788019e+01
6.948948948948949322e+00 1.199775406088792096e+01
6.974974974974975872e+00 1.199548549151027643e+01
7.001001001001001534e+00 1.199321584685375441e+01
7.027027027027028083e+00 1.199094512368467491e+01
7.053053053053053745e+00 1.198867331875679731e+01
7.079079079079079406e+00 1.198640042881125112e+01
7.105105105105105956e+00 1.198412645057647019e+01
7.131131131131131617e+00 1.198185138076811285e+01
7.157157157157158167e+00 1.197957521608899967e+01
7.183183183183183829e+00 1.197729795322903890e+01
7.209209209209209490e+00 1.197501958886515361e+01
7.235235235235236040e+00 1.197274011966120710e+01
7.261261261261261701e+00 1.197045954226793718e+01
7.287287287287288251e+00 1.196817785332287087e+01
7.313313313313313913e+00 1.196589504945026405e+01
7.339339339339339574e+00 1.196361112726101439e+01
7.365365365365366124e+00 1.196132608335259562e+01
7.391391391391391785e+00 1.195903991430897229e+01
7.417417417417418335e+00 1.195675261670053402e+01
7.443443443443443996e+00 1.195446418708401026e+01
7.469469469469470546e+00 1.195217462200239567e+01
7.495495495495496208e+00 1.194988391798487548e+01
7.521521521521521869e+00 1.194759207154674385e+01
7.547547547547548419e+00 1.194529907918932032e+01
7.573573573573574080e+00 1.194300493739988234e+01
7.599599599599600630e+00 1.194070964265157109e+01
7.625625625625626292e+00 1.193841319140332224e+01
7.651651651651651953e+00 1.193611558009977713e+01
7.677677677677678503e+00 1.193381680517120458e+01
7.703703703703704164e+00 1.193151686303341563e+01
7.729729729729730714e+00 1.192921575008768365e+01
7.755755755755756375e+00 1.192691346272066077e+01
7.781781781781782037e+00 1.192460999730428739e+01
7.807807807807808587e+00 1.192230535019571569e+01
7.833833833833834248e+00 1.191999951773721733e+01
7.859859859859860798e+00 1.191769249625610527e+01
7.885885885885886459e+00 1.191538428206463429e+01
7.911911911911913009e+00 1.191307487145992461e+01
7.937937937937938671e+00 1.191076426072387129e+01
7.963963963963964332e+00 1.190845244612305365e+01
7.989989989989990882e+00 1.190613942390864821e+01
8.016016016016017431e+00 1.190382519031633457e+01
8.042042042042043093e+00 1.190150974156620833e+01
8.068068068068068754e+00 1.189919307386268876e+01
8.094094094094094416e+00 1.189687518339442640e+01
8.120120120120120077e+00 1.189455606633421425e+01
8.146146146146147515e+00 1.189223571883888475e+01
8.172172172172173177e+00 1.188991413704922806e+01
8.198198198198198838e+00 1.188759131708988548e+01
8.224224224224224500e+00 1.188526725506926418e+01
8.250250250250250161e+00 1.188294194707943596e+01
8.276276276276277599e+00 1.188061538919603599e+01
8.302302302302303261e+00 1.187828757747817576e+01
8.328328328328328922e+00 1.187595850796833474e+01
8.354354354354354584e+00 1.187362817669226622e+01
8.380380380380380245e+00 1.187129657965890139e+01
8.406406406406407683e+00 1.186896371286023744e+01
8.432432432432433345e+00 1.186662957227124693e+01
8.458458458458459006e+00 1.186429415384976949e+01
8.484484484484484668e+00 1.186195745353641229e+01
8.510510510510512105e+00 1.185961946725444349e+01
8.536536536536537767e+00 1.185728019090969276e+01
8.562562562562563429e+00 1.185493962039044114e+01
8.588588588588589090e+00 1.185259775156731443e+01
8.614614614614614752e+00 1.185025458029317846e+01
8.640640640640642189e+00 1.184791010240303777e+01
8.666666666666667851e+00 1.184556431371391128e+01
8.692692692692693512e+00 1.184321721002474170e+01
8.718718718718719174e+00 1.184086878711626944e+01
8.744744744744744835e+00 1.183851904075093131e+01
8.770770770770772273e+00 1.183616796667274507e+01
8.796796796796797935e+00 1.183381556060719930e+01
8.822822822822823596e+00 1.183146181826113619e+01
8.848848848848849258e+00 1.182910673532263957e+01
8.874874874874874919e+00 1.182675030746091771e+01
8.900900900900902357e+00 1.182439253032618964e+01
8.926926926926928019e+00 1.182203339954956789e+01
8.952952952952953680e+00 1.181967291074293769e+01
8.978978978978979342e+00 1.181731105949883798e+01
9.005005005005005003e+00 1.181494784139034770e+01
9.031031031031032441e+00 1.181258325197095616e+01
9.057057057057058103e+00 1.181021728677444749e+01
9.083083083083083764e+00 1.180784994131477816e+01
9.109109109109109426e+00 1.180548121108594728e+01
9.135135135135135087e+00 1.180311109156187932e+01
9.161161161161162525e+00 1.180073957819629449e+01
9.187187187187188186e+00 1.179836666642258081e+01
9.213213213213213848e+00 1.179599235165367155e+01
9.239239239239239510e+00 1.179361662928191024e+01
9.265265265265266947e+00 1.179123949467893162e+01
9.291291291291292609e+00 1.178886094319551248e+01
9.317317317317318270e+00 1.178648097016146146e+01
9.343343343343343932e+00 1.178409957088547344e+01
9.369369369369369593e+00 1.178171674065499452e+01
9.395395395395397031e+00 1.177933247473609768e+01
9.421421421421422693e+00 1.177694676837333709e+01
9.447447447447448354e+00 1.177455961678961316e+01
9.473473473473474016e+00 1.177217101518604103e+01
9.499499499499499677e+00 1.176978095874179786e+01
9.525525525525527115e+00 1.176738944261399666e+01
9.551551551551552777e+00 1.176499646193754245e+01
9.577577577577578438e+00 1.176260201182497589e+01
9.603603603603604100e+00 1.176020608736634898e+01
9.629629629629629761e+00 1.175780868362906695e+01
9.655655655655657199e+00 1.175540979565774613e+01
9.681681681681682861e+00 1.175300941847406833e+01
9.707707707707708522e+00 1.175060754707663158e+01
9.733733733733734184e+00 1.174820417644079562e+01
9.759759759759759845e+00 1.174579930151854157e+01
9.785785785785787283e+00 1.174339291723830669e+01
9.811811811811812944e+00 1.174098501850484411e+01
9.837837837837838606e+00 1.173857560019905577e+01
9.863863863863864268e+00 1.173616465717784862e+01
9.889889889889889929e+00 1.173375218427396760e+01
9.915915915915917367e+00 1.173133817629584286e+01
9.941941941941943028e+00 1.172892262802742636e+01
9.967967967967968690e+00 1.172650553422803554e+01
9.993993993993994351e+00 1.172408688963218459e+01
1.002002002002002001e+01 1.172166668894942809e+01
1.004604604604604745e+01 1.171924492686418873e+01
1.007207207207207311e+01 1.171682159803559564e+01
1.009809809809809877e+01 1.171439669709731568e+01
1.012412412412412444e+01 1.171197021865738108e+01
1.015015015015015187e+01 1.170954215729802250e+01
1.017617617617617753e+01 1.170711250757549671e+01
1.020220220220220320e+01 1.170468126401990894e+01
1.022822822822822886e+01 1.170224842113504593e+01
1.025425425425425452e+01 1.169981397339818763e+01
1.028028028028028196e+01 1.169737791525994197e+01
1.030630630630630762e+01 1.169494024114405484e+01
1.033233233233233328e+01 1.169250094544723595e+01
1.035835835835835894e+01 1.169006002253897414e+01
1.038438438438438460e+01 1.168761746676135260e+01
1.041041041041041204e+01 1.168517327242886417e+01
1.043643643643643770e+01 1.168272743382822298e+01
1.046246246246246336e+01 1.168027994521817448e+01
1.048848848848848903e+01 1.167783080082931413e+01
1.051451451451451469e+01 1.167537999486387967e+01
1.054054054054054212e+01 1.167292752149557167e+01
1.056656656656656779e+01 1.167047337486935099e+01
1.059259259259259345e+01 1.166801754910123989e+01
1.061861861861861911e+01 1.166556003827813370e+01
1.064464464464464477e+01 1.166310083645758588e+01
1.067067067067067221e+01 1.166063993766761975e+01
1.069669669669669787e+01 1.165817733590651173e+01
1.072272272272272353e+01 1.165571302514259777e+01
1.074874874874874919e+01 1.165324699931405483e+01
1.077477477477477485e+01 1.165077925232870371e+01
1.080080080080080229e+01 1.164830977806378520e+01
1.082682682682682795e+01 1.164583857036575587e+01
1.085285285285285362e+01 1.164336562305006773e+01
1.087887887887887928e+01 1.164089092990096042e+01
1.090490490490490672e+01 1.163841448467122675e+01
1.093093093093093238e+01 1.163593628108201194e+01
1.095695695695695804e+01 1.163345631282257386e+01
1.098298298298298370e+01 1.163097457355007158e+01
1.100900900900900936e+01 1.162849105688932916e+01
1.103503503503503680e+01 1.162600575643261180e+01
1.106106106106106246e+01 1.162351866573939496e+01
1.108708708708708812e+01 1.162102977833613515e+01
1.111311311311311378e+01 1.161853908771602661e+01
1.113913913913913944e+01 1.161604658733877748e+01
1.116516516516516688e+01 1.161355227063035578e+01
1.119119119119119254e+01 1.161105613098276024e+01
1.121721721721721821e+01 1.160855816175377342e+01
1.124324324324324387e+01 1.160605835626671656e+01
1.126926926926926953e+01 1.160355670781020443e+01
1.129529529529529697e+01 1.160105320963788600e+01
1.132132132132132263e+01 1.159854785496820817e+01
1.134734734734734829e+01 1.159604063698414933e+01
1.137337337337337395e+01 1.159353154883296533e+01
1.139939939939939961e+01 1.159102058362593368e+01
1.142542542542542705e+01 1.158850773443809423e+01
1.145145145145145271e+01 1.158599299430797736e+01
1.147747747747747837e+01 1.158347635623734107e+01
1.150350350350350404e+01 1.158095781319091344e+01
1.152952952952952970e+01 1.157843735809609953e+01
1.155555555555555713e+01 1.157591498384273443e+01
1.158158158158158280e+01 1.157339068328278486e+01
1.160760760760760846e+01 1.157086444923008095e+01
1.163363363363363412e+01 1.156833627446004265e+01
1.165965965965966156e+01 1.156580615170937421e+01
1.168568568568568722e+01 1.156327407367580307e+01
1.171171171171171288e+01 1.156074003301777608e+01
1.173773773773773854e+01 1.155820402235416644e+01
1.176376376376376420e+01 1.155566603426399297e+01
1.178978978978979164e+01 1.155312606128610575e+01
1.181581581581581730e+01 1.155058409591890367e+01
1.184184184184184296e+01 1.154804013062001644e+01
1.186786786786786863e+01 1.154549415780600974e+01
1.189389389389389429e+01 1.154294616985207433e+01
1.191991991991992172e+01 1.154039615909170813e+01
1.194594594594594739e+01 1.153784411781641239e+01
1.197197197197197305e+01 1.153529003827537025e+01
1.199799799799799871e+01 1.153273391267512693e+01
1.202402402402402437e+01 1.153017573317925937e+01
1.205005005005005181e+01 1.152761549190806711e+01
1.207607607607607747e+01 1.152505318093822062e+01
1.210210210210210313e+01 1.152248879230245215e+01
1.212812812812812879e+01 1.151992231798920230e+01
1.215415415415415445e+01 1.151735374994228778e+01
1.218018018018018189e+01 1.151478308006056039e+01
1.220620620620620755e+01 1.151221030019756064e+01
1.223223223223223322e+01 1.150963540216116954e+01
1.225825825825825888e+01 1.150705837771325335e+01
1.228428428428428454e+01 1.150447921856931011e+01
1.231031031031031198e+01 1.150189791639811610e+01
1.233633633633633764e+01 1.149931446282135106e+01
1.236236236236236330e+01 1.149672884941324646e+01
1.238838838838838896e+01 1.149414106770020538e+01
1.241441441441441462e+01 1.149155110916043299e+01
1.244044044044044206e+01 1.148895896522356175e+01
1.246646646646646772e+01 1.148636462727026775e+01
1.249249249249249338e+01 1.148376808663188875e+01
1.251851851851851904e+01 1.148116933459003697e+01
1.254454454454454648e+01 1.147856836237620115e+01
1.257057057057057214e+01 1.147596516117135934e+01
1.259659659659659781e+01 1.147335972210557742e+01
1.262262262262262347e+01 1.147075203625759521e+01
1.264864864864864913e+01 1.146814209465443746e+01
1.267467467467467657e+01 1.146552988827098574e+01
1.270070070070070223e+01 1.146291540802957165e+01
1.272672672672672789e+01 1.146029864479955407e+01
1.275275275275275355e+01 1.145767958939689279e+01
1.277877877877877921e+01 1.145505823258372757e+01
1.280480480480480665e+01 1.145243456506793756e+01
1.283083083083083231e+01 1.144980857750270964e+01
1.285685685685685797e+01 1.144718026048609083e+01
1.288288288288288364e+01 1.144454960456055481e+01
1.290890890890890930e+01 1.144191660021253298e+01
1.293493493493493673e+01 1.143928123787197748e+01
1.296096096096096240e+01 1.143664350791188866e+01
1.298698698698698806e+01 1.143400340064786391e+01
1.301301301301301372e+01 1.143136090633761093e+01
1.303903903903903938e+01 1.142871601518049296e+01
1.306506506506506682e+01 1.142606871731703322e+01
1.309109109109109248e+01 1.142341900282844591e+01
1.311711711711711814e+01 1.142076686173613531e+01
1.314314314314314380e+01 1.141811228400121081e+01
1.316916916916916946e+01 1.141545525952398599e+01
1.319519519519519690e+01 1.141279577814347057e+01
1.322122122122122256e+01 1.141013382963686951e+01
1.324724724724724823e+01 1.140746940371905715e+01
1.327327327327327389e+01 1.140480249004207103e+01
1.329929929929930132e+01 1.140213307819457356e+01
1.332532532532532699e+01 1.139946115770133162e+01
1.335135135135135265e+01 1.139678671802267651e+01
1.337737737737737831e+01 1.139410974855395686e+01
1.340340340340340397e+01 1.139143023862500215e+01
1.342942942942943141e+01 1.138874817749955781e+01
1.345545545545545707e+01 1.138606355437473461e+01
1.348148148148148273e+01 1.138337635838043838e+01
1.350750750750750839e+01 1.138068657857880339e+01
1.353353353353353405e+01 1.137799420396360617e+01
1.355955955955956149e+01 1.137529922345969524e+01
1.358558558558558715e+01 1.137260162592239077e+01
1.361161161161161282e+01 1.136990140013689299e+01
1.363763763763763848e+01 1.136719853481768006e+01
1.366366366366366414e+01 1.136449301860789696e+01
1.368968968968969158e+01 1.136178484007874445e+01
1.371571571571571724e+01 1.135907398772884846e+01
1.374174174174174290e+01 1.135636044998364369e+01
1.376776776776776856e+01 1.135364421519472700e+01
1.379379379379379422e+01 1.135092527163921972e+01
1.381981981981982166e+01 1.134820360751912105e+01
1.384584584584584732e+01 1.134547921096064549e+01
1.387187187187187298e+01 1.134275207001356023e+01
1.389789789789789864e+01 1.134002217265052082e+01
1.392392392392392431e+01 1.133728950676638014e+01
1.394994994994995174e+01 1.133455406017751521e+01
1.397597597597597741e+01 1.133181582062113080e+01
1.400200200200200307e+01 1.132907477575454891e+01
1.402802802802802873e+01 1.132633091315451246e+01
1.405405405405405617e+01 1.132358422031645873e+01
1.408008008008008183e+01 1.132083468465380527e+01
1.410610610610610749e+01 1.131808229349720385e+01
1.413213213213213315e+01 1.131532703409381035e+01
1.415815815815815881e+01 1.131256889360652984e+01
1.418418418418418625e+01 1.130980785911326336e+01
1.421021021021021191e+01 1.130704391760613348e+01
1.423623623623623757e+01 1.130427705599071864e+01
1.426226226226226323e+01 1.130150726108526449e+01
1.428828828828828890e+01 1.129873451961989339e+01
1.431431431431431633e+01 1.129595881823579617e+01
1.434034034034034200e+01 1.129318014348443810e+01
1.436636636636636766e+01 1.129039848182671690e+01
1.439239239239239332e+01 1.128761381963215094e+01
1.441841841841841898e+01 1.128482614317803190e+01
1.444444444444444642e+01 1.128203543864857750e+01
1.447047047047047208e+01 1.127924169213407879e+01
1.449649649649649774e+01 1.127644488963002090e+01
1.452252252252252340e+01 1.127364501703621968e+01
1.454854854854854906e+01 1.127084206015591938e+01
1.457457457457457650e+01 1.126803600469490085e+01
1.460060060060060216e+01 1.126522683626057386e+01
1.462662662662662783e+01 1.126241454036105338e+01
1.465265265265265349e+01 1.125959910240423412e+01
1.467867867867867915e+01 1.125678050769684369e+01
1.470470470470470659e+01 1.125395874144349229e+01
1.473073073073073225e+01 1.125113378874570991e+01
1.475675675675675791e+01 1.124830563460097466e+01
1.478278278278278357e+01 1.124547426390171800e+01
1.480880880880880923e+01 1.124263966143433358e+01
1.483483483483483667e+01 1.123980181187816463e+01
1.486086086086086233e+01 1.123696069980448264e+01
1.488688688688688799e+01 1.123411630967544994e+01
1.491291291291291365e+01 1.123126862584308050e+01
1.493893893893894109e+01 1.122841763254817415e+01
1.496496496496496675e+01 1.122556331391924367e+01
1.499099099099099242e+01 1.122270565397143471e+01
1.501701701701701808e+01 1.121984463660542808e+01
1.504304304304304374e+01 1.121698024560632412e+01
1.506906906906907118e+01 1.121411246464252187e+01
1.509509509509509684e+01 1.121124127726457687e+01
1.512112112112112250e+01 1.120836666690405181e+01
1.514714714714714816e+01 1.120548861687234954e+01
1.517317317317317382e+01 1.120260711035953527e+01
1.519919919919920126e+01 1.119972213043313403e+01
1.522522522522522692e+01 1.119683366003692804e+01
1.525125125125125258e+01 1.119394168198972572e+01
1.527727727727727824e+01 1.119104617898413245e+01
1.530330330330330391e+01 1.118814713358527868e+01
1.532932932932933134e+01 1.118524452822956583e+01
1.535535535535535701e+01 1.118233834522336778e+01
1.538138138138138267e+01 1.117942856674173591e+01
1.540740740740740833e+01 1.117651517482707213e+01
1.543343343343343399e+01 1.117359815138780199e+01
1.545945945945946143e+01 1.117067747819701218e+01
1.548548548548548709e+01 1.116775313689109161e+01
1.551151151151151275e+01 1.116482510896833702e+01
1.553753753753753841e+01 1.116189337578755314e+01
1.556356356356356407e+01 1.115895791856662278e+01
1.558958958958959151e+01 1.115601871838107861e+01
1.561561561561561717e+01 1.115307575616263236e+01
1.564164164164164283e+01 1.115012901269770573e+01
1.566766766766766850e+01 1.114717846862593120e+01
1.569369369369369593e+01 1.114422410443863143e+01
1.571971971971972160e+01 1.114126590047729515e+01
1.574574574574574726e+01 1.113830383693201220e+01
1.577177177177177292e+01 1.113533789383989792e+01
1.579779779779779858e+01 1.113236805108350858e+01
1.582382382382382602e+01 1.112939428838921430e+01
1.584984984984985168e+01 1.112641658532556121e+01
1.587587587587587734e+01 1.112343492130162126e+01
1.590190190190190300e+01 1.112044927556530283e+01
1.592792792792792866e+01 1.111745962720165082e+01
1.595395395395395610e+01 1.111446595513112534e+01
1.597997997997998176e+01 1.111146823810784312e+01
1.600600600600600742e+01 1.110846645471781891e+01
1.603203203203203486e+01 1.110546058337715891e+01
1.605805805805805875e+01 1.110245060233024894e+01
1.608408408408408619e+01 1.109943648964791052e+01
1.611011011011011007e+01 1.109641822322553040e+01
1.613613613613613751e+01 1.109339578078116872e+01
1.616216216216216495e+01 1.109036913985364414e+01
1.618818818818818883e+01 1.108733827780057979e+01
1.621421421421421627e+01 1.108430317179644220e+01
1.624024024024024015e+01 1.108126379883054113e+01
1.626626626626626759e+01 1.107822013570500097e+01
1.629229229229229503e+01 1.107517215903271612e+01
1.631831831831831892e+01 1.107211984523526205e+01
1.634434434434434635e+01 1.106906317054079025e+01
1.637037037037037024e+01 1.106600211098189313e+01
1.639639639639639768e+01 1.106293664239342966e+01
1.642242242242242511e+01 1.105986674041033524e+01
1.644844844844844900e+01 1.105679238046538870e+01
1.647447447447447644e+01 1.105371353778695287e+01
1.650050050050050032e+01 1.105063018739669367e+01
1.652652652652652776e+01 1.104754230410724070e+01
1.655255255255255520e+01 1.104444986251984950e+01
1.657857857857857908e+01 1.104135283702200176e+01
1.660460460460460652e+01 1.103825120178498942e+01
1.663063063063063041e+01 1.103514493076145619e+01
1.665665665665665784e+01 1.103203399768290538e+01
1.668268268268268528e+01 1.102891837605718095e+01
1.670870870870870917e+01 1.102579803916589718e+01
1.673473473473473661e+01 1.102267296006183983e+01
1.676076076076076049e+01 1.101954311156633537e+01
1.678678678678678793e+01 1.101640846626657755e+01
1.681281281281281537e+01 1.101326899651290780e+01
1.683883883883883925e+01 1.101012467441607079e+01
1.686486486486486669e+01 1.100697547184441660e+01
1.689089089089089413e+01 1.100382136042107284e+01
1.691691691691691801e+01 1.100066231152107221e+01
1.694294294294294545e+01 1.099749829626843400e+01
1.696896896896896934e+01 1.099432928553320643e+01
1.699499499499499677e+01 1.099115524992846460e+01
1.702102102102102421e+01 1.098797615980727116e+01
1.704704704704704810e+01 1.098479198525957123e+01
1.707307307307307553e+01 1.098160269610907136e+01
1.709909909909909942e+01 1.097840826191004737e+01
1.712512512512512686e+01 1.097520865194411499e+01
1.715115115115115429e+01 1.097200383521695422e+01
1.717717717717717818e+01 1.096879378045497155e+01
1.720320320320320562e+01 1.096557845610193738e+01
1.722922922922922950e+01 1.096235783031553979e+01
1.725525525525525694e+01 1.095913187096391539e+01
1.728128128128128438e+01 1.095590054562211080e+01
1.730730730730730826e+01 1.095266382156849438e+01
1.733333333333333570e+01 1.094942166578111653e+01
1.735935935935935959e+01 1.094617404493401125e+01
1.738538538538538702e+01 1.094292092539343386e+01
1.741141141141141446e+01 1.093966227321405960e+01
1.743743743743743835e+01 1.093639805413510402e+01
1.746346346346346579e+01 1.093312823357639374e+01
1.748948948948948967e+01 1.092985277663437671e+01
1.751551551551551711e+01 1.092657164807806147e+01
1.754154154154154455e+01 1.092328481234490134e+01
1.756756756756756843e+01 1.091999223353661463e+01
1.759359359359359587e+01 1.091669387541492853e+01
1.761961961961961975e+01 1.091338970139727493e+01
1.764564564564564719e+01 1.091007967455239580e+01
1.767167167167167463e+01 1.090676375759589511e+01
1.769769769769769852e+01 1.090344191288571274e+01
1.772372372372372595e+01 1.090011410241752898e+01
1.774974974974974984e+01 1.089678028782009278e+01
1.777577577577577728e+01 1.089344043035047882e+01
1.780180180180180471e+01 1.089009449088926473e+01
1.782782782782782860e+01 1.088674242993563368e+01
1.785385385385385604e+01 1.088338420760238634e+01
1.787987987987987992e+01 1.088001978361089606e+01
1.790590590590590736e+01 1.087664911728595385e+01
1.793193193193193480e+01 1.087327216755054415e+01
1.795795795795795868e+01 1.086988889292053528e+01
1.798398398398398612e+01 1.086649925149928286e+01
1.801001001001001001e+01 1.086310320097212845e+01
1.803603603603603744e+01 1.085970069860083242e+01
1.806206206206206488e+01 1.085629170121788967e+01
1.808808808808808877e+01 1.085287616522077236e+01
1.811411411411411621e+01 1.084945404656605916e+01
1.814014014014014009e+01 1.084602530076347193e+01
1.816616616616616753e+01 1.084258988286981840e+01
1.819219219219219497e+01 1.083914774748282106e+01
1.821821821821821885e+01 1.083569884873485023e+01
1.824424424424424629e+01 1.083224314028654156e+01
1.827027027027027017e+01 1.082878057532032301e+01
1.829629629629629761e+01 1.082531110653380502e+01
1.832232232232232505e+01 1.082183468613307475e+01
1.834834834834834894e+01 1.081835126582587669e+01
1.837437437437437637e+01 1.081486079681466173e+01
1.840040040040040026e+01 1.081136322978952258e+01
1.842642642642642770e+01 1.080785851492101202e+01
1.845245245245245513e+01 1.080434660185282958e+01
1.847847847847847902e+01 1.080082743969437686e+01
1.850450450450450646e+01 1.079730097701319025e+01
1.853053053053053389e+01 1.079376716182722973e+01
1.855655655655655778e+01 1.079022594159704873e+01
1.858258258258258522e+01 1.078667726321779696e+01
1.860860860860860910e+01 1.078312107301111666e+01
1.863463463463463654e+01 1.077955731671685591e+01
1.866066066066066398e+01 1.077598593948466466e+01
1.868668668668668786e+01 1.077240688586542028e+01
1.871271271271271530e+01 1.076882009980250388e+01
1.873873873873873919e+01 1.076522552462292737e+01
1.876476476476476662e+01 1.076162310302827940e+01
1.879079079079079406e+01 1.075801277708552206e+01
1.881681681681681795e+01 1.075439448821761701e+01
1.884284284284284539e+01 1.075076817719397049e+01
1.886886886886886927e+01 1.074713378412071307e+01
1.889489489489489671e+01 1.074349124843078762e+01
1.892092092092092415e+01 1.073984050887387198e+01
1.894694694694694803e+01 1.073618150350608325e+01
1.897297297297297547e+01 1.073251416967952210e+01
1.899899899899899935e+01 1.072883844403159870e+01
1.902502502502502679e+01 1.072515426247417025e+01
1.905105105105105423e+01 1.072146156018246010e+01
1.907707707707707812e+01 1.071776027158377431e+01
1.910310310310310555e+01 1.071405033034601395e+01
1.912912912912912944e+01 1.071033166936593695e+01
1.915515515515515688e+01 1.070660422075723162e+01
1.918118118118118431e+01 1.070286791583832908e+01
1.920720720720720820e+01 1.069912268512000608e+01
1.923323323323323564e+01 1.069536845829271599e+01
1.925925925925925952e+01 1.069160516421371732e+01
1.928528528528528696e+01 1.068783273089389496e+01
1.931131131131131440e+01 1.068405108548437532e+01
1.933733733733733828e+01 1.068026015426284303e+01
1.936336336336336572e+01 1.067645986261960189e+01
1.938938938938938961e+01 1.067265013504334981e+01
1.941541541541541704e+01 1.066883089510669080e+01
1.944144144144144448e+01 1.066500206545132023e+01
1.946746746746746837e+01 1.066116356777295415e+01
1.949349349349349581e+01 1.065731532280592297e+01
1.951951951951951969e+01 1.065345725030747381e+01
1.954554554554554713e+01 1.064958926904173353e+01
1.957157157157157457e+01 1.064571129676336803e+01
1.959759759759759845e+01 1.064182325020089337e+01
1.962362362362362589e+01 1.063792504503963698e+01
1.964964964964964977e+01 1.063401659590437021e+01
1.967567567567567721e+01 1.063009781634155004e+01
1.970170170170170465e+01 1.062616861880122343e+01
1.972772772772772854e+01 1.062222891461852647e+01
1.975375375375375597e+01 1.061827861399481598e+01
1.977977977977977986e+01 1.061431762597838890e+01
1.980580580580580730e+01 1.061034585844480027e+01
1.983183183183183473e+01 1.060636321807677085e+01
1.985785785785785862e+01 1.060236961034365066e+01
1.988388388388388606e+01 1.059836493948045266e+01
1.990990990990990994e+01 1.059434910846644229e+01
1.993593593593593738e+01 1.059032201900324388e+01
1.996196196196196482e+01 1.058628357149250121e+01
1.998798798798798870e+01 1.058223366501302820e+01
2.001401401401401614e+01 1.057817219729746583e+01
2.004004004004004003e+01 1.057409906470844163e+01
2.006606606606606746e+01 1.057001416221418388e+01
2.009209209209209490e+01 1.056591738336361175e+01
2.011811811811811879e+01 1.056180862026085521e+01
2.014414414414414622e+01 1.055768776353922966e+01
2.017017017017017366e+01 1.055355470233460480e+01
2.019619619619619755e+01 1.054940932425818900e+01
2.022222222222222499e+01 1.054525151536869032e+01
2.024824824824824887e+01 1.054108116014385210e+01
2.027427427427427631e+01 1.053689814145133141e+01
2.030030030030030375e+01 1.053270234051892373e+01
2.032632632632632763e+01 1.052849363690408602e+01
2.035235235235235507e+01 1.052427190846276872e+01
2.037837837837837895e+01 1.052003703131752488e+01
2.040440440440440639e+01 1.051578887982486243e+01
2.043043043043043383e+01 1.051152732654185229e+01
2.045645645645645772e+01 1.050725224219192988e+01
2.048248248248248515e+01 1.050296349562991338e+01
2.050850850850850904e+01 1.049866095380616215e+01
2.053453453453453648e+01 1.049434448172991630e+01
2.056056056056056391e+01 1.049001394243172314e+01
2.058658658658658780e+01 1.048566919692498445e+01
2.061261261261261524e+01 1.048131010416657105e+01
2.063863863863863912e+01 1.047693652101646400e+01
2.066466466466466656e+01 1.047254830219644184e+01
2.069069069069069400e+01 1.046814530024772338e+01
2.071671671671671788e+01 1.046372736548759619e+01
2.074274274274274532e+01 1.045929434596494545e+01
2.076876876876876921e+01 1.045484608741471000e+01
2.079479479479479664e+01 1.045038243321116411e+01
2.082082082082082408e+01 1.044590322432006602e+01
2.084684684684684797e+01 1.044140829924956471e+01
2.087287287287287540e+01 1.043689749399988820e+01
2.089889889889889929e+01 1.043237064201174213e+01
2.092492492492492673e+01 1.042782757411339034e+01
2.095095095095095417e+01 1.042326811846637291e+01
2.097697697697697805e+01 1.041869210050982275e+01
2.100300300300300549e+01 1.041409934290334860e+01
2.102902902902902937e+01 1.040948966546840815e+01
2.105505505505505681e+01 1.040486288512815705e+01
2.108108108108108425e+01 1.040021881584571695e+01
2.110710710710710813e+01 1.039555726856080042e+01
2.113313313313313557e+01 1.039087805112465190e+01
2.115915915915915946e+01 1.038618096823325487e+01
2.118518518518518690e+01 1.038146582135873075e+01
2.121121121121121433e+01 1.037673240867890456e+01
2.123723723723723822e+01 1.037198052500493439e+01
2.126326326326326566e+01 1.036720996170697973e+01
2.128928928928928954e+01 1.036242050663783232e+01
2.131531531531531698e+01 1.035761194405442609e+01
2.134134134134134442e+01 1.035278405453718875e+01
2.136736736736736830e+01 1.034793661490712680e+01
2.139339339339339574e+01 1.034306939814060300e+01
2.141941941941941963e+01 1.033818217328170341e+01
2.144544544544544706e+01 1.033327470535212278e+01
2.147147147147147450e+01 1.032834675525848667e+01
2.149749749749749839e+01 1.032339807969701795e+01
2.152352352352352582e+01 1.031842843105545526e+01
2.154954954954954971e+01 1.031343755731213641e+01
2.157557557557557715e+01 1.030842520193214540e+01
2.160160160160160459e+01 1.030339110376041667e+01
2.162762762762762847e+01 1.029833499691168797e+01
2.165365365365365591e+01 1.029325661065720254e+01
2.167967967967967979e+01 1.028815566930803449e+01
2.170570570570570723e+01 1.028303189209493240e+01
2.173173173173173467e+01 1.027788499304451975e+01
2.175775775775775855e+01 1.027271468085177375e+01
2.178378378378378599e+01 1.026752065874860520e+01
2.180980980980981343e+01 1.026230262436841123e+01
2.183583583583583732e+01 1.025706026960646611e+01
2.186186186186186475e+01 1.025179328047597060e+01
2.188788788788788864e+01 1.024650133695961784e+01
2.191391391391391608e+01 1.024118411285651220e+01
2.193993993993994351e+01 1.023584127562424761e+01
2.196596596596596740e+01 1.023047248621596417e+01
2.199199199199199484e+01 1.022507739891223189e+01
2.201801801801801872e+01 1.021965566114750068e+01
2.204404404404404616e+01 1.021420691333094943e+01
2.207007007007007360e+01 1.020873078866152284e+01
2.209609609609609748e+01 1.020322691293689132e+01
2.212212212212212492e+01 1.019769490435613157e+01
2.214814814814814881e+01 1.019213437331586469e+01
2.217417417417417624e+01 1.018654492219960161e+01
2.220020020020020368e+01 1.018092614515999905e+01
2.222622622622622757e+01 1.017527762789378976e+01
2.225225225225225500e+01 1.016959894740903003e+01
2.227827827827827889e+01 1.016388967178440161e+01
2.230430430430430633e+01 1.015814935992021617e+01
2.233033033033033377e+01 1.015237756128079738e+01
2.235635635635635765e+01 1.014657381562784799e+01
2.238238238238238509e+01 1.014073765274448213e+01
2.240840840840840897e+01 1.013486859214946989e+01
2.243443443443443641e+01 1.012896614280132290e+01
2.246046046046046385e+01 1.012302980279176090e+01
2.248648648648648773e+01 1.011705905902813107e+01
2.251251251251251517e+01 1.011105338690425803e+01
2.253853853853853906e+01 1.010501224995927494e+01
2.256456456456456650e+01 1.009893509952386736e+01
2.259059059059059393e+01 1.009282137435338988e+01
2.261661661661661782e+01 1.008667050024727097e+01
2.264264264264264526e+01 1.008048188965409864e+01
2.266866866866866914e+01 1.007425494126171905e+01
2.269469469469469658e+01 1.006798903957169600e+01
2.272072072072072402e+01 1.006168355445739060e+01
2.274674674674674790e+01 1.005533784070492231e+01
2.277277277277277534e+01 1.004895123753620823e+01
2.279879879879879923e+01 1.004252306811324935e+01
2.282482482482482666e+01 1.003605263902276157e+01
2.285085085085085410e+01 1.002953923974024697e+01
2.287687687687687799e+01 1.002298214207249316e+01
2.290290290290290542e+01 1.001638059957747551e+01
2.292892892892892931e+01 1.000973384696056101e+01
2.295495495495495675e+01 1.000304109944585385e+01
nan nan
nan nan
nan nan
nan nan
nan nan
nan nan
nan nan
nan nan
nan nan
nan nan
nan nan
nan nan
nan nan
nan nan
nan nan
nan nan
nan nan
nan nan
nan nan
nan nan
nan nan
nan nan
nan nan
nan nan
nan nan
nan nan
nan nan
nan nan
nan nan
nan nan
nan nan
nan nan
nan nan
nan nan
nan nan
nan nan
nan nan
nan nan
nan nan
nan nan
nan nan
nan nan
nan nan
nan nan
nan nan
nan nan
nan nan
nan nan
nan nan
nan nan
nan nan
nan nan
nan nan
nan nan
nan nan
nan nan
nan nan
nan nan
nan nan
nan nan
nan nan
nan nan
nan nan
nan nan
nan nan
nan nan
nan nan
nan nan
nan nan
nan nan
nan nan
nan nan
nan nan
nan nan
nan nan
nan nan
nan nan
nan nan
nan nan
nan nan
nan nan
nan nan
nan nan
nan nan
nan nan
nan nan
nan nan
nan nan
nan nan
nan nan
nan nan
nan nan
nan nan
nan nan
nan nan
nan nan
nan nan
nan nan
nan nan
nan nan
nan nan
nan nan
nan nan
nan nan
nan nan
nan nan
nan nan
nan nan
nan nan
nan nan
nan nan
nan nan
nan nan
nan nan
nan nan
nan nan
nan nan
