0.000000000000000000e+00 1.323300494515798320e+01
1.530942707413295543e-02 1.318822820220748504e+01
3.061885414826591087e-02 1.318645214340595828e+01
4.592828122239886457e-02 1.318467592677708389e+01
6.123770829653182174e-02 1.318289955157570148e+01
7.654713537066477891e-02 1.318112301705440537e+01
9.185656244479772914e-02 1.317934632246353743e+01
1.071659895189306932e-01 1.317756946705117471e+01
1.224754165930636435e-01 1.317579245006311872e+01
1.377848436671965937e-01 1.317401527074288126e+01
1.530942707413295578e-01 1.317223792833168261e+01
1.684036978154625219e-01 1.317046042206842671e+01
1.837131248895954583e-01 1.316868275118970111e+01
1.990225519637284224e-01 1.316690491492975568e+01
2.143319790378613865e-01 1.316512691252050082e+01
2.296414061119943228e-01 1.316334874319148618e+01
2.449508331861272870e-01 1.316157040616989882e+01
2.602602602602602233e-01 1.315979190068054194e+01
2.755696873343931874e-01 1.315801322594583134e+01
2.908791144085261515e-01 1.315623438118577404e+01
3.061885414826591156e-01 1.315445536561796480e+01
3.214979685567920797e-01 1.315267617845756831e+01
3.368073956309250439e-01 1.315089681891731566e+01
3.521168227050579524e-01 1.314911728620747411e+01
3.674262497791909166e-01 1.314733757953585780e+01
3.827356768533238252e-01 1.314555769810779573e+01
3.980451039274568448e-01 1.314377764112613356e+01
4.133545310015898089e-01 1.314199740779120695e+01
4.286639580757227730e-01 1.314021699730084691e+01
4.439733851498556816e-01 1.313843640885034603e+01
4.592828122239886457e-01 1.313665564163246202e+01
4.745922392981216653e-01 1.313487469483740000e+01
4.899016663722545739e-01 1.313309356765279468e+01
5.052110934463874825e-01 1.313131225926370504e+01
5.205205205205204466e-01 1.312953076885259307e+01
5.358299475946534107e-01 1.312774909559932013e+01
5.511393746687863748e-01 1.312596723868112214e+01
5.664488017429193389e-01 1.312418519727260424e+01
5.817582288170523031e-01 1.312240297054572835e+01
5.970676558911852672e-01 1.312062055766979363e+01
6.123770829653182313e-01 1.311883795781142226e+01
6.276865100394511954e-01 1.311705517013455591e+01
6.429959371135841595e-01 1.311527219380042908e+01
6.583053641877171236e-01 1.311348902796756555e+01
6.736147912618500877e-01 1.311170567179175350e+01
6.889242183359829408e-01 1.310992212442604554e+01
7.042336454101159049e-01 1.310813838502072670e+01
7.195430724842488690e-01 1.310635445272331978e+01
7.348524995583818331e-01 1.310457032667855515e+01
7.501619266325147972e-01 1.310278600602836363e+01
7.654713537066476503e-01 1.310100148991185876e+01
7.807807807807808365e-01 1.309921677746532609e+01
7.960902078549136895e-01 1.309743186782220548e+01
8.113996349290466537e-01 1.309564676011307505e+01
8.267090620031796178e-01 1.309386145346564057e+01
8.420184890773125819e-01 1.309207594700471233e+01
8.573279161514455460e-01 1.309029023985220519e+01
8.726373432255783991e-01 1.308850433112710121e+01
8.879467702997113632e-01 1.308671821994545503e+01
9.032561973738443273e-01 1.308493190542036366e+01
9.185656244479772914e-01 1.308314538666196469e+01
9.338750515221102555e-01 1.308135866277740611e+01
9.491844785962433306e-01 1.307957173287083918e+01
9.644939056703761837e-01 1.307778459604340071e+01
9.798033327445091478e-01 1.307599725139319524e+01
9.951127598186421119e-01 1.307420969801528621e+01
1.010422186892774965e+00 1.307242193500166749e+01
1.025731613966907929e+00 1.307063396144125988e+01
1.041041041041040893e+00 1.306884577641987910e+01
1.056350468115173857e+00 1.306705737902023934e+01
1.071659895189306821e+00 1.306526876832192130e+01
1.086969322263439786e+00 1.306347994340135621e+01
1.102278749337572750e+00 1.306169090333181870e+01
1.117588176411705714e+00 1.305990164718340196e+01
1.132897603485838678e+00 1.305811217402299995e+01
1.148207030559971642e+00 1.305632248291429676e+01
1.163516457634104606e+00 1.305453257291774172e+01
1.178825884708237570e+00 1.305274244309053699e+01
1.194135311782370534e+00 1.305095209248661980e+01
1.209444738856503498e+00 1.304916152015664110e+01
1.224754165930636463e+00 1.304737072514794960e+01
1.240063593004769427e+00 1.304557970650457932e+01
1.255373020078902391e+00 1.304378846326721941e+01
1.270682447153035355e+00 1.304199699447320882e+01
1.285991874227168319e+00 1.304020529915650783e+01
1.301301301301301283e+00 1.303841337634768927e+01
1.316610728375434247e+00 1.303662122507390997e+01
1.331920155449567211e+00 1.303482884435889666e+01
1.347229582523700175e+00 1.303303623322293348e+01
1.362539009597833140e+00 1.303124339068283000e+01
1.377848436671965882e+00 1.302945031575191415e+01
1.393157863746098846e+00 1.302765700744000377e+01
1.408467290820231810e+00 1.302586346475339418e+01
1.423776717894364774e+00 1.302406968669483867e+01
1.439086144968497738e+00 1.302227567226351823e+01
1.454395572042630702e+00 1.302048142045503809e+01
1.469704999116763666e+00 1.301868693026139745e+01
1.485014426190896630e+00 1.301689220067096997e+01
1.500323853265029594e+00 1.301509723066848601e+01
1.515633280339162337e+00 1.301330201923501306e+01
1.530942707413295301e+00 1.301150656534793093e+01
1.546252134487428709e+00 1.300971086798092102e+01
1.561561561561561673e+00 1.300791492610393085e+01
1.576870988635694415e+00 1.300611873868316692e+01
1.592180415709827379e+00 1.300432230468106631e+01
1.607489842783960343e+00 1.300252562305627713e+01
1.622799269858093307e+00 1.300072869276364074e+01
1.638108696932226271e+00 1.299893151275415804e+01
1.653418124006359236e+00 1.299713408197498765e+01
1.668727551080492200e+00 1.299533639936941043e+01
1.684036978154625164e+00 1.299353846387680633e+01
1.699346405228758128e+00 1.299174027443264023e+01
1.714655832302891092e+00 1.298994182996843705e+01
1.729965259377023834e+00 1.298814312941175864e+01
1.745274686451156798e+00 1.298634417168617716e+01
1.760584113525290206e+00 1.298454495571126266e+01
1.775893540599422726e+00 1.298274548040255105e+01
1.791202967673555690e+00 1.298094574467152285e+01
1.806512394747688655e+00 1.297914574742558536e+01
1.821821821821821619e+00 1.297734548756804074e+01
1.837131248895954583e+00 1.297554496399807356e+01
1.852440675970087547e+00 1.297374417561071525e+01
1.867750103044220511e+00 1.297194312129682814e+01
1.883059530118353253e+00 1.297014179994308236e+01
1.898368957192486661e+00 1.296834021043192209e+01
1.913678384266619625e+00 1.296653835164155488e+01
1.928987811340752367e+00 1.296473622244591795e+01
1.944297238414885332e+00 1.296293382171465147e+01
1.959606665489018296e+00 1.296113114831308266e+01
1.974916092563151260e+00 1.295932820110219907e+01
1.990225519637284224e+00 1.295752497893861310e+01
2.005534946711417188e+00 1.295572148067455132e+01
2.020844373785549930e+00 1.295391770515781360e+01
2.036153800859683116e+00 1.295211365123176606e+01
2.051463227933815858e+00 1.295030931773529659e+01
2.066772655007949044e+00 1.294850470350279714e+01
2.082082082082081786e+00 1.294669980736414061e+01
2.097391509156214973e+00 1.294489462814465064e+01
2.112700936230347715e+00 1.294308916466507320e+01
2.128010363304480901e+00 1.294128341574155172e+01
2.143319790378613643e+00 1.293947738018560401e+01
2.158629217452746829e+00 1.293767105680408314e+01
2.173938644526879571e+00 1.293586444439916505e+01
2.189248071601012757e+00 1.293405754176831124e+01
2.204557498675145499e+00 1.293225034770424564e+01
2.219866925749278685e+00 1.293044286099491913e+01
2.235176352823411428e+00 1.292863508042349174e+01
2.250485779897544614e+00 1.292682700476829716e+01
2.265795206971677356e+00 1.292501863280281604e+01
2.281104634045810542e+00 1.292320996329564586e+01
2.296414061119943284e+00 1.292140099501047601e+01
2.311723488194076470e+00 1.291959172670604872e+01
2.327032915268209212e+00 1.291778215713614841e+01
2.342342342342342398e+00 1.291597228504954664e+01
2.357651769416475140e+00 1.291416210918999141e+01
2.372961196490607882e+00 1.291235162829617522e+01
2.388270623564741069e+00 1.291054084110169242e+01
2.403580050638873811e+00 1.290872974633501968e+01
2.418889477713006997e+00 1.290691834271948402e+01
2.434198904787139739e+00 1.290510662897322725e+01
2.449508331861272925e+00 1.290329460380917936e+01
2.464817758935405667e+00 1.290148226593502301e+01
2.480127186009538853e+00 1.289966961405316326e+01
2.495436613083671595e+00 1.289785664686069921e+01
2.510746040157804782e+00 1.289604336304938137e+01
2.526055467231937524e+00 1.289422976130559384e+01
2.541364894306070710e+00 1.289241584031030996e+01
2.556674321380203452e+00 1.289060159873906386e+01
2.571983748454336638e+00 1.288878703526191671e+01
2.587293175528469380e+00 1.288697214854342477e+01
2.602602602602602566e+00 1.288515693724260203e+01
2.617912029676735308e+00 1.288334140001288830e+01
2.633221456750868494e+00 1.288152553550211543e+01
2.648530883825001236e+00 1.287970934235247356e+01
2.663840310899134423e+00 1.287789281920047380e+01
2.679149737973267165e+00 1.287607596467691629e+01
2.694459165047400351e+00 1.287425877740684932e+01
2.709768592121533093e+00 1.287244125600954092e+01
2.725078019195666279e+00 1.287062339909844155e+01
2.740387446269799021e+00 1.286880520528114147e+01
2.755696873343931763e+00 1.286698667315934408e+01
2.771006300418064949e+00 1.286516780132881976e+01
2.786315727492197691e+00 1.286334858837937389e+01
2.801625154566330878e+00 1.286152903289481664e+01
2.816934581640463620e+00 1.285970913345290612e+01
2.832244008714596806e+00 1.285788888862533419e+01
2.847553435788729548e+00 1.285606829697766784e+01
2.862862862862862734e+00 1.285424735706932786e+01
2.878172289936995476e+00 1.285242606745353378e+01
2.893481717011128218e+00 1.285060442667728076e+01
2.908791144085261404e+00 1.284878243328128633e+01
2.924100571159394146e+00 1.284696008579996374e+01
2.939409998233527332e+00 1.284513738276137218e+01
2.954719425307660963e+00 1.284331432268717776e+01
2.970028852381793261e+00 1.284149090409262151e+01
2.985338279455926447e+00 1.283966712548646782e+01
3.000647706530059189e+00 1.283784298537096902e+01
3.015957133604192375e+00 1.283601848224182618e+01
3.031266560678324673e+00 1.283419361458813768e+01
3.046575987752458303e+00 1.283236838089236720e+01
3.061885414826590601e+00 1.283054277963030110e+01
3.077194841900724231e+00 1.282871680927099689e+01
3.092504268974857418e+00 1.282689046827674773e+01
3.107813696048990160e+00 1.282506375510303620e+01
3.123123123123123346e+00 1.282323666819848995e+01
3.138432550197255644e+00 1.282140920600484435e+01
3.153741977271388830e+00 1.281958136695688921e+01
3.169051404345521572e+00 1.281775314948242084e+01
3.184360831419654758e+00 1.281592455200221359e+01
3.199670258493787056e+00 1.281409557292995949e+01
3.214979685567920686e+00 1.281226621067222737e+01
3.230289112642053873e+00 1.281043646362841493e+01
3.245598539716186615e+00 1.280860633019070605e+01
3.260907966790319801e+00 1.280677580874402111e+01
3.276217393864452543e+00 1.280494489766596544e+01
3.291526820938585285e+00 1.280311359532679205e+01
3.306836248012718471e+00 1.280128190008934475e+01
3.322145675086851213e+00 1.279944981030901197e+01
3.337455102160984399e+00 1.279761732433367882e+01
3.352764529235117141e+00 1.279578444050367736e+01
3.368073956309250327e+00 1.279395115715173858e+01
3.383383383383383070e+00 1.279211747260293563e+01
3.398692810457516256e+00 1.279028338517464647e+01
3.414002237531648998e+00 1.278844889317648637e+01
3.429311664605782184e+00 1.278661399491027240e+01
3.444621091679914926e+00 1.278477868866996126e+01
3.459930518754047668e+00 1.278294297274160130e+01
3.475239945828180854e+00 1.278110684540327568e+01
3.490549372902313596e+00 1.277927030492506155e+01
3.505858799976446782e+00 1.277743334956895893e+01
3.521168227050580413e+00 1.277559597758885346e+01
3.536477654124712711e+00 1.277375818723044887e+01
3.551787081198845453e+00 1.277191997673122437e+01
3.567096508272978639e+00 1.277008134432036712e+01
3.582405935347111381e+00 1.276824228821872609e+01
3.597715362421244123e+00 1.276640280663875338e+01
3.613024789495377309e+00 1.276456289778444742e+01
3.628334216569510051e+00 1.276272255985129433e+01
3.643643643643643237e+00 1.276088179102621289e+01
3.658953070717776868e+00 1.275904058948749586e+01
3.674262497791909166e+00 1.275719895340475141e+01
3.689571924866042796e+00 1.275535688093884445e+01
3.704881351940175094e+00 1.275351437024183809e+01
3.720190779014308280e+00 1.275167141945692961e+01
3.735500206088441022e+00 1.274982802671839899e+01
3.750809633162574208e+00 1.274798419015153783e+01
3.766119060236706506e+00 1.274613990787259610e+01
3.781428487310840136e+00 1.274429517798871636e+01
3.796737914384973323e+00 1.274244999859786986e+01
3.812047341459106065e+00 1.274060436778879790e+01
3.827356768533239251e+00 1.273875828364094787e+01
3.842666195607371993e+00 1.273691174422440398e+01
3.857975622681504735e+00 1.273506474759983220e+01
3.873285049755637921e+00 1.273321729181840389e+01
3.888594476829770663e+00 1.273136937492174248e+01
3.903903903903903849e+00 1.272952099494184530e+01
3.919213330978036591e+00 1.272767214990102858e+01
3.934522758052168889e+00 1.272582283781184920e+01
3.949832185126302520e+00 1.272397305667704437e+01
3.965141612200435706e+00 1.272212280448946409e+01
3.980451039274568448e+00 1.272027207923199654e+01
3.995760466348701634e+00 1.271842087887749884e+01
4.011069893422834376e+00 1.271656920138873481e+01
4.026379320496967118e+00 1.271471704471829689e+01
4.041688747571099860e+00 1.271286440680853680e+01
4.056998174645233490e+00 1.271101128559149274e+01
4.072307601719366232e+00 1.270915767898882009e+01
4.087617028793498974e+00 1.270730358491171685e+01
4.102926455867631717e+00 1.270544900126084542e+01
4.118235882941765347e+00 1.270359392592626868e+01
4.133545310015898089e+00 1.270173835678736296e+01
4.148854737090030831e+00 1.269988229171275051e+01
4.164164164164163573e+00 1.269802572856021783e+01
4.179473591238297203e+00 1.269616866517664633e+01
4.194783018312429945e+00 1.269431109939792890e+01
4.210092445386562687e+00 1.269245302904888639e+01
4.225401872460695429e+00 1.269059445194320368e+01
4.240711299534829060e+00 1.268873536588333906e+01
4.256020726608961802e+00 1.268687576866044253e+01
4.271330153683094544e+00 1.268501565805428299e+01
4.286639580757227286e+00 1.268315503183316117e+01
4.301949007831360916e+00 1.268129388775382438e+01
4.317258434905493658e+00 1.267943222356139366e+01
4.332567861979626400e+00 1.267757003698926788e+01
4.347877289053759142e+00 1.267570732575904735e+01
4.363186716127891884e+00 1.267384408758044501e+01
4.378496143202025515e+00 1.267198032015120468e+01
4.393805570276158257e+00 1.267011602115700697e+01
4.409114997350290999e+00 1.266825118827138397e+01
4.424424424424423741e+00 1.266638581915563755e+01
4.439733851498557371e+00 1.266451991145874345e+01
4.455043278572690113e+00 1.266265346281725890e+01
4.470352705646822855e+00 1.266078647085524445e+01
4.485662132720955597e+00 1.265891893318415917e+01
4.500971559795089227e+00 1.265705084740277009e+01
4.516280986869221969e+00 1.265518221109707042e+01
4.531590413943354712e+00 1.265331302184017126e+01
4.546899841017487454e+00 1.265144327719221451e+01
4.562209268091621084e+00 1.264957297470028053e+01
4.577518695165753826e+00 1.264770211189827975e+01
4.592828122239886568e+00 1.264583068630686569e+01
4.608137549314019310e+00 1.264395869543333717e+01
4.623446976388152940e+00 1.264208613677153181e+01
4.638756403462285682e+00 1.264021300780173007e+01
4.654065830536418424e+00 1.263833930599055577e+01
4.669375257610551166e+00 1.263646502879087663e+01
4.684684684684684797e+00 1.263459017364169057e+01
4.699994111758817539e+00 1.263271473796803512e+01
4.715303538832950281e+00 1.263083871918087375e+01
4.730612965907083023e+00 1.262896211467699992e+01
4.745922392981215765e+00 1.262708492183891629e+01
4.761231820055349395e+00 1.262520713803474415e+01
4.776541247129482137e+00 1.262332876061810261e+01
4.791850674203614879e+00 1.262144978692800201e+01
4.807160101277747621e+00 1.261957021428874093e+01
4.822469528351881252e+00 1.261769004000978356e+01
4.837778955426013994e+00 1.261580926138565317e+01
4.853088382500146736e+00 1.261392787569582552e+01
4.868397809574279478e+00 1.261204588020459738e+01
4.883707236648413108e+00 1.261016327216098887e+01
4.899016663722545850e+00 1.260828004879861730e+01
4.914326090796678592e+00 1.260639620733557820e+01
4.929635517870811334e+00 1.260451174497433691e+01
4.944944944944944965e+00 1.260262665890159717e+01
4.960254372019077707e+00 1.260074094628818386e+01
4.975563799093210449e+00 1.259885460428893111e+01
4.990873226167343191e+00 1.259696763004254194e+01
5.006182653241476821e+00 1.259508002067147814e+01
5.021492080315609563e+00 1.259319177328182526e+01
5.036801507389742305e+00 1.259130288496317540e+01
5.052110934463875047e+00 1.258941335278849394e+01
5.067420361538008677e+00 1.258752317381398811e+01
5.082729788612141419e+00 1.258563234507898443e+01
5.098039215686274161e+00 1.258374086360579192e+01
5.113348642760406904e+00 1.258184872639957064e+01
5.128658069834539646e+00 1.257995593044820026e+01
5.143967496908673276e+00 1.257806247272214328e+01
5.159276923982806018e+00 1.257616835017430645e+01
5.174586351056938760e+00 1.257427355973990935e+01
5.189895778131071502e+00 1.257237809833634223e+01
5.205205205205205132e+00 1.257048196286302044e+01
5.220514632279337874e+00 1.256858515020125822e+01
5.235824059353470616e+00 1.256668765721410885e+01
5.251133486427603358e+00 1.256478948074622970e+01
5.266442913501736989e+00 1.256289061762373471e+01
5.281752340575869731e+00 1.256099106465405058e+01
5.297061767650002473e+00 1.255909081862576571e+01
5.312371194724135215e+00 1.255718987630848105e+01
5.327680621798268845e+00 1.255528823445265729e+01
5.342990048872401587e+00 1.255338588978946390e+01
5.358299475946534329e+00 1.255148283903062989e+01
5.373608903020667071e+00 1.254957907886828217e+01
5.388918330094800702e+00 1.254767460597478745e+01
5.404227757168933444e+00 1.254576941700260484e+01
5.419537184243066186e+00 1.254386350858410992e+01
5.434846611317198928e+00 1.254195687733144915e+01
5.450156038391332558e+00 1.254004951983636751e+01
5.465465465465465300e+00 1.253814143267004155e+01
5.480774892539598042e+00 1.253623261238292663e+01
5.496084319613729896e+00 1.253432305550457571e+01
5.511393746687863526e+00 1.253241275854347414e+01
5.526703173761997157e+00 1.253050171798687451e+01
5.542012600836129899e+00 1.252858993030061541e+01
5.557322027910261752e+00 1.252667739192895269e+01
5.572631454984395383e+00 1.252476409929438184e+01
5.587940882058529013e+00 1.252285004879746033e+01
5.603250309132661755e+00 1.252093523681663001e+01
5.618559736206795385e+00 1.251901965970803410e+01
5.633869163280927239e+00 1.251710331380533248e+01
5.649178590355060869e+00 1.251518619541952404e+01
5.664488017429193611e+00 1.251326830083875308e+01
5.679797444503327242e+00 1.251134962632812098e+01
5.695106871577459096e+00 1.250943016812950681e+01
5.710416298651592726e+00 1.250750992246135773e+01
5.725725725725725468e+00 1.250558888551851133e+01
5.741035152799858210e+00 1.250366705347198959e+01
5.756344579873990952e+00 1.250174442246881057e+01
5.771654006948124582e+00 1.249982098863177704e+01
5.786963434022256436e+00 1.249789674805928641e+01
5.802272861096390066e+00 1.249597169682511399e+01
5.817582288170522808e+00 1.249404583097822474e+01
5.832891715244656439e+00 1.249211914654255118e+01
5.848201142318788293e+00 1.249019163951678912e+01
5.863510569392921923e+00 1.248826330587418632e+01
5.878819996467054665e+00 1.248633414156232391e+01
5.894129423541188295e+00 1.248440414250291219e+01
5.909438850615321925e+00 1.248247330459155435e+01
5.924748277689453779e+00 1.248054162369754749e+01
5.940057704763586521e+00 1.247860909566364107e+01
5.955367131837720152e+00 1.247667571630582017e+01
5.970676558911852894e+00 1.247474148141308348e+01
5.985985985985985636e+00 1.247280638674719988e+01
6.001295413060118378e+00 1.247087042804249712e+01
6.016604840134251120e+00 1.246893360100560777e+01
6.031914267208384750e+00 1.246699590131524538e+01
6.047223694282517492e+00 1.246505732462196114e+01
6.062533121356649346e+00 1.246311786654790232e+01
6.077842548430782976e+00 1.246117752268657242e+01
6.093151975504916606e+00 1.245923628860258425e+01
6.108461402579049349e+00 1.245729415983140420e+01
6.123770829653181202e+00 1.245535113187911413e+01
6.139080256727314833e+00 1.245340720022214676e+01
6.154389683801448463e+00 1.245146236030703157e+01
6.169699110875581205e+00 1.244951660755014444e+01
6.185008537949714835e+00 1.244756993733743222e+01
6.200317965023846689e+00 1.244562234502416409e+01
6.215627392097980319e+00 1.244367382593464910e+01
6.230936819172113061e+00 1.244172437536198039e+01
6.246246246246246692e+00 1.243977398856775629e+01
6.261555673320378546e+00 1.243782266078180143e+01
6.276865100394511288e+00 1.243587038720189852e+01
6.292174527468644918e+00 1.243391716299350058e+01
6.307483954542777660e+00 1.243196298328944671e+01
6.322793381616910402e+00 1.243000784318968321e+01
6.338102808691043144e+00 1.242805173776096517e+01
6.353412235765175886e+00 1.242609466203656687e+01
6.368721662839309516e+00 1.242413661101598699e+01
6.384031089913442258e+00 1.242217757966465363e+01
6.399340516987574112e+00 1.242021756291361356e+01
6.414649944061707743e+00 1.241825655565923547e+01
6.429959371135841373e+00 1.241629455276289562e+01
6.445268798209974115e+00 1.241433154905067582e+01
6.460578225284107745e+00 1.241236753931303838e+01
6.475887652358241375e+00 1.241040251830450991e+01
6.491197079432373229e+00 1.240843648074336869e+01
6.506506506506505971e+00 1.240646942131131425e+01
6.521815933580639602e+00 1.240450133465313343e+01
6.537125360654772344e+00 1.240253221537638240e+01
6.552434787728905086e+00 1.240056205805104028e+01
6.567744214803037828e+00 1.239859085720917520e+01
6.583053641877170570e+00 1.239661860734460319e+01
6.598363068951304200e+00 1.239464530291254185e+01
6.613672496025436942e+00 1.239267093832926037e+01
6.628981923099568796e+00 1.239069550797172603e+01
6.644291350173702426e+00 1.238871900617724897e+01
6.659600777247836056e+00 1.238674142724312155e+01
6.674910204321968799e+00 1.238476276542625243e+01
6.690219631396100652e+00 1.238278301494280242e+01
6.705529058470234283e+00 1.238080216996780791e+01
6.720838485544367025e+00 1.237882022463480425e+01
6.736147912618500655e+00 1.237683717303545095e+01
6.751457339692634285e+00 1.237485300921914444e+01
6.766766766766766139e+00 1.237286772719262729e+01
6.782076193840898881e+00 1.237088132091960091e+01
6.797385620915032511e+00 1.236889378432032416e+01
6.812695047989166142e+00 1.236690511127121539e+01
6.828004475063297996e+00 1.236491529560444924e+01
6.843313902137430738e+00 1.236292433110753741e+01
6.858623329211564368e+00 1.236093221152292720e+01
6.873932756285697110e+00 1.235893893054757520e+01
6.889242183359829852e+00 1.235694448183252625e+01
6.904551610433962594e+00 1.235494885898248718e+01
6.919861037508095336e+00 1.235295205555539155e+01
6.935170464582228966e+00 1.235095406506196269e+01
6.950479891656361708e+00 1.234895488096528027e+01
6.965789318730493562e+00 1.234695449668031841e+01
6.981098745804627193e+00 1.234495290557351233e+01
6.996408172878760823e+00 1.234295010096228751e+01
7.011717599952893565e+00 1.234094607611460681e+01
7.027027027027027195e+00 1.233894082424849969e+01
7.042336454101160825e+00 1.233693433853159149e+01
7.057645881175292679e+00 1.233492661208063090e+01
7.072955308249425421e+00 1.233291763796100327e+01
7.088264735323559051e+00 1.233090740918624917e+01
7.103574162397690905e+00 1.232889591871756174e+01
7.118883589471824536e+00 1.232688315946330171e+01
7.134193016545957278e+00 1.232486912427848758e+01
7.149502443620090020e+00 1.232285380596428048e+01
7.164811870694222762e+00 1.232083719726748505e+01
7.180121297768356392e+00 1.231881929088001648e+01
7.195430724842488246e+00 1.231680007943837829e+01
7.210740151916621876e+00 1.231477955552313119e+01
7.226049578990754618e+00 1.231275771165835842e+01
7.241359006064888248e+00 1.231073454031111503e+01
7.256668433139020102e+00 1.230871003389088258e+01
7.271977860213153733e+00 1.230668418474901493e+01
7.287287287287286475e+00 1.230465698517817508e+01
7.302596714361420105e+00 1.230262842741176499e+01
7.317906141435553735e+00 1.230059850362335183e+01
7.333215568509685589e+00 1.229856720592608710e+01
7.348524995583818331e+00 1.229653452637212219e+01
7.363834422657951961e+00 1.229450045695200799e+01
7.379143849732085592e+00 1.229246498959409983e+01
7.394453276806217445e+00 1.229042811616395170e+01
7.409762703880350188e+00 1.228838982846369277e+01
7.425072130954483818e+00 1.228635011823141276e+01
7.440381558028616560e+00 1.228430897714053671e+01
7.455690985102749302e+00 1.228226639679918009e+01
7.471000412176882044e+00 1.228022236874951822e+01
7.486309839251014786e+00 1.227817688446712552e+01
7.501619266325148416e+00 1.227612993536032704e+01
7.516928693399281158e+00 1.227408151276952708e+01
7.532238120473413012e+00 1.227203160796654657e+01
7.547547547547546642e+00 1.226998021215392853e+01
7.562856974621680273e+00 1.226792731646426660e+01
7.578166401695813015e+00 1.226587291195950336e+01
7.593475828769946645e+00 1.226381698963022160e+01
7.608785255844078499e+00 1.226175954039494620e+01
7.624094682918212129e+00 1.225970055509941048e+01
7.639404109992344871e+00 1.225764002451583856e+01
7.654713537066478501e+00 1.225557793934221174e+01
7.670022964140610355e+00 1.225351429020151173e+01
7.685332391214743986e+00 1.225144906764098351e+01
7.700641818288876728e+00 1.224938226213136439e+01
7.715951245363009470e+00 1.224731386406611477e+01
7.731260672437142212e+00 1.224524386376064378e+01
7.746570099511275842e+00 1.224317225145152044e+01
7.761879526585407696e+00 1.224109901729567440e+01
7.777188953659541326e+00 1.223902415136959121e+01
7.792498380733674068e+00 1.223694764366849697e+01
7.807807807807807698e+00 1.223486948410553943e+01
7.823117234881939552e+00 1.223278966251094246e+01
7.838426661956073183e+00 1.223070816863117649e+01
7.853736089030205925e+00 1.222862499212808984e+01
7.869045516104337779e+00 1.222654012257806144e+01
7.884354943178473185e+00 1.222445354947111085e+01
7.899664370252605039e+00 1.222236526221003494e+01
7.914973797326737781e+00 1.222027525010949311e+01
7.930283224400871411e+00 1.221818350239512085e+01
7.945592651475005042e+00 1.221609000820260249e+01
7.960902078549136895e+00 1.221399475657675460e+01
7.976211505623269638e+00 1.221189773647058985e+01
7.991520932697403268e+00 1.220979893674436489e+01
8.006830359771536010e+00 1.220769834616462468e+01
8.022139786845668752e+00 1.220559595340323789e+01
8.037449213919801494e+00 1.220349174703641459e+01
8.052758640993934236e+00 1.220138571554370976e+01
8.068068068068066978e+00 1.219927784730703024e+01
8.083377495142199720e+00 1.219716813060960803e+01
8.098686922216334239e+00 1.219505655363498420e+01
8.113996349290466981e+00 1.219294310446596441e+01
8.129305776364599723e+00 1.219082777108356908e+01
8.144615203438732465e+00 1.218871054136597287e+01
8.159924630512865207e+00 1.218659140308742472e+01
8.175234057586997949e+00 1.218447034391716066e+01
8.190543484661130691e+00 1.218234735141830782e+01
8.205852911735263433e+00 1.218022241304676712e+01
8.221162338809397951e+00 1.217809551615007990e+01
8.236471765883530693e+00 1.217596664796630002e+01
8.251781192957663436e+00 1.217383579562283202e+01
8.267090620031796178e+00 1.217170294613526771e+01
8.282400047105928920e+00 1.216956808640619769e+01
8.297709474180061662e+00 1.216743120322403016e+01
8.313018901254194404e+00 1.216529228326176870e+01
8.328328328328327146e+00 1.216315131307579733e+01
8.343637755402459888e+00 1.216100827910463877e+01
8.358947182476594406e+00 1.215886316766770392e+01
8.374256609550727148e+00 1.215671596496402351e+01
8.389566036624859890e+00 1.215456665707097095e+01
8.404875463698992633e+00 1.215241522994295487e+01
8.420184890773125375e+00 1.215026166941012065e+01
8.435494317847258117e+00 1.214810596117700747e+01
8.450803744921390859e+00 1.214594809082121962e+01
8.466113171995523601e+00 1.214378804379205334e+01
8.481422599069658119e+00 1.214162580540912906e+01
8.496732026143790861e+00 1.213946136086099870e+01
8.512041453217923603e+00 1.213729469520373527e+01
8.527350880292056345e+00 1.213512579335950825e+01
8.542660307366189087e+00 1.213295464011514113e+01
8.557969734440321830e+00 1.213078122012065130e+01
8.573279161514454572e+00 1.212860551788777741e+01
8.588588588588587314e+00 1.212642751778848194e+01
8.603898015662721832e+00 1.212424720405344125e+01
8.619207442736854574e+00 1.212206456077051087e+01
8.634516869810987316e+00 1.211987957188318887e+01
8.649826296885120058e+00 1.211769222118903322e+01
8.665135723959252800e+00 1.211550249233809318e+01
8.680445151033385542e+00 1.211331036883129642e+01
8.695754578107518284e+00 1.211111583401882719e+01
8.711064005181651027e+00 1.210891887109848675e+01
8.726373432255783769e+00 1.210671946311402714e+01
8.741682859329918287e+00 1.210451759295347784e+01
8.756992286404051029e+00 1.210231324334743519e+01
8.772301713478183771e+00 1.210010639686735168e+01
8.787611140552316513e+00 1.209789703592377919e+01
8.802920567626449255e+00 1.209568514276462281e+01
8.818229994700581997e+00 1.209347069947334319e+01
8.833539421774714739e+00 1.209125368796716060e+01
8.848848848848847481e+00 1.208903408999522533e+01
8.864158275922982000e+00 1.208681188713677201e+01
8.879467702997114742e+00 1.208458706079924205e+01
8.894777130071247484e+00 1.208235959221640243e+01
8.910086557145380226e+00 1.208012946244642194e+01
8.925395984219512968e+00 1.207789665236994381e+01
8.940705411293645710e+00 1.207566114268811042e+01
8.956014838367778452e+00 1.207342291392059330e+01
8.971324265441911194e+00 1.207118194640358055e+01
8.986633692516045713e+00 1.206893822028774288e+01
9.001943119590178455e+00 1.206669171553618902e+01
9.017252546664311197e+00 1.206444241192236966e+01
9.032561973738443939e+00 1.206219028902798662e+01
9.047871400812576681e+00 1.205993532624085951e+01
9.063180827886709423e+00 1.205767750275277272e+01
9.078490254960842165e+00 1.205541679755729056e+01
9.093799682034974907e+00 1.205315318944755631e+01
9.109109109109107649e+00 1.205088665701406292e+01
9.124418536183242168e+00 1.204861717864238457e+01
9.139727963257374910e+00 1.204634473251090476e+01
9.155037390331507652e+00 1.204406929658849457e+01
9.170346817405640394e+00 1.204179084863218030e+01
9.185656244479773136e+00 1.203950936618476675e+01
9.200965671553905878e+00 1.203722482657245507e+01
9.216275098628038620e+00 1.203493720690241631e+01
9.231584525702171362e+00 1.203264648406032933e+01
9.246893952776305881e+00 1.203035263470791527e+01
9.262203379850438623e+00 1.202805563528042043e+01
9.277512806924571365e+00 1.202575546198407785e+01
9.292822233998704107e+00 1.202345209079353694e+01
9.308131661072836849e+00 1.202114549744927174e+01
9.323441088146969591e+00 1.201883565745494309e+01
9.338750515221102333e+00 1.201652254607473935e+01
9.354059942295235075e+00 1.201420613833069062e+01
9.369369369369369593e+00 1.201188640899994375e+01
9.384678796443502335e+00 1.200956333261200371e+01
9.399988223517635078e+00 1.200723688344594819e+01
9.415297650591767820e+00 1.200490703552761396e+01
9.430607077665900562e+00 1.200257376262673503e+01
9.445916504740033304e+00 1.200023703825406685e+01
9.461225931814166046e+00 1.199789683565845877e+01
9.476535358888298788e+00 1.199555312782390715e+01
9.491844785962431530e+00 1.199320588746656391e+01
9.507154213036566048e+00 1.199085508703171854e+01
9.522463640110698790e+00 1.198850069869074098e+01
9.537773067184831532e+00 1.198614269433798540e+01
9.553082494258964275e+00 1.198378104558766566e+01
9.568391921333097017e+00 1.198141572377069153e+01
9.583701348407229759e+00 1.197904669993146598e+01
9.599010775481362501e+00 1.197667394482465220e+01
9.614320202555495243e+00 1.197429742891189264e+01
9.629629629629629761e+00 1.197191712235850503e+01
9.644939056703762503e+00 1.196953299503012325e+01
9.660248483777895245e+00 1.196714501648931872e+01
9.675557910852027987e+00 1.196475315599216671e+01
9.690867337926160729e+00 1.196235738248478064e+01
9.706176765000293472e+00 1.195995766459980914e+01
9.721486192074426214e+00 1.195755397065289216e+01
9.736795619148558956e+00 1.195514626863906571e+01
9.752105046222693474e+00 1.195273452622915045e+01
9.767414473296826216e+00 1.195031871076606755e+01
9.782723900370958958e+00 1.194789878926114213e+01
9.798033327445091700e+00 1.194547472839034974e+01
9.813342754519224442e+00 1.194304649449051681e+01
9.828652181593357184e+00 1.194061405355549432e+01
9.843961608667489926e+00 1.193817737123226941e+01
9.859271035741622669e+00 1.193573641281704845e+01
9.874580462815755411e+00 1.193329114325129403e+01
9.889889889889889929e+00 1.193084152711770152e+01
9.905199316964022671e+00 1.192838752863615959e+01
9.920508744038155413e+00 1.192592911165963798e+01
9.935818171112288155e+00 1.192346623967004327e+01
9.951127598186420897e+00 1.192099887577402839e+01
9.966437025260553639e+00 1.191852698269875788e+01
9.981746452334686381e+00 1.191605052278760901e+01
9.997055879408819123e+00 1.191356945799585532e+01
1.001236530648295364e+01 1.191108374988627006e+01
1.002767473355708638e+01 1.190859335962470844e+01
1.004298416063121913e+01 1.190609824797562588e+01
1.005829358770535187e+01 1.190359837529754472e+01
1.007360301477948461e+01 1.190109370153849078e+01
1.008891244185361735e+01 1.189858418623135350e+01
1.010422186892775009e+01 1.189606978848921415e+01
1.011953129600188284e+01 1.189355046700062246e+01
1.013484072307601735e+01 1.189102618002480583e+01
1.015015015015015010e+01 1.188849688538684646e+01
1.016545957722428284e+01 1.188596254047279466e+01
1.018076900429841558e+01 1.188342310222472875e+01
1.019607843137254832e+01 1.188087852713577064e+01
1.021138785844668107e+01 1.187832877124503383e+01
1.022669728552081381e+01 1.187577379013253243e+01
1.024200671259494655e+01 1.187321353891401721e+01
1.025731613966907929e+01 1.187064797223577806e+01
1.027262556674321381e+01 1.186807704426936638e+01
1.028793499381734655e+01 1.186550070870628382e+01
1.030324442089147929e+01 1.186291891875259452e+01
1.031855384796561204e+01 1.186033162712349309e+01
1.033386327503974478e+01 1.185773878603781029e+01
1.034917270211387752e+01 1.185514034721245125e+01
1.036448212918801026e+01 1.185253626185679288e+01
1.037979155626214300e+01 1.184992648066700127e+01
1.039510098333627752e+01 1.184731095382030475e+01
1.041041041041041026e+01 1.184468963096919047e+01
1.042571983748454301e+01 1.184206246123555495e+01
1.044102926455867575e+01 1.183942939320477983e+01
1.045633869163280849e+01 1.183679037491974562e+01
1.047164811870694123e+01 1.183414535387479205e+01
1.048695754578107397e+01 1.183149427700960032e+01
1.050226697285520672e+01 1.182883709070301492e+01
1.051757639992934124e+01 1.182617374076680505e+01
1.053288582700347398e+01 1.182350417243934970e+01
1.054819525407760672e+01 1.182082833037925873e+01
1.056350468115173946e+01 1.181814615865893003e+01
1.057881410822587220e+01 1.181545760075803031e+01
1.059412353530000495e+01 1.181276259955690655e+01
1.060943296237413769e+01 1.181006109732993181e+01
1.062474238944827043e+01 1.180735303573877104e+01
1.064005181652240317e+01 1.180463835582557941e+01
1.065536124359653769e+01 1.180191699800612959e+01
1.067067067067067043e+01 1.179918890206284843e+01
1.068598009774480317e+01 1.179645400713779324e+01
1.070128952481893592e+01 1.179371225172555349e+01
1.071659895189306866e+01 1.179096357366604764e+01
1.073190837896720140e+01 1.178820791013727565e+01
1.074721780604133414e+01 1.178544519764796128e+01
1.076252723311546688e+01 1.178267537203013227e+01
1.077783666018960140e+01 1.177989836843160099e+01
1.079314608726373415e+01 1.177711412130837054e+01
1.080845551433786689e+01 1.177432256441695380e+01
1.082376494141199963e+01 1.177152363080659292e+01
1.083907436848613237e+01 1.176871725281140968e+01
1.085438379556026511e+01 1.176590336204243670e+01
1.086969322263439786e+01 1.176308188937958832e+01
1.088500264970853060e+01 1.176025276496350180e+01
1.090031207678266512e+01 1.175741591818731457e+01
1.091562150385679786e+01 1.175457127768831356e+01
1.093093093093093060e+01 1.175171877133950460e+01
1.094624035800506157e+01 1.174885832624106996e+01
1.096154978507919608e+01 1.174598986871171569e+01
1.097685921215332883e+01 1.174311332427992483e+01
1.099216863922745979e+01 1.174022861767508452e+01
1.100747806630159431e+01 1.173733567281851364e+01
1.102278749337572705e+01 1.173443441281436606e+01
1.103809692044986157e+01 1.173152475994041488e+01
1.105340634752399431e+01 1.172860663563873018e+01
1.106871577459812528e+01 1.172567996050620565e+01
1.108402520167225980e+01 1.172274465428498758e+01
1.109933462874639254e+01 1.171980063585274401e+01
1.111464405582052350e+01 1.171684782321282370e+01
1.112995348289465802e+01 1.171388613348426233e+01
1.114526290996879077e+01 1.171091548289164841e+01
1.116057233704292528e+01 1.170793578675484703e+01
1.117588176411705803e+01 1.170494695947857267e+01
1.119119119119119254e+01 1.170194891454180031e+01
1.120650061826532351e+01 1.169894156448702915e+01
1.122181004533945625e+01 1.169592482090936691e+01
1.123711947241359077e+01 1.169289859444545776e+01
1.125242889948772174e+01 1.168986279476223089e+01
1.126773832656185448e+01 1.168681733054546967e+01
1.128304775363598900e+01 1.168376210948818716e+01
1.129835718071012174e+01 1.168069703827882577e+01
1.131366660778425626e+01 1.167762202258924553e+01
1.132897603485838722e+01 1.167453696706251343e+01
1.134428546193251996e+01 1.167144177530047067e+01
1.135959488900665448e+01 1.166833634985110812e+01
1.137490431608078545e+01 1.166522059219568241e+01
1.139021374315491819e+01 1.166209440273562414e+01
1.140552317022905271e+01 1.165895768077918149e+01
1.142083259730318545e+01 1.165581032452784527e+01
1.143614202437731819e+01 1.165265223106247916e+01
1.145145145145145094e+01 1.164948329632920299e+01
1.146676087852558368e+01 1.164630341512499889e+01
1.148207030559971642e+01 1.164311248108301733e+01
1.149737973267384916e+01 1.163991038665760236e+01
1.151268915974798190e+01 1.163669702310898835e+01
1.152799858682211465e+01 1.163347228048768933e+01
1.154330801389624916e+01 1.163023604761855978e+01
1.155861744097038191e+01 1.162698821208450006e+01
1.157392686804451287e+01 1.162372866020981377e+01
1.158923629511864739e+01 1.162045727704319553e+01
1.160454572219278013e+01 1.161717394634032985e+01
1.161985514926691110e+01 1.161387855054609375e+01
1.163516457634104562e+01 1.161057097077636158e+01
1.165047400341517836e+01 1.160725108679935325e+01
1.166578343048931288e+01 1.160391877701657393e+01
1.168109285756344562e+01 1.160057391844326347e+01
1.169640228463757659e+01 1.159721638668839105e+01
1.171171171171171110e+01 1.159384605593413475e+01
1.172702113878584385e+01 1.159046279891487075e+01
1.174233056585997481e+01 1.158706648689561014e+01
1.175763999293410933e+01 1.158365698964989043e+01
1.177294942000824207e+01 1.158023417543710210e+01
1.178825884708237659e+01 1.157679791097920585e+01
1.180356827415650933e+01 1.157334806143684425e+01
1.181887770123064385e+01 1.156988449038480837e+01
1.183418712830477482e+01 1.156640705978684380e+01
1.184949655537890756e+01 1.156291562996976374e+01
1.186480598245304208e+01 1.155941005959686407e+01
1.188011540952717304e+01 1.155589020564056923e+01
1.189542483660130578e+01 1.155235592335434092e+01
1.191073426367544030e+01 1.154880706624377318e+01
1.192604369074957305e+01 1.154524348603686867e+01
1.194135311782370579e+01 1.154166503265345689e+01
1.195666254489783853e+01 1.153807155417372954e+01
1.197197197197197127e+01 1.153446289680584513e+01
1.198728139904610401e+01 1.153083890485260277e+01
1.200259082612023676e+01 1.152719942067710512e+01
1.201790025319436950e+01 1.152354428466740899e+01
1.203320968026850224e+01 1.151987333520011703e+01
1.204851910734263676e+01 1.151618640860286824e+01
1.206382853441676950e+01 1.151248333911568800e+01
1.207913796149090047e+01 1.150876395885116033e+01
1.209444738856503498e+01 1.150502809775337809e+01
1.210975681563916773e+01 1.150127558355562840e+01
1.212506624271329869e+01 1.149750624173677238e+01
1.214037566978743321e+01 1.149371989547625894e+01
1.215568509686156595e+01 1.148991636560773522e+01
1.217099452393569692e+01 1.148609547057121816e+01
1.218630395100983321e+01 1.148225702636372603e+01
1.220161337808396418e+01 1.147840084648839643e+01
1.221692280515809870e+01 1.147452674190194344e+01
1.223223223223223144e+01 1.147063452096048941e+01
1.224754165930636240e+01 1.146672398936362569e+01
1.226285108638049692e+01 1.146279495009672189e+01
1.227816051345462967e+01 1.145884720337136287e+01
1.229346994052876063e+01 1.145488054656387078e+01
1.230877936760289693e+01 1.145089477415185897e+01
1.232408879467703144e+01 1.144688967764872878e+01
1.233939822175116241e+01 1.144286504553603478e+01
1.235470764882529515e+01 1.143882066319368285e+01
1.237001707589942967e+01 1.143475631282783311e+01
1.238532650297356064e+01 1.143067177339647245e+01
1.240063593004769338e+01 1.142656682053254791e+01
1.241594535712182790e+01 1.142244122646460447e+01
1.243125478419596064e+01 1.141829475993481147e+01
1.244656421127009516e+01 1.141412718611431210e+01
1.246187363834422612e+01 1.140993826651579113e+01
1.247718306541835886e+01 1.140572775890317203e+01
1.249249249249249338e+01 1.140149541719834225e+01
1.250780191956662435e+01 1.139724099138481073e+01
1.252311134664075709e+01 1.139296422740817327e+01
1.253842077371489161e+01 1.138866486707330594e+01
1.255373020078902258e+01 1.138434264793815487e+01
1.256903962786315709e+01 1.137999730320399827e+01
1.258434905493728984e+01 1.137562856160209002e+01
1.259965848201142258e+01 1.137123614727651244e+01
1.261496790908555532e+01 1.136681977966316737e+01
1.263027733615968806e+01 1.136237917336470993e+01
1.264558676323382080e+01 1.135791403802132571e+01
1.266089619030795355e+01 1.135342407817720023e+01
1.267620561738208629e+01 1.134890899314251378e+01
1.269151504445622081e+01 1.134436847685081418e+01
1.270682447153035177e+01 1.133980221771161467e+01
1.272213389860448629e+01 1.133520989845802518e+01
1.273744332567861903e+01 1.133059119598927822e+01
1.275275275275275000e+01 1.132594578120791340e+01
1.276806217982688452e+01 1.132127331885148536e+01
1.278337160690101726e+01 1.131657346731856428e+01
1.279868103397514822e+01 1.131184587848882650e+01
1.281399046104928452e+01 1.130709019753704148e+01
1.282929988812341549e+01 1.130230606274069771e+01
1.284460931519755000e+01 1.129749310528107564e+01
1.285991874227168275e+01 1.129265094903747979e+01
1.287522816934581371e+01 1.128777921037442766e+01
1.289053759641994823e+01 1.128287749792148098e+01
1.290584702349408097e+01 1.127794541234548120e+01
1.292115645056821549e+01 1.127298254611489270e+01
1.293646587764234646e+01 1.126798848325592850e+01
1.295177530471648275e+01 1.126296279910019038e+01
1.296708473179061372e+01 1.125790506002344671e+01
1.298239415886474646e+01 1.125281482317524784e+01
1.299770358593888098e+01 1.124769163619898649e+01
1.301301301301301194e+01 1.124253503694204070e+01
1.302832244008714468e+01 1.123734455315561398e+01
1.304363186716127920e+01 1.123211970218384970e+01
1.305894129423541017e+01 1.122685999064178475e+01
1.307425072130954469e+01 1.122156491408169465e+01
1.308956014838367743e+01 1.121623395664737721e+01
1.310486957545781017e+01 1.121086659071582048e+01
1.312017900253194291e+01 1.120546227652580207e+01
1.313548842960607566e+01 1.120002046179281230e+01
1.315079785668020840e+01 1.119454058130976826e+01
1.316610728375434114e+01 1.118902205653288107e+01
1.318141671082847388e+01 1.118346429515206708e+01
1.319672613790260840e+01 1.117786669064521199e+01
1.321203556497673937e+01 1.117222862181560572e+01
1.322734499205087388e+01 1.116654945231178431e+01
1.324265441912500663e+01 1.116082853012902909e+01
1.325796384619913759e+01 1.115506518709168127e+01
1.327327327327327211e+01 1.114925873831540315e+01
1.328858270034740485e+01 1.114340848164851572e+01
1.330389212742153582e+01 1.113751369709139993e+01
1.331920155449567211e+01 1.113157364619298662e+01
1.333451098156980308e+01 1.112558757142327437e+01
1.334982040864393760e+01 1.111955469552069964e+01
1.336512983571807034e+01 1.111347422081323799e+01
1.338043926279220130e+01 1.110734532851193102e+01
1.339574868986633582e+01 1.110116717797553321e+01
1.341105811694046857e+01 1.109493890594488086e+01
1.342636754401459953e+01 1.108865962574548192e+01
1.344167697108873405e+01 1.108232842645678318e+01
1.345698639816287034e+01 1.107594437204643256e+01
1.347229582523700131e+01 1.106950650046780638e+01
1.348760525231113405e+01 1.106301382271890077e+01
1.350291467938526857e+01 1.105646532186066722e+01
1.351822410645939954e+01 1.104985995199264970e+01
1.353353353353353228e+01 1.104319663718374755e+01
1.354884296060766680e+01 1.103647427035572015e+01
1.356415238768179776e+01 1.102969171211696420e+01
1.357946181475593406e+01 1.102284778954388145e+01
1.359477124183006502e+01 1.101594129490704077e+01
1.361008066890419776e+01 1.100897098433911836e+01
1.362539009597833228e+01 1.100193557644145059e+01
1.364069952305246325e+01 1.099483375082578185e+01
1.365600895012659599e+01 1.098766414658760127e+01
1.367131837720073051e+01 1.098042536070722974e+01
1.368662780427486148e+01 1.097311594637454846e+01
1.370193723134899599e+01 1.096573441123297066e+01
1.371724665842312874e+01 1.095827921553802220e+01
1.373255608549726148e+01 1.095074877022550552e+01
1.374786551257139422e+01 1.094314143488395530e+01
1.376317493964552696e+01 1.093545551562564988e+01
1.377848436671965970e+01 1.092768926285011233e+01
1.379379379379379245e+01 1.091984086889357108e+01
1.380910322086792519e+01 1.091190846555737259e+01
1.382441264794205793e+01 1.090389012150788872e+01
1.383972207501619067e+01 1.089578383953986673e+01
1.385503150209032519e+01 1.088758755369459230e+01
1.387034092916445793e+01 1.087929912622363382e+01
1.388565035623858890e+01 1.087091634438819732e+01
1.390095978331272342e+01 1.086243691708338943e+01
1.391626921038685616e+01 1.085385847127588477e+01
1.393157863746098712e+01 1.084517854824257022e+01
1.394688806453512164e+01 1.083639459959680451e+01
1.396219749160925439e+01 1.082750398308786366e+01
1.397750691868338890e+01 1.081850395815798294e+01
1.399281634575752165e+01 1.080939168124016625e+01
1.400812577283165261e+01 1.080016420077856232e+01
1.402343519990578713e+01 1.079081845195168121e+01
1.403874462697991987e+01 1.078135125107713144e+01
1.405405405405405439e+01 1.077175928967468721e+01
1.406936348112818536e+01 1.076203912816259667e+01
1.408467290820232165e+01 1.075218718915978755e+01
1.409998233527645262e+01 1.074219975036434604e+01
1.411529176235058536e+01 1.073207293697589648e+01
1.413060118942471988e+01 1.072180271362671178e+01
1.414591061649885084e+01 1.071138487578315157e+01
1.416122004357298358e+01 1.070081504057549182e+01
1.417652947064711810e+01 1.069008863701033185e+01
1.419183889772124907e+01 1.067920089551542162e+01
1.420714832479538181e+01 1.066814683676199493e+01
1.422245775186951633e+01 1.065692125970435633e+01
1.423776717894364907e+01 1.064551872877055949e+01
1.425307660601778181e+01 1.063393356013148505e+01
1.426838603309191456e+01 1.062215980696824325e+01
1.428369546016604730e+01 1.061019124364969102e+01
1.429900488724018004e+01 1.059802134872271928e+01
1.431431431431431278e+01 1.058564328660770748e+01
1.432962374138844552e+01 1.057304988788010647e+01
1.434493316846257827e+01 1.056023362800625520e+01
1.436024259553671278e+01 1.054718660438702926e+01
1.437555202261084553e+01 1.053390051154662643e+01
1.439086144968497649e+01 1.052036661428545194e+01
1.440617087675911101e+01 1.050657571859522044e+01
1.442148030383324375e+01 1.049251814011091533e+01
1.443678973090737472e+01 1.047818366984751215e+01
1.445209915798150924e+01 1.046356153693908908e+01
1.446740858505564198e+01 1.044864036806342966e+01
1.448271801212977650e+01 1.043340814319576992e+01
1.449802743920390924e+01 1.041785214729041797e+01
1.451333686627804020e+01 1.040195891743733014e+01
1.452864629335217472e+01 1.038571418498155019e+01
1.454395572042630747e+01 1.036910281202536055e+01
1.455926514750043843e+01 1.035210872165432150e+01
1.457457457457457295e+01 1.033471482113770890e+01
1.458988400164870569e+01 1.031690291724860309e+01
1.460519342872284021e+01 1.029865362272662210e+01
1.462050285579697295e+01 1.027994625276397933e+01
1.463581228287110747e+01 1.026075871022926478e+01
1.465112170994523844e+01 1.024106735814860691e+01
1.466643113701937118e+01 1.022084687773509160e+01
1.468174056409350570e+01 1.020007010998791941e+01
1.469704999116763666e+01 1.017870787856414161e+01
1.471235941824176940e+01 1.015672879124822714e+01
1.472766884531590392e+01 1.013409901689550274e+01
1.474297827239003666e+01 1.011078203418893295e+01
1.475828769946417118e+01 1.008673834790625889e+01
1.477359712653830215e+01 1.006192516762147626e+01
1.478890655361243489e+01 1.003629604283141141e+01
1.480421598068656941e+01 1.000980044736692776e+01
1.481952540776070038e+01 nan
1.483483483483483312e+01 nan
1.485014426190896764e+01 nan
1.486545368898310038e+01 nan
1.488076311605723312e+01 nan
1.489607254313136586e+01 nan
1.491138197020549860e+01 nan
1.492669139727963135e+01 nan
1.494200082435376409e+01 nan
1.495731025142789683e+01 nan
1.497261967850202957e+01 nan
1.498792910557616409e+01 nan
1.500323853265029683e+01 nan
1.501854795972442780e+01 nan
1.503385738679856232e+01 nan
1.504916681387269506e+01 nan
1.506447624094682602e+01 nan
1.507978566802096054e+01 nan
1.509509509509509328e+01 nan
1.511040452216922780e+01 nan
1.512571394924336055e+01 nan
1.514102337631749151e+01 nan
1.515633280339162603e+01 nan
1.517164223046575877e+01 nan
1.518695165753989329e+01 nan
1.520226108461402426e+01 nan
1.521757051168815700e+01 nan
1.523287993876229152e+01 nan
1.524818936583642426e+01 nan
1.526349879291055878e+01 nan
1.527880821998468974e+01 nan
1.529411764705882248e+01 nan
