0.000000000000000000e+00 1.323300494515798320e+01
3.061885414826590913e-03 1.301891725500589203e+01
6.123770829653181827e-03 1.301704118923507458e+01
9.185656244479773608e-03 1.301516462450330458e+01
1.224754165930636365e-02 1.301328755921430691e+01
1.530942707413295370e-02 1.301140999176582369e+01
1.837131248895954722e-02 1.300953192054957697e+01
2.143319790378613726e-02 1.300765334395125095e+01
2.449508331861272731e-02 1.300577426035045292e+01
2.755696873343931735e-02 1.300389466812069905e+01
3.061885414826590740e-02 1.300201456562938063e+01
3.368073956309249745e-02 1.300013395123773741e+01
3.674262497791909443e-02 1.299825282330082565e+01
3.980451039274568448e-02 1.299637118016749859e+01
4.286639580757227452e-02 1.299448902018037444e+01
4.592828122239886457e-02 1.299260634167580442e+01
4.899016663722545462e-02 1.299072314298385322e+01
5.205205205205205160e-02 1.298883942242826173e+01
5.511393746687863471e-02 1.298695517832642565e+01
5.817582288170522475e-02 1.298507040898935649e+01
6.123770829653181480e-02 1.298318511272167086e+01
6.429959371135840485e-02 1.298129928782154074e+01
6.736147912618499489e-02 1.297941293258067930e+01
7.042336454101158494e-02 1.297752604528430709e+01
7.348524995583818886e-02 1.297563862421111480e+01
7.654713537066477891e-02 1.297375066763324902e+01
7.960902078549136895e-02 1.297186217381626960e+01
8.267090620031795900e-02 1.296997314101912657e+01
8.573279161514454905e-02 1.296808356749412638e+01
8.879467702997113909e-02 1.296619345148690527e+01
9.185656244479772914e-02 1.296430279123639195e+01
9.491844785962431919e-02 1.296241158497478985e+01
9.798033327445090923e-02 1.296051983092753090e+01
1.010422186892774854e-01 1.295862752731325784e+01
1.041041041041041032e-01 1.295673467234378506e+01
1.071659895189306794e-01 1.295484126422407023e+01
1.102278749337572694e-01 1.295294730115218229e+01
1.132897603485838595e-01 1.295105278131927484e+01
1.163516457634104495e-01 1.294915770290954349e+01
1.194135311782370396e-01 1.294726206410020808e+01
1.224754165930636296e-01 1.294536586306146653e+01
1.255373020078902335e-01 1.294346909795647171e+01
1.285991874227168097e-01 1.294157176694130129e+01
1.316610728375434136e-01 1.293967386816491683e+01
1.347229582523699898e-01 1.293777539976913538e+01
1.377848436671965937e-01 1.293587635988859574e+01
1.408467290820231699e-01 1.293397674665073005e+01
1.439086144968497738e-01 1.293207655817572288e+01
1.469704999116763777e-01 1.293017579257648464e+01
1.500323853265029539e-01 1.292827444795861425e+01
1.530942707413295578e-01 1.292637252242036539e+01
1.561561561561561340e-01 1.292447001405261631e+01
1.592180415709827379e-01 1.292256692093882897e+01
1.622799269858092863e-01 1.292066324115502596e+01
1.653418124006359180e-01 1.291875897276974250e+01
1.684036978154624942e-01 1.291685411384400162e+01
1.714655832302890981e-01 1.291494866243127859e+01
1.745274686451156743e-01 1.291304261657745656e+01
1.775893540599422782e-01 1.291113597432081050e+01
1.806512394747688544e-01 1.290922873369194690e+01
1.837131248895954583e-01 1.290732089271379124e+01
1.867750103044220344e-01 1.290541244940154186e+01
1.898368957192486384e-01 1.290350340176262556e+01
1.928987811340752145e-01 1.290159374779668333e+01
1.959606665489018185e-01 1.289968348549551358e+01
1.990225519637284224e-01 1.289777261284304899e+01
2.020844373785549708e-01 1.289586112781530858e+01
2.051463227933816025e-01 1.289394902838037282e+01
2.082082082082082064e-01 1.289203631249833926e+01
2.112700936230347826e-01 1.289012297812128516e+01
2.143319790378613587e-01 1.288820902319323380e+01
2.173938644526879627e-01 1.288629444565011539e+01
2.204557498675145388e-01 1.288437924341972973e+01
2.235176352823411428e-01 1.288246341442170362e+01
2.265795206971677189e-01 1.288054695656745885e+01
2.296414061119943228e-01 1.287862986776017493e+01
2.327032915268208990e-01 1.287671214589474289e+01
2.357651769416475029e-01 1.287479378885773151e+01
2.388270623564740791e-01 1.287287479452735006e+01
2.418889477713006830e-01 1.287095516077340562e+01
2.449508331861272592e-01 1.286903488545726404e+01
2.480127186009538909e-01 1.286711396643181082e+01
2.510746040157804670e-01 1.286519240154141386e+01
2.541364894306070710e-01 1.286327018862188076e+01
2.571983748454336194e-01 1.286134732550041981e+01
2.602602602602602233e-01 1.285942380999559731e+01
2.633221456750868272e-01 1.285749963991729850e+01
2.663840310899134312e-01 1.285557481306668670e+01
2.694459165047399796e-01 1.285364932723616960e+01
2.725078019195665835e-01 1.285172318020933879e+01
2.755696873343931874e-01 1.284979636976095030e+01
2.786315727492197913e-01 1.284786889365686768e+01
2.816934581640463398e-01 1.284594074965402832e+01
2.847553435788729437e-01 1.284401193550039721e+01
2.878172289936995476e-01 1.284208244893492434e+01
2.908791144085260960e-01 1.284015228768750738e+01
2.939409998233527554e-01 1.283822144947894195e+01
2.970028852381793039e-01 1.283628993202088253e+01
3.000647706530059078e-01 1.283435773301579985e+01
3.031266560678325117e-01 1.283242485015693646e+01
3.061885414826591156e-01 1.283049128112825876e+01
3.092504268974856640e-01 1.282855702360442329e+01
3.123123123123122680e-01 1.282662207525071807e+01
3.153741977271388719e-01 1.282468643372303596e+01
3.184360831419654758e-01 1.282275009666781074e+01
3.214979685567920242e-01 1.282081306172199220e+01
3.245598539716185726e-01 1.281887532651298400e+01
3.276217393864452321e-01 1.281693688865860814e+01
3.306836248012718360e-01 1.281499774576705519e+01
3.337455102160983844e-01 1.281305789543683993e+01
3.368073956309249883e-01 1.281111733525675866e+01
3.398692810457515923e-01 1.280917606280583243e+01
3.429311664605781962e-01 1.280723407565327854e+01
3.459930518754048001e-01 1.280529137135844131e+01
3.490549372902313485e-01 1.280334794747076721e+01
3.521168227050579524e-01 1.280140380152973734e+01
3.551787081198845564e-01 1.279945893106483901e+01
3.582405935347111603e-01 1.279751333359550181e+01
3.613024789495377087e-01 1.279556700663106028e+01
3.643643643643643126e-01 1.279361994767070421e+01
3.674262497791909166e-01 1.279167215420341996e+01
3.704881351940174650e-01 1.278972362370795857e+01
3.735500206088440689e-01 1.278777435365277171e+01
3.766119060236706728e-01 1.278582434149597091e+01
3.796737914384972767e-01 1.278387358468527957e+01
3.827356768533238807e-01 1.278192208065797253e+01
3.857975622681504291e-01 1.277996982684083704e+01
3.888594476829770330e-01 1.277801682065011768e+01
3.919213330978036369e-01 1.277606305949146659e+01
3.949832185126302408e-01 1.277410854075989199e+01
3.980451039274568448e-01 1.277215326183971023e+01
4.011069893422833932e-01 1.277019722010448710e+01
4.041688747571099416e-01 1.276824041291699530e+01
4.072307601719366010e-01 1.276628283762915927e+01
4.102926455867632050e-01 1.276432449158199489e+01
4.133545310015897534e-01 1.276236537210557387e+01
4.164164164164164128e-01 1.276040547651895096e+01
4.194783018312429612e-01 1.275844480213013199e+01
4.225401872460695651e-01 1.275648334623600455e+01
4.256020726608961136e-01 1.275452110612228829e+01
4.286639580757227175e-01 1.275255807906348693e+01
4.317258434905493214e-01 1.275059426232282611e+01
4.347877289053759253e-01 1.274862965315220542e+01
4.378496143202024737e-01 1.274666424879214333e+01
4.409114997350290777e-01 1.274469804647171500e+01
4.439733851498556816e-01 1.274273104340850438e+01
4.470352705646822855e-01 1.274076323680854728e+01
4.500971559795088894e-01 1.273879462386627637e+01
4.531590413943354378e-01 1.273682520176445720e+01
4.562209268091620418e-01 1.273485496767414737e+01
4.592828122239886457e-01 1.273288391875462366e+01
4.623446976388153051e-01 1.273091205215333055e+01
4.654065830536417980e-01 1.272893936500583223e+01
4.684684684684684020e-01 1.272696585443573802e+01
4.715303538832950059e-01 1.272499151755466151e+01
4.745922392981216098e-01 1.272301635146214949e+01
4.776541247129481582e-01 1.272104035324562865e+01
4.807160101277747621e-01 1.271906351998034701e+01
4.837778955426013661e-01 1.271708584872931702e+01
4.868397809574279700e-01 1.271510733654324810e+01
4.899016663722545184e-01 1.271312798046049863e+01
4.929635517870811223e-01 1.271114777750700142e+01
4.960254372019077818e-01 1.270916672469622100e+01
4.990873226167343302e-01 1.270718481902907371e+01
5.021492080315609341e-01 1.270520205749388154e+01
5.052110934463874825e-01 1.270321843706630816e+01
5.082729788612141419e-01 1.270123395470928962e+01
5.113348642760406904e-01 1.269924860737297578e+01
5.143967496908672388e-01 1.269726239199467699e+01
5.174586351056938982e-01 1.269527530549879124e+01
5.205205205205204466e-01 1.269328734479674026e+01
5.235824059353469950e-01 1.269129850678691618e+01
5.266442913501736545e-01 1.268930878835460518e+01
5.297061767650002029e-01 1.268731818637193776e+01
5.327680621798268623e-01 1.268532669769781052e+01
5.358299475946534107e-01 1.268333431917783471e+01
5.388918330094799591e-01 1.268134104764425629e+01
5.419537184243066186e-01 1.267934687991590437e+01
5.450156038391331670e-01 1.267735181279812195e+01
5.480774892539597154e-01 1.267535584308269136e+01
5.511393746687863748e-01 1.267335896754778091e+01
5.542012600836129232e-01 1.267136118295787206e+01
5.572631454984395827e-01 1.266936248606368487e+01
5.603250309132661311e-01 1.266736287360212643e+01
5.633869163280926795e-01 1.266536234229621094e+01
5.664488017429193389e-01 1.266336088885499755e+01
5.695106871577458874e-01 1.266135850997351930e+01
5.725725725725725468e-01 1.265935520233271028e+01
5.756344579873990952e-01 1.265735096259934878e+01
5.786963434022256436e-01 1.265534578742597382e+01
5.817582288170521920e-01 1.265333967345082478e+01
5.848201142318788515e-01 1.265133261729776848e+01
5.878819996467055109e-01 1.264932461557622290e+01
5.909438850615320593e-01 1.264731566488109848e+01
5.940057704763586077e-01 1.264530576179271293e+01
5.970676558911852672e-01 1.264329490287672897e+01
6.001295413060118156e-01 1.264128308468408157e+01
6.031914267208383640e-01 1.263927030375089977e+01
6.062533121356650234e-01 1.263725655659843383e+01
6.093151975504915718e-01 1.263524183973299309e+01
6.123770829653182313e-01 1.263322614964586066e+01
6.154389683801446687e-01 1.263120948281322065e+01
6.185008537949713281e-01 1.262919183569609061e+01
6.215627392097979875e-01 1.262717320474023985e+01
6.246246246246245359e-01 1.262515358637611484e+01
6.276865100394510844e-01 1.262313297701877168e+01
6.307483954542777438e-01 1.262111137306778730e+01
6.338102808691042922e-01 1.261908877090719194e+01
6.368721662839309516e-01 1.261706516690538926e+01
6.399340516987575000e-01 1.261504055741508168e+01
6.429959371135840485e-01 1.261301493877319047e+01
6.460578225284107079e-01 1.261098830730077580e+01
6.491197079432371453e-01 1.260896065930295862e+01
6.521815933580639157e-01 1.260693199106885132e+01
6.552434787728904642e-01 1.260490229887146185e+01
6.583053641877170126e-01 1.260287157896762977e+01
6.613672496025436720e-01 1.260083982759793564e+01
6.644291350173702204e-01 1.259880704098662463e+01
6.674910204321967688e-01 1.259677321534152306e+01
6.705529058470234283e-01 1.259473834685396199e+01
6.736147912618499767e-01 1.259270243169869019e+01
6.766766766766766361e-01 1.259066546603379422e+01
6.797385620915031845e-01 1.258862744600061490e+01
6.828004475063296219e-01 1.258658836772366385e+01
6.858623329211563924e-01 1.258454822731054357e+01
6.889242183359829408e-01 1.258250702085185324e+01
6.919861037508096002e-01 1.258046474442111951e+01
6.950479891656361486e-01 1.257842139407469872e+01
6.981098745804626970e-01 1.257637696585169529e+01
7.011717599952893565e-01 1.257433145577387990e+01
7.042336454101159049e-01 1.257228485984559541e+01
7.072955308249424533e-01 1.257023717405367869e+01
7.103574162397691127e-01 1.256818839436736646e+01
7.134193016545956612e-01 1.256613851673821003e+01
7.164811870694223206e-01 1.256408753709998649e+01
7.195430724842488690e-01 1.256203545136861699e+01
7.226049578990754174e-01 1.255998225544206193e+01
7.256668433139020769e-01 1.255792794520024458e+01
7.287287287287286253e-01 1.255587251650496228e+01
7.317906141435551737e-01 1.255381596519978515e+01
7.348524995583818331e-01 1.255175828710996733e+01
7.379143849732083815e-01 1.254969947804236696e+01
7.409762703880349299e-01 1.254763953378534147e+01
7.440381558028615894e-01 1.254557845010866046e+01
7.471000412176881378e-01 1.254351622276340628e+01
7.501619266325147972e-01 1.254145284748189226e+01
7.532238120473413456e-01 1.253938831997756154e+01
7.562856974621680051e-01 1.253732263594488749e+01
7.593475828769945535e-01 1.253525579105929033e+01
7.624094682918211019e-01 1.253318778097703223e+01
7.654713537066477613e-01 1.253111860133512323e+01
7.685332391214743097e-01 1.252904824775123060e+01
7.715951245363008582e-01 1.252697671582356698e+01
7.746570099511274066e-01 1.252490400113081392e+01
7.777188953659540660e-01 1.252283009923200296e+01
7.807807807807807254e-01 1.252075500566643029e+01
7.838426661956072738e-01 1.251867871595355375e+01
7.869045516104338223e-01 1.251660122559288979e+01
7.899664370252604817e-01 1.251452253006391580e+01
7.930283224400870301e-01 1.251244262482597058e+01
7.960902078549136895e-01 1.251036150531814961e+01
7.991520932697402380e-01 1.250827916695920727e+01
8.022139786845667864e-01 1.250619560514744677e+01
8.052758640993934458e-01 1.250411081526062418e+01
8.083377495142198832e-01 1.250202479265584543e+01
8.113996349290465426e-01 1.249993753266945262e+01
8.144615203438732021e-01 1.249784903061692987e+01
8.175234057586997505e-01 1.249575928179279138e+01
8.205852911735264099e-01 1.249366828147047670e+01
8.236471765883529583e-01 1.249157602490224761e+01
8.267090620031795067e-01 1.248948250731907272e+01
8.297709474180061662e-01 1.248738772393052798e+01
8.328328328328328256e-01 1.248529166992468475e+01
8.358947182476593740e-01 1.248319434046799969e+01
8.389566036624859224e-01 1.248109573070520817e+01
8.420184890773124708e-01 1.247899583575921056e+01
8.450803744921391303e-01 1.247689465073096571e+01
8.481422599069656787e-01 1.247479217069937008e+01
8.512041453217922271e-01 1.247268839072116187e+01
8.542660307366188865e-01 1.247058330583078956e+01
8.573279161514454350e-01 1.246847691104031242e+01
8.603898015662720944e-01 1.246636920133928328e+01
8.634516869810986428e-01 1.246426017169462419e+01
8.665135723959253022e-01 1.246214981705052693e+01
8.695754578107518507e-01 1.246003813232832869e+01
8.726373432255783991e-01 1.245792511242639122e+01
8.756992286404049475e-01 1.245581075221998901e+01
8.787611140552316069e-01 1.245369504656119553e+01
8.818229994700581553e-01 1.245157799027875356e+01
8.848848848848848148e-01 1.244945957817796511e+01
8.879467702997113632e-01 1.244733980504056703e+01
8.910086557145379116e-01 1.244521866562461021e+01
8.940705411293645710e-01 1.244309615466434238e+01
8.971324265441911194e-01 1.244097226687008018e+01
9.001943119590177789e-01 1.243884699692809193e+01
9.032561973738443273e-01 1.243672033950046796e+01
9.063180827886708757e-01 1.243459228922499982e+01
9.093799682034975351e-01 1.243246284071505947e+01
9.124418536183240835e-01 1.243033198855946608e+01
9.155037390331506320e-01 1.242819972732236344e+01
9.185656244479772914e-01 1.242606605154309030e+01
9.216275098628038398e-01 1.242393095573605954e+01
9.246893952776306103e-01 1.242179443439061970e+01
9.277512806924570476e-01 1.241965648197093230e+01
9.308131661072835961e-01 1.241751709291584049e+01
9.338750515221102555e-01 1.241537626163873398e+01
9.369369369369368039e-01 1.241323398252742471e+01
9.399988223517634633e-01 1.241109024994401011e+01
9.430607077665900118e-01 1.240894505822473626e+01
9.461225931814165602e-01 1.240679840167986825e+01
9.491844785962432196e-01 1.240465027459356051e+01
9.522463640110697680e-01 1.240250067122370758e+01
9.553082494258963164e-01 1.240034958580182156e+01
9.583701348407230869e-01 1.239819701253288287e+01
9.614320202555495243e-01 1.239604294559521058e+01
9.644939056703761837e-01 1.239388737914032390e+01
9.675557910852027321e-01 1.239173030729279290e+01
9.706176765000292805e-01 1.238957172415010888e+01
9.736795619148559400e-01 1.238741162378253335e+01
9.767414473296824884e-01 1.238525000023296307e+01
9.798033327445090368e-01 1.238308684751678612e+01
9.828652181593356962e-01 1.238092215962172915e+01
9.859271035741622446e-01 1.237875593050772594e+01
9.889889889889889041e-01 1.237658815410675928e+01
9.920508744038155635e-01 1.237441882432272067e+01
9.951127598186420009e-01 1.237224793503126108e+01
9.981746452334686603e-01 1.237007548007964175e+01
1.001236530648295320e+00 1.236790145328658319e+01
1.004298416063121868e+00 1.236572584844212130e+01
1.007360301477948417e+00 1.236354865930744573e+01
1.010422186892774965e+00 1.236136987961475597e+01
1.013484072307601513e+00 1.235918950306710329e+01
1.016545957722428284e+00 1.235700752333823793e+01
1.019607843137254832e+00 1.235482393407245283e+01
1.022669728552081381e+00 1.235263872888442904e+01
1.025731613966907929e+00 1.235045190135907411e+01
1.028793499381734478e+00 1.234826344505137286e+01
1.031855384796561248e+00 1.234607335348621682e+01
1.034917270211387796e+00 1.234388162015824975e+01
1.037979155626214345e+00 1.234168823853170416e+01
1.041041041041040893e+00 1.233949320204024325e+01
1.044102926455867442e+00 1.233729650408679390e+01
1.047164811870693990e+00 1.233509813804337441e+01
1.050226697285520761e+00 1.233289809725094699e+01
1.053288582700347309e+00 1.233069637501923488e+01
1.056350468115173857e+00 1.232849296462655886e+01
1.059412353530000406e+00 1.232628785931967030e+01
1.062474238944826954e+00 1.232408105231358064e+01
1.065536124359653725e+00 1.232187253679138728e+01
1.068598009774480273e+00 1.231966230590410660e+01
1.071659895189306821e+00 1.231745035277049283e+01
1.074721780604133370e+00 1.231523667047686743e+01
1.077783666018959918e+00 1.231302125207694509e+01
1.080845551433786689e+00 1.231080409059165071e+01
1.083907436848613237e+00 1.230858517900895066e+01
1.086969322263439786e+00 1.230636451028365741e+01
1.090031207678266334e+00 1.230414207733726784e+01
1.093093093093092882e+00 1.230191787305776252e+01
1.096154978507919431e+00 1.229969189029943877e+01
1.099216863922746201e+00 1.229746412188271520e+01
1.102278749337572750e+00 1.229523456059394526e+01
1.105340634752399076e+00 1.229300319918523776e+01
1.108402520167225846e+00 1.229077003037426508e+01
1.111464405582052395e+00 1.228853504684406772e+01
1.114526290996879165e+00 1.228629824124287140e+01
1.117588176411705714e+00 1.228405960618388981e+01
1.120650061826532262e+00 1.228181913424512750e+01
1.123711947241358811e+00 1.227957681796919154e+01
1.126773832656185359e+00 1.227733264986309258e+01
1.129835718071012129e+00 1.227508662239804238e+01
1.132897603485838678e+00 1.227283872800925835e+01
1.135959488900665226e+00 1.227058895909575931e+01
1.139021374315491775e+00 1.226833730802016831e+01
1.142083259730318323e+00 1.226608376710850123e+01
1.145145145145145094e+00 1.226382832864996431e+01
1.148207030559971642e+00 1.226157098489674979e+01
1.151268915974798190e+00 1.225931172806382463e+01
1.154330801389624739e+00 1.225705055032871726e+01
1.157392686804451287e+00 1.225478744383131335e+01
1.160454572219278058e+00 1.225252240067363019e+01
1.163516457634104384e+00 1.225025541291961773e+01
1.166578343048931155e+00 1.224798647259492945e+01
1.169640228463757703e+00 1.224571557168670566e+01
1.172702113878584029e+00 1.224344270214335673e+01
1.175763999293411022e+00 1.224116785587434286e+01
1.178825884708237570e+00 1.223889102474994317e+01
1.181887770123064119e+00 1.223661220060104071e+01
1.184949655537890667e+00 1.223433137521888447e+01
1.188011540952717215e+00 1.223204854035486910e+01
1.191073426367543764e+00 1.222976368772029865e+01
1.194135311782370534e+00 1.222747680898616274e+01
1.197197197197197083e+00 1.222518789578288789e+01
1.200259082612023631e+00 1.222289693970011726e+01
1.203320968026850180e+00 1.222060393228646191e+01
1.206382853441676728e+00 1.221830886504926461e+01
1.209444738856503498e+00 1.221601172945435643e+01
1.212506624271330047e+00 1.221371251692581694e+01
1.215568509686156595e+00 1.221141121884572378e+01
1.218630395100983144e+00 1.220910782655390747e+01
1.221692280515809692e+00 1.220680233134769743e+01
1.224754165930636463e+00 1.220449472448168038e+01
1.227816051345463011e+00 1.220218499716743388e+01
1.230877936760289337e+00 1.219987314057327588e+01
1.233939822175116108e+00 1.219755914582400713e+01
1.237001707589942656e+00 1.219524300400065009e+01
1.240063593004769427e+00 1.219292470614018420e+01
1.243125478419595975e+00 1.219060424323528657e+01
1.246187363834422523e+00 1.218828160623405843e+01
1.249249249249249072e+00 1.218595678603975507e+01
1.252311134664075620e+00 1.218362977351052479e+01
1.255373020078902169e+00 1.218130055945911927e+01
1.258434905493728939e+00 1.217896913465263076e+01
1.261496790908555488e+00 1.217663548981220600e+01
1.264558676323382036e+00 1.217429961561276741e+01
1.267620561738208584e+00 1.217196150268272525e+01
1.270682447153035133e+00 1.216962114160369701e+01
1.273744332567861903e+00 1.216727852291021605e+01
1.276806217982688452e+00 1.216493363708943853e+01
1.279868103397515000e+00 1.216258647458085385e+01
1.282929988812341549e+00 1.216023702577598442e+01
1.285991874227168097e+00 1.215788528101808375e+01
1.289053759641994645e+00 1.215553123060184149e+01
1.292115645056821416e+00 1.215317486477307440e+01
1.295177530471647964e+00 1.215081617372841905e+01
1.298239415886474291e+00 1.214845514761501910e+01
1.301301301301301061e+00 1.214609177653022165e+01
1.304363186716127831e+00 1.214372605052124676e+01
1.307425072130954380e+00 1.214135795958488195e+01
1.310486957545780928e+00 1.213898749366714647e+01
1.313548842960607477e+00 1.213661464266298218e+01
1.316610728375434025e+00 1.213423939641591076e+01
1.319672613790260574e+00 1.213186174471771395e+01
1.322734499205087344e+00 1.212948167730808713e+01
1.325796384619913892e+00 1.212709918387431607e+01
1.328858270034740441e+00 1.212471425405092340e+01
1.331920155449566989e+00 1.212232687741933290e+01
1.334982040864393538e+00 1.211993704350751599e+01
1.338043926279220308e+00 1.211754474178964713e+01
1.341105811694046857e+00 1.211514996168574676e+01
1.344167697108873405e+00 1.211275269256131892e+01
1.347229582523699953e+00 1.211035292372700134e+01
1.350291467938526502e+00 1.210795064443818880e+01
1.353353353353353272e+00 1.210554584389467081e+01
1.356415238768179599e+00 1.210313851124026208e+01
1.359477124183006369e+00 1.210072863556242240e+01
1.362539009597832917e+00 1.209831620589187828e+01
1.365600895012659244e+00 1.209590121120224104e+01
1.368662780427486236e+00 1.209348364040961776e+01
1.371724665842312785e+00 1.209106348237222051e+01
1.374786551257139333e+00 1.208864072588997551e+01
1.377848436671965882e+00 1.208621535970411820e+01
1.380910322086792430e+00 1.208378737249679347e+01
1.383972207501619200e+00 1.208135675289064892e+01
1.387034092916445749e+00 1.207892348944841920e+01
1.390095978331272297e+00 1.207648757067251921e+01
1.393157863746098846e+00 1.207404898500461243e+01
1.396219749160925394e+00 1.207160772082519529e+01
1.399281634575751943e+00 1.206916376645316724e+01
1.402343519990578713e+00 1.206671711014538850e+01
1.405405405405405261e+00 1.206426774009625902e+01
1.408467290820231810e+00 1.206181564443725840e+01
1.411529176235058358e+00 1.205936081123651071e+01
1.414591061649884907e+00 1.205690322849832619e+01
1.417652947064711677e+00 1.205444288416274823e+01
1.420714832479538225e+00 1.205197976610508626e+01
1.423776717894364552e+00 1.204951386213545561e+01
1.426838603309191322e+00 1.204704515999830150e+01
1.429900488724017871e+00 1.204457364737192293e+01
1.432962374138844641e+00 1.204209931186799132e+01
1.436024259553671190e+00 1.203962214103105843e+01
1.439086144968497738e+00 1.203714212233807501e+01
1.442148030383324286e+00 1.203465924319788094e+01
1.445209915798150835e+00 1.203217349095070432e+01
1.448271801212977605e+00 1.202968485286765699e+01
1.451333686627804154e+00 1.202719331615021225e+01
1.454395572042630702e+00 1.202469886792969689e+01
1.457457457457457251e+00 1.202220149526674398e+01
1.460519342872283799e+00 1.201970118515078134e+01
1.463581228287110347e+00 1.201719792449948265e+01
1.466643113701937118e+00 1.201469170015822385e+01
1.469704999116763666e+00 1.201218249889953071e+01
1.472766884531590215e+00 1.200967030742252994e+01
1.475828769946416763e+00 1.200715511235237543e+01
1.478890655361243311e+00 1.200463690023968688e+01
1.481952540776069860e+00 1.200211565755996723e+01
1.485014426190896630e+00 1.199959137071302528e+01
1.488076311605723179e+00 1.199706402602238242e+01
1.491138197020549505e+00 1.199453360973467753e+01
1.494200082435376276e+00 1.199200010801906302e+01
1.497261967850203046e+00 1.198946350696659380e+01
1.500323853265029594e+00 1.198692379258961083e+01
1.503385738679856143e+00 1.198438095082111765e+01
1.506447624094682691e+00 1.198183496751414623e+01
1.509509509509509240e+00 1.197928582844111567e+01
1.512571394924336010e+00 1.197673351929318919e+01
1.515633280339162559e+00 1.197417802567961864e+01
1.518695165753989107e+00 1.197161933312707660e+01
1.521757051168815655e+00 1.196905742707899201e+01
1.524818936583642204e+00 1.196649229289487160e+01
1.527880821998468974e+00 1.196392391584960713e+01
1.530942707413295523e+00 1.196135228113278970e+01
1.534004592828122071e+00 1.195877737384799566e+01
1.537066478242948619e+00 1.195619917901208495e+01
1.540128363657775168e+00 1.195361768155447457e+01
1.543190249072601716e+00 1.195103286631641382e+01
1.546252134487428487e+00 1.194844471805023822e+01
1.549314019902254813e+00 1.194585322141863415e+01
1.552375905317081584e+00 1.194325836099387139e+01
1.555437790731908132e+00 1.194066012125705178e+01
1.558499676146734458e+00 1.193805848659731517e+01
1.561561561561561451e+00 1.193545344131107200e+01
1.564623446976387999e+00 1.193284496960120222e+01
1.567685332391214548e+00 1.193023305557625413e+01
1.570747217806041096e+00 1.192761768324962190e+01
1.573809103220867645e+00 1.192499883653873560e+01
1.576870988635694415e+00 1.192237649926421561e+01
1.579932874050520963e+00 1.191975065514903598e+01
1.582994759465347512e+00 1.191712128781766289e+01
1.586056644880174060e+00 1.191448838079519135e+01
1.589118530295000609e+00 1.191185191750646588e+01
1.592180415709827379e+00 1.190921188127520303e+01
1.595242301124653928e+00 1.190656825532307650e+01
1.598304186539480476e+00 1.190392102276881836e+01
1.601366071954307024e+00 1.190127016662729353e+01
1.604427957369133573e+00 1.189861566980856189e+01
1.607489842783960121e+00 1.189595751511694033e+01
1.610551728198786892e+00 1.189329568525004177e+01
1.613613613613613440e+00 1.189063016279780172e+01
1.616675499028439766e+00 1.188796093024149947e+01
1.619737384443266537e+00 1.188528796995276338e+01
1.622799269858093085e+00 1.188261126419256364e+01
1.625861155272919856e+00 1.187993079511018557e+01
1.628923040687746404e+00 1.187724654474220465e+01
1.631984926102572953e+00 1.187455849501142957e+01
1.635046811517399501e+00 1.187186662772585066e+01
1.638108696932226049e+00 1.186917092457755807e+01
1.641170582347052820e+00 1.186647136714165640e+01
1.644232467761879368e+00 1.186376793687515985e+01
1.647294353176705917e+00 1.186106061511587484e+01
1.650356238591532465e+00 1.185834938308127384e+01
1.653418124006359013e+00 1.185563422186733717e+01
1.656480009421186006e+00 1.185291511244739837e+01
1.659541894836012332e+00 1.185019203567097179e+01
1.662603780250838881e+00 1.184746497226254824e+01
1.665665665665665651e+00 1.184473390282039063e+01
1.668727551080491978e+00 1.184199880781531888e+01
1.671789436495318748e+00 1.183925966758945236e+01
1.674851321910145296e+00 1.183651646235496813e+01
1.677913207324971845e+00 1.183376917219281310e+01
1.680975092739798393e+00 1.183101777705142688e+01
1.684036978154624942e+00 1.182826225674542364e+01
1.687098863569451490e+00 1.182550259095426703e+01
1.690160748984278261e+00 1.182273875922093431e+01
1.693222634399104809e+00 1.181997074095054323e+01
1.696284519813931357e+00 1.181719851540898425e+01
1.699346405228757906e+00 1.181442206172151188e+01
1.702408290643584454e+00 1.181164135887133249e+01
1.705470176058411225e+00 1.180885638569816898e+01
1.708532061473237773e+00 1.180606712089679888e+01
1.711593946888064321e+00 1.180327354301558707e+01
1.714655832302890870e+00 1.180047563045498116e+01
1.717717717717717418e+00 1.179767336146600343e+01
1.720779603132544189e+00 1.179486671414870713e+01
1.723841488547370959e+00 1.179205566645062397e+01
1.726903373962197286e+00 1.178924019616518137e+01
1.729965259377023834e+00 1.178642028093010730e+01
1.733027144791850604e+00 1.178359589822579778e+01
1.736089030206677153e+00 1.178076702537368448e+01
1.739150915621503701e+00 1.177793363953455597e+01
1.742212801036330250e+00 1.177509571770687380e+01
1.745274686451156798e+00 1.177225323672505830e+01
1.748336571865983347e+00 1.176940617325774951e+01
1.751398457280809895e+00 1.176655450380604151e+01
1.754460342695636665e+00 1.176369820470170602e+01
1.757522228110463214e+00 1.176083725210537523e+01
1.760584113525289762e+00 1.175797162200470325e+01
1.763645998940116311e+00 1.175510129021251160e+01
1.766707884354942859e+00 1.175222623236489561e+01
1.769769769769769630e+00 1.174934642391931483e+01
1.772831655184596178e+00 1.174646184015264794e+01
1.775893540599422726e+00 1.174357245615922984e+01
1.778955426014249275e+00 1.174067824684885153e+01
1.782017311429075823e+00 1.173777918694473676e+01
1.785079196843902594e+00 1.173487525098149575e+01
1.788141082258729142e+00 1.173196641330303258e+01
1.791202967673555912e+00 1.172905264806044734e+01
1.794264853088382239e+00 1.172613392920988673e+01
1.797326738503208787e+00 1.172321023051037692e+01
1.800388623918035558e+00 1.172028152552162084e+01
1.803450509332862106e+00 1.171734778760176710e+01
1.806512394747688655e+00 1.171440898990514334e+01
1.809574280162515203e+00 1.171146510537995589e+01
1.812636165577341751e+00 1.170851610676596621e+01
1.815698050992168522e+00 1.170556196659212489e+01
1.818759936406995070e+00 1.170260265717417347e+01
1.821821821821821619e+00 1.169963815061221446e+01
1.824883707236648167e+00 1.169666841878824215e+01
1.827945592651474715e+00 1.169369343336364508e+01
1.831007478066301264e+00 1.169071316577666053e+01
1.834069363481128034e+00 1.168772758723980765e+01
1.837131248895954583e+00 1.168473666873727090e+01
1.840193134310781131e+00 1.168174038102224621e+01
1.843255019725607680e+00 1.167873869461426217e+01
1.846316905140434228e+00 1.167573157979644449e+01
1.849378790555261221e+00 1.167271900661274842e+01
1.852440675970087547e+00 1.166970094486515563e+01
1.855502561384914095e+00 1.166667736411082146e+01
1.858564446799740866e+00 1.166364823365918113e+01
1.861626332214567192e+00 1.166061352256902595e+01
1.864688217629393963e+00 1.165757319964551897e+01
1.867750103044220511e+00 1.165452723343717700e+01
1.870811988459047059e+00 1.165147559223280282e+01
1.873873873873873608e+00 1.164841824405838189e+01
1.876935759288700156e+00 1.164535515667392040e+01
1.879997644703526927e+00 1.164228629757024436e+01
1.883059530118353475e+00 1.163921163396574876e+01
1.886121415533180024e+00 1.163613113280309541e+01
1.889183300948006572e+00 1.163304476074587157e+01
1.892245186362833120e+00 1.162995248417518646e+01
1.895307071777659669e+00 1.162685426918621978e+01
1.898368957192486439e+00 1.162375008158472767e+01
1.901430842607312988e+00 1.162063988688348637e+01
1.904492728022139536e+00 1.161752365029867917e+01
1.907554613436966084e+00 1.161440133674624242e+01
1.910616498851792633e+00 1.161127291083814939e+01
1.913678384266619403e+00 1.160813833687862839e+01
1.916740269681446174e+00 1.160499757886034011e+01
1.919802155096272500e+00 1.160185060046048910e+01
1.922864040511099049e+00 1.159869736503686610e+01
1.925925925925925819e+00 1.159553783562385476e+01
1.928987811340752367e+00 1.159237197492834781e+01
1.932049696755578916e+00 1.158919974532562591e+01
1.935111582170405464e+00 1.158602110885515479e+01
1.938173467585232013e+00 1.158283602721632910e+01
1.941235353000058561e+00 1.157964446176414519e+01
1.944297238414885332e+00 1.157644637350480998e+01
1.947359123829711880e+00 1.157324172309127874e+01
1.950421009244538428e+00 1.157003047081872538e+01
1.953482894659364977e+00 1.156681257661994344e+01
1.956544780074191525e+00 1.156358800006067256e+01
1.959606665489018074e+00 1.156035670033485374e+01
1.962668550903844844e+00 1.155711863625981017e+01
1.965730436318671392e+00 1.155387376627135154e+01
1.968792321733497941e+00 1.155062204841880558e+01
1.971854207148324489e+00 1.154736344035996076e+01
1.974916092563151038e+00 1.154409789935593977e+01
1.977977977977977808e+00 1.154082538226599475e+01
1.981039863392804357e+00 1.153754584554219953e+01
1.984101748807631127e+00 1.153425924522407975e+01
1.987163634222457453e+00 1.153096553693315229e+01
1.990225519637284002e+00 1.152766467586736177e+01
1.993287405052110772e+00 1.152435661679545120e+01
1.996349290466937321e+00 1.152104131405122800e+01
1.999411175881763869e+00 1.151771872152773746e+01
2.002473061296590640e+00 1.151438879267134752e+01
2.005534946711417188e+00 1.151105148047573579e+01
2.008596832126243736e+00 1.150770673747578066e+01
2.011658717541070285e+00 1.150435451574134760e+01
2.014720602955896833e+00 1.150099476687097955e+01
2.017782488370723382e+00 1.149762744198548603e+01
2.020844373785549930e+00 1.149425249172142038e+01
2.023906259200376478e+00 1.149086986622445039e+01
2.026968144615203027e+00 1.148747951514263299e+01
2.030030030030029575e+00 1.148408138761955222e+01
2.033091915444856568e+00 1.148067543228737541e+01
2.036153800859683116e+00 1.147726159725976736e+01
2.039215686274509665e+00 1.147383983012469599e+01
2.042277571689336213e+00 1.147041007793712986e+01
2.045339457104162761e+00 1.146697228721158979e+01
2.048401342518989310e+00 1.146352640391459410e+01
2.051463227933815858e+00 1.146007237345697227e+01
2.054525113348642407e+00 1.145661014068604544e+01
2.057586998763468955e+00 1.145313964987767896e+01
2.060648884178295503e+00 1.144966084472819112e+01
2.063710769593122496e+00 1.144617366834614636e+01
2.066772655007949044e+00 1.144267806324397263e+01
2.069834540422775593e+00 1.143917397132947755e+01
2.072896425837602141e+00 1.143566133389717621e+01
2.075958311252428690e+00 1.143214009161951061e+01
2.079020196667255238e+00 1.142861018453788446e+01
2.082082082082081786e+00 1.142507155205356284e+01
2.085143967496908335e+00 1.142152413291840674e+01
2.088205852911734883e+00 1.141796786522544238e+01
2.091267738326561432e+00 1.141440268639927957e+01
2.094329623741387980e+00 1.141082853318634527e+01
2.097391509156214973e+00 1.140724534164495552e+01
2.100453394571041521e+00 1.140365304713521333e+01
2.103515279985868069e+00 1.140005158430872534e+01
2.106577165400694618e+00 1.139644088709813019e+01
2.109639050815521166e+00 1.139282088870645104e+01
2.112700936230347715e+00 1.138919152159625980e+01
2.115762821645174263e+00 1.138555271747862818e+01
2.118824707060000812e+00 1.138190440730190289e+01
2.121886592474827360e+00 1.137824652124027125e+01
2.124948477889653908e+00 1.137457898868211004e+01
2.128010363304480901e+00 1.137090173821813899e+01
2.131072248719307449e+00 1.136721469762935222e+01
2.134134134134133998e+00 1.136351779387472405e+01
2.137196019548960546e+00 1.135981095307869637e+01
2.140257904963787094e+00 1.135609410051844037e+01
2.143319790378613643e+00 1.135236716061087137e+01
2.146381675793440191e+00 1.134863005689943449e+01
2.149443561208266740e+00 1.134488271204063814e+01
2.152505446623093288e+00 1.134112504779034758e+01
2.155567332037919837e+00 1.133735698498980682e+01
2.158629217452746385e+00 1.133357844355141530e+01
2.161691102867573377e+00 1.132978934244421865e+01
2.164752988282399926e+00 1.132598959967915420e+01
2.167814873697226474e+00 1.132217913229397865e+01
2.170876759112053023e+00 1.131835785633795233e+01
2.173938644526879571e+00 1.131452568685618942e+01
2.177000529941706120e+00 1.131068253787374900e+01
2.180062415356532668e+00 1.130682832237938840e+01
2.183124300771359216e+00 1.130296295230902537e+01
2.186186186186185765e+00 1.129908633852886624e+01
2.189248071601012313e+00 1.129519839081821608e+01
2.192309957015838862e+00 1.129129901785195855e+01
2.195371842430665854e+00 1.128738812718267503e+01
2.198433727845492403e+00 1.128346562522243346e+01
2.201495613260318507e+00 1.127953141722421115e+01
2.204557498675145499e+00 1.127558540726294289e+01
2.207619384089972048e+00 1.127162749821621013e+01
2.210681269504798152e+00 1.126765759174453940e+01
2.213743154919625145e+00 1.126367558827129045e+01
2.216805040334451693e+00 1.125968138696217480e+01
2.219866925749277797e+00 1.125567488570433738e+01
2.222928811164104790e+00 1.125165598108501896e+01
2.225990696578931782e+00 1.124762456836980107e+01
2.229052581993758331e+00 1.124358054148038910e+01
2.232114467408584879e+00 1.123952379297195669e+01
2.235176352823411428e+00 1.123545421401001754e+01
2.238238238238237976e+00 1.123137169434682825e+01
2.241300123653064524e+00 1.122727612229730099e+01
2.244362009067891073e+00 1.122316738471441155e+01
2.247423894482717621e+00 1.121904536696410659e+01
2.250485779897544170e+00 1.121490995289968140e+01
2.253547665312370718e+00 1.121076102483561421e+01
2.256609550727197711e+00 1.120659846352087108e+01
2.259671436142024259e+00 1.120242214811161396e+01
2.262733321556850807e+00 1.119823195614335987e+01
2.265795206971677356e+00 1.119402776350253426e+01
2.268857092386503904e+00 1.118980944439741165e+01
2.271918977801330453e+00 1.118557687132845047e+01
2.274980863216157001e+00 1.118132991505795815e+01
2.278042748630983549e+00 1.117706844457913817e+01
2.281104634045810098e+00 1.117279232708443182e+01
2.284166519460636646e+00 1.116850142793318845e+01
2.287228404875463195e+00 1.116419561061861820e+01
2.290290290290290187e+00 1.115987473673402164e+01
2.293352175705116736e+00 1.115553866593828047e+01
2.296414061119943284e+00 1.115118725592056848e+01
2.299475946534769832e+00 1.114682036236428786e+01
2.302537831949596381e+00 1.114243783891019746e+01
2.305599717364422929e+00 1.113803953711870420e+01
2.308661602779249478e+00 1.113362530643133042e+01
2.311723488194076026e+00 1.112919499413127333e+01
2.314785373608902574e+00 1.112474844530308715e+01
2.317847259023729123e+00 1.112028550279145556e+01
2.320909144438556115e+00 1.111580600715899614e+01
2.323971029853382664e+00 1.111130979664310736e+01
2.327032915268208768e+00 1.110679670711180833e+01
2.330094800683035761e+00 1.110226657201856959e+01
2.333156686097862309e+00 1.109771922235607278e+01
2.336218571512688413e+00 1.109315448660889381e+01
2.339280456927515406e+00 1.108857219070507405e+01
2.342342342342341954e+00 1.108397215796655289e+01
2.345404227757168059e+00 1.107935420905840651e+01
2.348466113171995051e+00 1.107471816193689484e+01
2.351527998586822044e+00 1.107006383179625786e+01
2.354589884001648592e+00 1.106539103101422938e+01
2.357651769416475140e+00 1.106069956909623642e+01
2.360713654831301689e+00 1.105598925261825194e+01
2.363775540246128237e+00 1.105125988516824265e+01
2.366837425660954786e+00 1.104651126728619026e+01
2.369899311075781334e+00 1.104174319640263491e+01
2.372961196490607882e+00 1.103695546677571038e+01
2.376023081905434431e+00 1.103214786942659664e+01
2.379084967320260979e+00 1.102732019207338254e+01
2.382146852735087528e+00 1.102247221906326402e+01
2.385208738149914520e+00 1.101760373130302995e+01
2.388270623564741069e+00 1.101271450618780534e+01
2.391332508979567617e+00 1.100780431752797028e+01
2.394394394394394165e+00 1.100287293547422252e+01
2.397456279809220714e+00 1.099792012644072159e+01
2.400518165224047262e+00 1.099294565302624171e+01
2.403580050638873811e+00 1.098794927393329246e+01
2.406641936053700359e+00 1.098293074388513979e+01
2.409703821468526908e+00 1.097788981354065463e+01
2.412765706883353456e+00 1.097282622940691610e+01
2.415827592298180448e+00 1.096773973374953215e+01
2.418889477713006997e+00 1.096263006450056743e+01
2.421951363127833545e+00 1.095749695516401623e+01
2.425013248542660094e+00 1.095234013471875301e+01
2.428075133957486642e+00 1.094715932751887877e+01
2.431137019372313191e+00 1.094195425319135495e+01
2.434198904787139739e+00 1.093672462653088040e+01
2.437260790201966287e+00 1.093147015739187466e+01
2.440322675616792836e+00 1.092619055057751964e+01
2.443384561031619384e+00 1.092088550572572991e+01
2.446446446446445933e+00 1.091555471719196468e+01
2.449508331861272925e+00 1.091019787392877838e+01
2.452570217276099029e+00 1.090481465936200678e+01
2.455632102690926022e+00 1.089940475126345198e+01
2.458693988105752570e+00 1.089396782161998978e+01
2.461755873520578675e+00 1.088850353649893776e+01
2.464817758935405667e+00 1.088301155590958658e+01
2.467879644350232216e+00 1.087749153366075738e+01
2.470941529765058320e+00 1.087194311721424178e+01
2.474003415179885312e+00 1.086636594753398555e+01
2.477065300594711861e+00 1.086075965893089013e+01
2.480127186009538853e+00 1.085512387890303998e+01
2.483189071424365402e+00 1.084945822797124215e+01
2.486250956839191950e+00 1.084376231950967018e+01
2.489312842254018499e+00 1.083803575957148091e+01
2.492374727668845047e+00 1.083227814670919464e+01
2.495436613083671595e+00 1.082648907178966979e+01
2.498498498498498144e+00 1.082066811780348203e+01
2.501560383913324692e+00 1.081481485966848233e+01
2.504622269328151241e+00 1.080892886402735442e+01
2.507684154742977789e+00 1.080300968903894088e+01
2.510746040157804337e+00 1.079705688416309606e+01
2.513807925572631330e+00 1.079106998993885824e+01
2.516869810987457878e+00 1.078504853775567263e+01
2.519931696402284427e+00 1.077899204961740054e+01
2.522993581817110975e+00 1.077290003789887862e+01
2.526055467231937524e+00 1.076677200509471533e+01
2.529117352646764072e+00 1.076060744356004228e+01
2.532179238061590620e+00 1.075440583524292570e+01
2.535241123476417169e+00 1.074816665140810557e+01
2.538303008891243717e+00 1.074188935235173048e+01
2.541364894306070266e+00 1.073557338710675424e+01
2.544426779720897258e+00 1.072921819313862102e+01
2.547488665135723807e+00 1.072282319603085199e+01
2.550550550550550355e+00 1.071638780916015143e+01
2.553612435965376903e+00 1.070991143336062201e+01
2.556674321380203452e+00 1.070339345657662022e+01
2.559736206795030000e+00 1.069683325350386305e+01
2.562798092209856549e+00 1.069023018521823332e+01
2.565859977624683097e+00 1.068358359879185393e+01
2.568921863039509645e+00 1.067689282689588204e+01
2.571983748454336194e+00 1.067015718738946717e+01
2.575045633869162742e+00 1.066337598289433863e+01
2.578107519283989291e+00 1.065654850035438805e+01
2.581169404698816283e+00 1.064967401057965901e+01
2.584231290113642832e+00 1.064275176777404219e+01
2.587293175528468936e+00 1.063578100904604362e+01
2.590355060943295928e+00 1.062876095390184616e+01
2.593416946358122477e+00 1.062169080371996799e+01
2.596478831772948581e+00 1.061456974120666885e+01
2.599540717187775574e+00 1.060739692983131377e+01
2.602602602602602122e+00 1.060017151324078455e+01
2.605664488017428226e+00 1.059289261465205456e+01
2.608726373432255663e+00 1.058555933622192313e+01
2.611788258847082211e+00 1.057817075839293608e+01
2.614850144261908760e+00 1.057072593921438219e+01
2.617912029676735308e+00 1.056322391363727142e+01
2.620973915091561857e+00 1.055566369278210637e+01
2.624035800506388405e+00 1.054804426317821076e+01
2.627097685921214953e+00 1.054036458597326842e+01
2.630159571336041502e+00 1.053262359611176890e+01
2.633221456750868050e+00 1.052482020148081965e+01
2.636283342165694599e+00 1.051695328202185742e+01
2.639345227580521147e+00 1.050902168880662479e+01
2.642407112995348140e+00 1.050102424307570281e+01
2.645468998410174688e+00 1.049295973523780923e+01
2.648530883825001236e+00 1.048482692382796699e+01
2.651592769239827785e+00 1.047662453442255526e+01
2.654654654654654333e+00 1.046835125850909165e+01
2.657716540069480882e+00 1.046000575230855212e+01
2.660778425484307430e+00 1.045158663554785683e+01
2.663840310899133978e+00 1.044309249017999441e+01
2.666902196313960527e+00 1.043452185904919460e+01
2.669964081728787075e+00 1.042587324449830355e+01
2.673025967143614068e+00 1.041714510691543438e+01
2.676087852558440616e+00 1.040833586321674353e+01
2.679149737973267165e+00 1.039944388526201813e+01
2.682211623388093713e+00 1.039046749819951998e+01
2.685273508802920261e+00 1.038140497873640555e+01
2.688335394217746810e+00 1.037225455333071089e+01
2.691397279632573358e+00 1.036301439630069154e+01
2.694459165047399907e+00 1.035368262784708904e+01
2.697521050462226455e+00 1.034425731198350995e+01
2.700582935877053004e+00 1.033473645436993671e+01
2.703644821291879552e+00 1.032511800004393088e+01
2.706706706706706544e+00 1.031539983104386238e+01
2.709768592121533093e+00 1.030557976391805397e+01
2.712830477536359197e+00 1.029565554711336084e+01
2.715892362951186190e+00 1.028562485823627703e+01
2.718954248366012738e+00 1.027548530117920933e+01
2.722016133780838842e+00 1.026523440310405100e+01
2.725078019195665835e+00 1.025486961127464980e+01
2.728139904610492383e+00 1.024438828972923865e+01
2.731201790025318488e+00 1.023378771578324553e+01
2.734263675440145480e+00 1.022306507635220107e+01
2.737325560854972473e+00 1.021221746408386011e+01
2.740387446269799021e+00 1.020124187328774923e+01
2.743449331684625569e+00 1.019013519564960646e+01
2.746511217099452118e+00 1.017889421571724817e+01
2.749573102514278666e+00 1.016751560614341443e+01
2.752634987929105215e+00 1.015599592267010642e+01
2.755696873343931763e+00 1.014433159883778579e+01
2.758758758758758312e+00 1.013251894040152656e+01
2.761820644173584860e+00 1.012055411943493155e+01
2.764882529588411408e+00 1.010843316810111503e+01
2.767944415003238401e+00 1.009615197206848336e+01
2.771006300418064949e+00 1.008370626354730426e+01
2.774068185832891498e+00 1.007109161392122409e+01
2.777130071247718046e+00 1.005830342594578752e+01
2.780191956662544595e+00 1.004533692548383250e+01
2.783253842077371143e+00 nan
2.786315727492197691e+00 nan
2.789377612907024240e+00 nan
2.792439498321850788e+00 nan
2.795501383736677337e+00 nan
2.798563269151503885e+00 nan
2.801625154566330878e+00 nan
2.804687039981157426e+00 nan
2.807748925395983974e+00 nan
2.810810810810810523e+00 nan
2.813872696225637071e+00 nan
2.816934581640463620e+00 nan
2.819996467055290168e+00 nan
2.823058352470116716e+00 nan
2.826120237884943265e+00 nan
2.829182123299769813e+00 nan
2.832244008714596806e+00 nan
2.835305894129423354e+00 nan
2.838367779544249458e+00 nan
2.841429664959076451e+00 nan
2.844491550373902999e+00 nan
2.847553435788729104e+00 nan
2.850615321203556096e+00 nan
2.853677206618382645e+00 nan
2.856739092033208749e+00 nan
2.859800977448035741e+00 nan
2.862862862862862290e+00 nan
2.865924748277689282e+00 nan
2.868986633692515831e+00 nan
2.872048519107342379e+00 nan
2.875110404522168928e+00 nan
2.878172289936995476e+00 nan
2.881234175351822024e+00 nan
2.884296060766648573e+00 nan
2.887357946181475121e+00 nan
2.890419831596301670e+00 nan
2.893481717011128218e+00 nan
2.896543602425955211e+00 nan
2.899605487840781759e+00 nan
2.902667373255608307e+00 nan
2.905729258670434856e+00 nan
2.908791144085261404e+00 nan
2.911853029500087953e+00 nan
2.914914914914914501e+00 nan
2.917976800329741049e+00 nan
2.921038685744567598e+00 nan
2.924100571159394146e+00 nan
2.927162456574220695e+00 nan
2.930224341989047687e+00 nan
2.933286227403874236e+00 nan
2.936348112818700784e+00 nan
2.939409998233527332e+00 nan
2.942471883648353881e+00 nan
2.945533769063180429e+00 nan
2.948595654478006978e+00 nan
2.951657539892833526e+00 nan
2.954719425307660075e+00 nan
2.957781310722486623e+00 nan
2.960843196137313615e+00 nan
2.963905081552139720e+00 nan
2.966966966966966712e+00 nan
2.970028852381793261e+00 nan
2.973090737796619365e+00 nan
2.976152623211446357e+00 nan
2.979214508626272906e+00 nan
2.982276394041099010e+00 nan
2.985338279455926003e+00 nan
2.988400164870752551e+00 nan
2.991462050285579544e+00 nan
2.994523935700406092e+00 nan
2.997585821115232640e+00 nan
3.000647706530059189e+00 nan
3.003709591944885737e+00 nan
3.006771477359712286e+00 nan
3.009833362774538834e+00 nan
3.012895248189365383e+00 nan
3.015957133604191931e+00 nan
3.019019019019018479e+00 nan
3.022080904433845028e+00 nan
3.025142789848672020e+00 nan
3.028204675263498569e+00 nan
3.031266560678325117e+00 nan
3.034328446093151666e+00 nan
3.037390331507978214e+00 nan
3.040452216922804762e+00 nan
3.043514102337631311e+00 nan
3.046575987752457859e+00 nan
3.049637873167284408e+00 nan
3.052699758582110956e+00 nan
3.055761643996937948e+00 nan
3.058823529411764497e+00 nan
