0.000000000000000000e+00 1.323300494515798320e+01
7.654713537066477284e-04 1.250655590219071023e+01
1.530942707413295457e-03 1.250451860685520522e+01
2.296414061119943402e-03 1.250248020508094093e+01
3.061885414826590913e-03 1.250044069475376851e+01
3.827356768533238425e-03 1.249840007375144602e+01
4.592828122239886804e-03 1.249635833994361178e+01
5.358299475946534315e-03 1.249431549119174534e+01
6.123770829653181827e-03 1.249227152534913898e+01
6.889242183359829338e-03 1.249022644026086581e+01
7.654713537066476850e-03 1.248818023376375130e+01
8.420184890773124362e-03 1.248613290368633066e+01
9.185656244479773608e-03 1.248408444784882398e+01
9.951127598186421119e-03 1.248203486406310425e+01
1.071659895189306863e-02 1.247998415013265650e+01
1.148207030559971614e-02 1.247793230385254937e+01
1.224754165930636365e-02 1.247587932300940672e+01
1.301301301301301290e-02 1.247382520538136141e+01
1.377848436671965868e-02 1.247176994873803402e+01
1.454395572042630619e-02 1.246971355084048838e+01
1.530942707413295370e-02 1.246765600944120678e+01
1.607489842783960121e-02 1.246559732228404371e+01
1.684036978154624872e-02 1.246353748710420639e+01
1.760584113525289623e-02 1.246147650162820320e+01
1.837131248895954722e-02 1.245941436357382059e+01
1.913678384266619473e-02 1.245735107065008229e+01
1.990225519637284224e-02 1.245528662055721902e+01
2.066772655007948975e-02 1.245322101098662060e+01
2.143319790378613726e-02 1.245115423962081636e+01
2.219866925749278477e-02 1.244908630413342543e+01
2.296414061119943228e-02 1.244701720218912655e+01
2.372961196490607980e-02 1.244494693144362252e+01
2.449508331861272731e-02 1.244287548954359579e+01
2.526055467231937135e-02 1.244080287412668184e+01
2.602602602602602580e-02 1.243872908282142120e+01
2.679149737973266984e-02 1.243665411324723635e+01
2.755696873343931735e-02 1.243457796301437135e+01
2.832244008714596487e-02 1.243250062972387937e+01
2.908791144085261238e-02 1.243042211096756411e+01
2.985338279455925989e-02 1.242834240432795490e+01
3.061885414826590740e-02 1.242626150737825874e+01
3.138432550197255838e-02 1.242417941768232481e+01
3.214979685567920242e-02 1.242209613279461067e+01
3.291526820938585340e-02 1.242001165026012899e+01
3.368073956309249745e-02 1.241792596761442802e+01
3.444621091679914843e-02 1.241583908238352940e+01
3.521168227050579247e-02 1.241375099208390509e+01
3.597715362421244345e-02 1.241166169422242582e+01
3.674262497791909443e-02 1.240957118629633271e+01
3.750809633162573847e-02 1.240747946579318040e+01
3.827356768533238945e-02 1.240538653019081039e+01
3.903903903903903350e-02 1.240329237695730136e+01
3.980451039274568448e-02 1.240119700355093002e+01
4.056998174645232158e-02 1.239910040742012853e+01
4.133545310015897950e-02 1.239700258600344540e+01
4.210092445386562354e-02 1.239490353672949396e+01
4.286639580757227452e-02 1.239280325701692576e+01
4.363186716127891857e-02 1.239070174427436655e+01
4.439733851498556955e-02 1.238859899590039326e+01
4.516280986869221359e-02 1.238649500928347891e+01
4.592828122239886457e-02 1.238438978180195349e+01
4.669375257610550861e-02 1.238228331082395250e+01
4.745922392981215959e-02 1.238017559370738141e+01
4.822469528351880363e-02 1.237806662779986944e+01
4.899016663722545462e-02 1.237595641043872341e+01
4.975563799093210560e-02 1.237384493895087623e+01
5.052110934463874270e-02 1.237173221065285666e+01
5.128658069834540062e-02 1.236961822285072365e+01
5.205205205205205160e-02 1.236750297284004318e+01
5.281752340575869564e-02 1.236538645790581725e+01
5.358299475946533968e-02 1.236326867532246254e+01
5.434846611317199067e-02 1.236114962235374115e+01
5.511393746687863471e-02 1.235902929625272861e+01
5.587940882058528569e-02 1.235690769426175706e+01
5.664488017429192973e-02 1.235478481361237435e+01
5.741035152799858071e-02 1.235266065152529436e+01
5.817582288170522475e-02 1.235053520521034542e+01
5.894129423541187573e-02 1.234840847186642243e+01
5.970676558911851978e-02 1.234628044868143881e+01
6.047223694282517076e-02 1.234415113283228393e+01
6.123770829653181480e-02 1.234202052148475737e+01
6.200317965023847272e-02 1.233988861179353691e+01
6.276865100394511676e-02 1.233775540090211464e+01
6.353412235765176774e-02 1.233562088594275430e+01
6.429959371135840485e-02 1.233348506403643974e+01
6.506506506506505583e-02 1.233134793229281811e+01
6.583053641877170681e-02 1.232920948781015191e+01
6.659600777247835779e-02 1.232706972767527276e+01
6.736147912618499489e-02 1.232492864896351925e+01
6.812695047989164587e-02 1.232278624873868900e+01
6.889242183359829685e-02 1.232064252405299065e+01
6.965789318730494784e-02 1.231849747194697819e+01
7.042336454101158494e-02 1.231635108944951362e+01
7.118883589471823592e-02 1.231420337357769768e+01
7.195430724842488690e-02 1.231205432133682542e+01
7.271977860213152400e-02 1.230990392972032765e+01
7.348524995583818886e-02 1.230775219570971935e+01
7.425072130954482597e-02 1.230559911627454106e+01
7.501619266325147695e-02 1.230344468837230210e+01
7.578166401695812793e-02 1.230128890894843074e+01
7.654713537066477891e-02 1.229913177493621035e+01
7.731260672437141601e-02 1.229697328325672956e+01
7.807807807807806699e-02 1.229481343081881839e+01
7.884354943178471797e-02 1.229265221451899670e+01
7.960902078549136895e-02 1.229048963124141203e+01
8.037449213919800606e-02 1.228832567785778451e+01
8.113996349290464316e-02 1.228616035122734651e+01
8.190543484661130802e-02 1.228399364819678397e+01
8.267090620031795900e-02 1.228182556560017957e+01
8.343637755402459610e-02 1.227965610025894883e+01
8.420184890773124708e-02 1.227748524898177962e+01
8.496732026143789807e-02 1.227531300856457541e+01
8.573279161514454905e-02 1.227313937579039482e+01
8.649826296885120003e-02 1.227096434742938591e+01
8.726373432255783713e-02 1.226878792023872755e+01
8.802920567626448811e-02 1.226661009096256549e+01
8.879467702997113909e-02 1.226443085633195196e+01
8.956014838367779007e-02 1.226225021306477991e+01
9.032561973738442718e-02 1.226006815786572091e+01
9.109109109109107816e-02 1.225788468742616821e+01
9.185656244479772914e-02 1.225569979842415513e+01
9.262203379850436624e-02 1.225351348752430880e+01
9.338750515221101722e-02 1.225132575137777735e+01
9.415297650591766820e-02 1.224913658662215887e+01
9.491844785962431919e-02 1.224694598988144811e+01
9.568391921333097017e-02 1.224475395776596010e+01
9.644939056703760727e-02 1.224256048687226439e+01
9.721486192074425825e-02 1.224036557378312118e+01
9.798033327445090923e-02 1.223816921506741373e+01
9.874580462815756021e-02 1.223597140728007560e+01
9.951127598186421119e-02 1.223377214696203197e+01
1.002767473355708483e-01 1.223157143064011265e+01
1.010422186892774854e-01 1.222936925482700055e+01
1.018076900429841503e-01 1.222716561602115526e+01
1.025731613966908012e-01 1.222496051070673850e+01
1.033386327503974383e-01 1.222275393535354659e+01
1.041041041041041032e-01 1.222054588641694117e+01
1.048695754578107403e-01 1.221833636033777282e+01
1.056350468115173913e-01 1.221612535354231532e+01
1.064005181652240284e-01 1.221391286244218044e+01
1.071659895189306794e-01 1.221169888343425747e+01
1.079314608726373304e-01 1.220948341290063333e+01
1.086969322263439813e-01 1.220726644720851972e+01
1.094624035800506184e-01 1.220504798271017499e+01
1.102278749337572694e-01 1.220282801574283482e+01
1.109933462874639204e-01 1.220060654262862876e+01
1.117588176411705714e-01 1.219838355967450916e+01
1.125242889948772224e-01 1.219615906317217302e+01
1.132897603485838595e-01 1.219393304939798561e+01
1.140552317022905104e-01 1.219170551461289698e+01
1.148207030559971614e-01 1.218947645506237087e+01
1.155861744097038263e-01 1.218724586697630130e+01
1.163516457634104495e-01 1.218501374656893432e+01
1.171171171171171005e-01 1.218278009003878282e+01
1.178825884708237515e-01 1.218054489356855541e+01
1.186480598245304025e-01 1.217830815332506766e+01
1.194135311782370396e-01 1.217606986545916392e+01
1.201790025319436905e-01 1.217383002610563025e+01
1.209444738856503415e-01 1.217158863138311631e+01
1.217099452393569925e-01 1.216934567739405004e+01
1.224754165930636296e-01 1.216710116022455423e+01
1.232408879467702806e-01 1.216485507594435944e+01
1.240063593004769454e-01 1.216260742060672229e+01
1.247718306541835825e-01 1.216035819024833309e+01
1.255373020078902335e-01 1.215810738088923593e+01
1.263027733615968706e-01 1.215585498853274515e+01
1.270682447153035355e-01 1.215360100916534059e+01
1.278337160690101726e-01 1.215134543875659645e+01
1.285991874227168097e-01 1.214908827325909080e+01
1.293646587764234746e-01 1.214682950860829891e+01
1.301301301301301117e-01 1.214456914072252935e+01
1.308956014838367488e-01 1.214230716550280853e+01
1.316610728375434136e-01 1.214004357883280605e+01
1.324265441912500507e-01 1.213777837657873171e+01
1.331920155449567156e-01 1.213551155458925379e+01
1.339574868986633527e-01 1.213324310869539246e+01
1.347229582523699898e-01 1.213097303471043453e+01
1.354884296060766546e-01 1.212870132842983928e+01
1.362539009597832917e-01 1.212642798563113899e+01
1.370193723134899288e-01 1.212415300207384306e+01
1.377848436671965937e-01 1.212187637349934022e+01
1.385503150209032308e-01 1.211959809563080803e+01
1.393157863746098957e-01 1.211731816417310448e+01
1.400812577283165328e-01 1.211503657481267737e+01
1.408467290820231699e-01 1.211275332321746312e+01
1.416122004357298347e-01 1.211046840503678013e+01
1.423776717894364718e-01 1.210818181590123643e+01
1.431431431431431367e-01 1.210589355142262136e+01
1.439086144968497738e-01 1.210360360719380957e+01
1.446740858505564109e-01 1.210131197878865095e+01
1.454395572042630480e-01 1.209901866176186758e+01
1.462050285579697129e-01 1.209672365164895780e+01
1.469704999116763777e-01 1.209442694396608076e+01
1.477359712653830148e-01 1.209212853420994982e+01
1.485014426190896519e-01 1.208982841785773488e+01
1.492669139727963168e-01 1.208752659036694332e+01
1.500323853265029539e-01 1.208522304717532414e+01
1.507978566802095910e-01 1.208291778370074887e+01
1.515633280339162559e-01 1.208061079534109972e+01
1.523287993876228930e-01 1.207830207747416829e+01
1.530942707413295578e-01 1.207599162545753657e+01
1.538597420950361672e-01 1.207367943462846682e+01
1.546252134487428320e-01 1.207136550030379141e+01
1.553906848024494969e-01 1.206904981777978492e+01
1.561561561561561340e-01 1.206673238233207179e+01
1.569216275098627711e-01 1.206441318921549133e+01
1.576870988635694359e-01 1.206209223366398575e+01
1.584525702172760731e-01 1.205976951089048832e+01
1.592180415709827379e-01 1.205744501608680075e+01
1.599835129246893750e-01 1.205511874442347064e+01
1.607489842783960121e-01 1.205279069104968137e+01
1.615144556321026770e-01 1.205046085109311527e+01
1.622799269858092863e-01 1.204812921965985062e+01
1.630453983395159789e-01 1.204579579183421956e+01
1.638108696932226160e-01 1.204346056267869969e+01
1.645763410469292531e-01 1.204112352723378621e+01
1.653418124006359180e-01 1.203878468051785333e+01
1.661072837543425551e-01 1.203644401752704596e+01
1.668727551080491922e-01 1.203410153323514464e+01
1.676382264617558571e-01 1.203175722259342884e+01
1.684036978154624942e-01 1.202941108053056318e+01
1.691691691691691590e-01 1.202706310195245365e+01
1.699346405228757961e-01 1.202471328174212850e+01
1.707001118765824055e-01 1.202236161475959086e+01
1.714655832302890981e-01 1.202000809584169794e+01
1.722310545839957352e-01 1.201765271980202243e+01
1.729965259377024001e-01 1.201529548143071935e+01
1.737619972914090372e-01 1.201293637549438031e+01
1.745274686451156743e-01 1.201057539673591279e+01
1.752929399988223391e-01 1.200821253987438553e+01
1.760584113525289762e-01 1.200584779960489712e+01
1.768238827062356133e-01 1.200348117059843567e+01
1.775893540599422782e-01 1.200111264750173490e+01
1.783548254136489153e-01 1.199874222493713205e+01
1.791202967673555801e-01 1.199636989750242577e+01
1.798857681210622173e-01 1.199399565977072868e+01
1.806512394747688544e-01 1.199161950629032347e+01
1.814167108284755192e-01 1.198924143158451194e+01
1.821821821821821563e-01 1.198686143015147820e+01
1.829476535358887934e-01 1.198447949646412169e+01
1.837131248895954583e-01 1.198209562496992042e+01
1.844785962433020954e-01 1.197970981009077818e+01
1.852440675970087325e-01 1.197732204622286289e+01
1.860095389507153973e-01 1.197493232773646454e+01
1.867750103044220344e-01 1.197254064897582992e+01
1.875404816581286993e-01 1.197014700425901168e+01
1.883059530118353364e-01 1.196775138787771020e+01
1.890714243655420013e-01 1.196535379409711553e+01
1.898368957192486384e-01 1.196295421715574392e+01
1.906023670729552755e-01 1.196055265126527978e+01
1.913678384266619403e-01 1.195814909061041575e+01
1.921333097803685774e-01 1.195574352934868223e+01
1.928987811340752145e-01 1.195333596161028566e+01
1.936642524877818516e-01 1.195092638149794695e+01
1.944297238414885165e-01 1.194851478308672377e+01
1.951951951951951814e-01 1.194610116042385251e+01
1.959606665489018185e-01 1.194368550752857061e+01
1.967261379026084556e-01 1.194126781839194784e+01
1.974916092563151204e-01 1.193884808697671573e+01
1.982570806100217575e-01 1.193642630721708997e+01
1.990225519637284224e-01 1.193400247301859096e+01
1.997880233174350595e-01 1.193157657825788043e+01
2.005534946711416966e-01 1.192914861678256955e+01
2.013189660248483615e-01 1.192671858241104310e+01
2.020844373785549708e-01 1.192428646893228184e+01
2.028499087322616357e-01 1.192185227010567772e+01
2.036153800859683005e-01 1.191941597966084743e+01
2.043808514396749376e-01 1.191697759129745293e+01
2.051463227933816025e-01 1.191453709868500610e+01
2.059117941470882396e-01 1.191209449546269106e+01
2.066772655007948767e-01 1.190964977523915991e+01
2.074427368545015415e-01 1.190720293159235688e+01
2.082082082082082064e-01 1.190475395806931580e+01
2.089736795619148435e-01 1.190230284818596651e+01
2.097391509156214806e-01 1.189984959542694298e+01
2.105046222693281177e-01 1.189739419324537906e+01
2.112700936230347826e-01 1.189493663506271837e+01
2.120355649767414197e-01 1.189247691426850295e+01
2.128010363304480568e-01 1.189001502422017964e+01
2.135665076841547216e-01 1.188755095824289043e+01
2.143319790378613587e-01 1.188508470962927355e+01
2.150974503915680236e-01 1.188261627163924317e+01
2.158629217452746607e-01 1.188014563749979757e+01
2.166283930989813256e-01 1.187767280040479356e+01
2.173938644526879627e-01 1.187519775351474394e+01
2.181593358063945998e-01 1.187272048995659546e+01
2.189248071601012369e-01 1.187024100282352279e+01
2.196902785138079017e-01 1.186775928517470113e+01
2.204557498675145388e-01 1.186527533003508950e+01
2.212212212212212037e-01 1.186278913039521221e+01
2.219866925749278408e-01 1.186030067921094044e+01
2.227521639286344779e-01 1.185780996940325238e+01
2.235176352823411428e-01 1.185531699385802007e+01
2.242831066360477799e-01 1.185282174542577849e+01
2.250485779897544447e-01 1.185032421692148930e+01
2.258140493434610818e-01 1.184782440112431345e+01
2.265795206971677189e-01 1.184532229077737853e+01
2.273449920508743838e-01 1.184281787858753709e+01
2.281104634045810209e-01 1.184031115722513405e+01
2.288759347582876580e-01 1.183780211932376147e+01
2.296414061119943228e-01 1.183529075748002235e+01
2.304068774657009600e-01 1.183277706425328013e+01
2.311723488194076526e-01 1.183026103216542069e+01
2.319378201731142619e-01 1.182774265370059297e+01
2.327032915268208990e-01 1.182522192130497452e+01
2.334687628805275639e-01 1.182269882738649791e+01
2.342342342342342010e-01 1.182017336431461985e+01
2.349997055879408658e-01 1.181764552442004934e+01
2.357651769416475029e-01 1.181511529999449017e+01
2.365306482953541400e-01 1.181258268329038685e+01
2.372961196490608049e-01 1.181004766652065641e+01
2.380615910027674420e-01 1.180751024185842546e+01
2.388270623564740791e-01 1.180497040143675846e+01
2.395925337101807717e-01 1.180242813734839658e+01
2.403580050638873811e-01 1.179988344164547698e+01
2.411234764175940459e-01 1.179733630633926467e+01
2.418889477713006830e-01 1.179478672339987000e+01
2.426544191250073201e-01 1.179223468475597869e+01
2.434198904787139850e-01 1.178968018229455517e+01
2.441853618324206221e-01 1.178712320786058321e+01
2.449508331861272592e-01 1.178456375325674976e+01
2.457163045398339241e-01 1.178200181024318383e+01
2.464817758935405612e-01 1.177943737053714912e+01
2.472472472472472260e-01 1.177687042581275101e+01
2.480127186009538909e-01 1.177430096770065227e+01
2.487781899546605002e-01 1.177172898778776045e+01
2.495436613083671651e-01 1.176915447761693656e+01
2.503091326620738299e-01 1.176657742868668599e+01
2.510746040157804670e-01 1.176399783245085473e+01
2.518400753694871042e-01 1.176141568031832030e+01
2.526055467231937413e-01 1.175883096365268088e+01
2.533710180769003784e-01 1.175624367377193380e+01
2.541364894306070710e-01 1.175365380194817000e+01
2.549019607843137081e-01 1.175106133940724717e+01
2.556674321380203452e-01 1.174846627732846827e+01
2.564329034917269823e-01 1.174586860684425638e+01
2.571983748454336194e-01 1.174326831903982438e+01
2.579638461991403120e-01 1.174066540495284983e+01
2.587293175528469491e-01 1.173805985557313392e+01
2.594947889065535862e-01 1.173545166184226929e+01
2.602602602602602233e-01 1.173284081465329898e+01
2.610257316139668604e-01 1.173022730485037357e+01
2.617912029676734975e-01 1.172761112322839949e+01
2.625566743213801901e-01 1.172499226053270327e+01
2.633221456750868272e-01 1.172237070745866738e+01
2.640876170287934643e-01 1.171974645465138209e+01
2.648530883825001014e-01 1.171711949270528130e+01
2.656185597362067385e-01 1.171448981216378904e+01
2.663840310899134312e-01 1.171185740351894466e+01
2.671495024436200683e-01 1.170922225721104759e+01
2.679149737973267054e-01 1.170658436362827182e+01
2.686804451510333425e-01 1.170394371310630532e+01
2.694459165047399796e-01 1.170130029592796284e+01
2.702113878584466722e-01 1.169865410232280745e+01
2.709768592121533093e-01 1.169600512246676693e+01
2.717423305658599464e-01 1.169335334648174474e+01
2.725078019195665835e-01 1.169069876443523093e+01
2.732732732732732206e-01 1.168804136633990076e+01
2.740387446269798577e-01 1.168538114215322388e+01
2.748042159806865503e-01 1.168271808177705928e+01
2.755696873343931874e-01 1.168005217505724502e+01
2.763351586880997690e-01 1.167738341178319672e+01
2.771006300418064616e-01 1.167471178168748480e+01
2.778661013955130987e-01 1.167203727444542949e+01
2.786315727492197913e-01 1.166935987967466914e+01
2.793970441029264284e-01 1.166667958693473928e+01
2.801625154566330655e-01 1.166399638572664799e+01
2.809279868103397027e-01 1.166131026549243899e+01
2.816934581640463398e-01 1.165862121561475639e+01
2.824589295177530324e-01 1.165592922541640597e+01
2.832244008714596695e-01 1.165323428415990392e+01
2.839898722251663066e-01 1.165053638104704348e+01
2.847553435788729437e-01 1.164783550521842592e+01
2.855208149325795808e-01 1.164513164575301118e+01
2.862862862862862734e-01 1.164242479166765953e+01
2.870517576399929105e-01 1.163971493191666084e+01
2.878172289936995476e-01 1.163700205539126742e+01
2.885827003474061847e-01 1.163428615091922147e+01
2.893481717011128218e-01 1.163156720726427373e+01
2.901136430548195144e-01 1.162884521312570207e+01
2.908791144085260960e-01 1.162612015713782831e+01
2.916445857622327886e-01 1.162339202786951731e+01
2.924100571159394257e-01 1.162066081382368843e+01
2.931755284696460073e-01 1.161792650343681288e+01
2.939409998233527554e-01 1.161518908507840564e+01
2.947064711770593926e-01 1.161244854705051388e+01
2.954719425307660297e-01 1.160970487758720715e+01
2.962374138844726668e-01 1.160695806485405157e+01
2.970028852381793039e-01 1.160420809694759114e+01
2.977683565918859410e-01 1.160145496189480774e+01
2.985338279455926336e-01 1.159869864765259706e+01
2.992992992992992707e-01 1.159593914210721799e+01
3.000647706530059078e-01 1.159317643307375612e+01
3.008302420067125449e-01 1.159041050829556951e+01
3.015957133604191820e-01 1.158764135544373097e+01
3.023611847141258746e-01 1.158486896211647021e+01
3.031266560678325117e-01 1.158209331583860369e+01
3.038921274215391488e-01 1.157931440406096968e+01
3.046575987752457859e-01 1.157653221415984390e+01
3.054230701289524230e-01 1.157374673343635507e+01
3.061885414826591156e-01 1.157095794911590758e+01
3.069540128363657527e-01 1.156816584834757400e+01
3.077194841900723343e-01 1.156537041820350531e+01
3.084849555437790269e-01 1.156257164567831452e+01
3.092504268974856640e-01 1.155976951768847982e+01
3.100158982511923567e-01 1.155696402107171217e+01
3.107813696048989938e-01 1.155415514258633713e+01
3.115468409586056309e-01 1.155134286891067141e+01
3.123123123123122680e-01 1.154852718664237621e+01
3.130777836660189051e-01 1.154570808229782486e+01
3.138432550197255422e-01 1.154288554231144381e+01
3.146087263734322348e-01 1.154005955303507136e+01
3.153741977271388719e-01 1.153723010073728439e+01
3.161396690808455090e-01 1.153439717160273403e+01
3.169051404345521461e-01 1.153156075173147954e+01
3.176706117882587832e-01 1.152872082713829371e+01
3.184360831419654758e-01 1.152587738375198612e+01
3.192015544956721129e-01 1.152303040741470141e+01
3.199670258493787500e-01 1.152017988388122305e+01
3.207324972030853871e-01 1.151732579881826446e+01
3.214979685567920242e-01 1.151446813780374789e+01
3.222634399104986613e-01 1.151160688632608675e+01
3.230289112642053539e-01 1.150874202978345906e+01
3.237943826179119911e-01 1.150587355348306318e+01
3.245598539716185726e-01 1.150300144264037350e+01
3.253253253253252653e-01 1.150012568237839439e+01
3.260907966790319579e-01 1.149724625772689990e+01
3.268562680327385950e-01 1.149436315362165928e+01
3.276217393864452321e-01 1.149147635490366781e+01
3.283872107401518692e-01 1.148858584631836166e+01
3.291526820938585063e-01 1.148569161251483273e+01
3.299181534475651434e-01 1.148279363804501862e+01
3.306836248012718360e-01 1.147989190736290688e+01
3.314490961549784731e-01 1.147698640482371246e+01
3.322145675086851102e-01 1.147407711468305713e+01
3.329800388623917473e-01 1.147116402109613986e+01
3.337455102160983844e-01 1.146824710811688952e+01
3.345109815698050770e-01 1.146532635969712111e+01
3.352764529235117141e-01 1.146240175968567776e+01
3.360419242772183512e-01 1.145947329182755858e+01
3.368073956309249883e-01 1.145654093976305177e+01
3.375728669846316254e-01 1.145360468702684287e+01
3.383383383383383181e-01 1.145066451704712307e+01
3.391038096920448996e-01 1.144772041314468503e+01
3.398692810457515923e-01 1.144477235853201158e+01
3.406347523994582294e-01 1.144182033631235562e+01
3.414002237531648110e-01 1.143886432947880394e+01
3.421656951068715591e-01 1.143590432091333398e+01
3.429311664605781962e-01 1.143294029338587414e+01
3.436966378142848333e-01 1.142997222955332681e+01
3.444621091679914704e-01 1.142700011195860910e+01
3.452275805216981075e-01 1.142402392302966341e+01
3.459930518754048001e-01 1.142104364507847336e+01
3.467585232291114372e-01 1.141805926030004770e+01
3.475239945828180743e-01 1.141507075077142375e+01
3.482894659365247114e-01 1.141207809845063359e+01
3.490549372902313485e-01 1.140908128517566666e+01
3.498204086439379856e-01 1.140608029266343237e+01
3.505858799976446782e-01 1.140307510250869782e+01
3.513513513513513153e-01 1.140006569618301846e+01
3.521168227050579524e-01 1.139705205503366514e+01
3.528822940587645896e-01 1.139403416028252281e+01
3.536477654124712267e-01 1.139101199302499445e+01
3.544132367661779193e-01 1.138798553422888205e+01
3.551787081198845564e-01 1.138495476473326562e+01
3.559441794735911380e-01 1.138191966524735754e+01
3.567096508272978306e-01 1.137888021634935143e+01
3.574751221810044677e-01 1.137583639848526218e+01
3.582405935347111603e-01 1.137278819196774471e+01
3.590060648884177974e-01 1.136973557697490911e+01
3.597715362421244345e-01 1.136667853354911095e+01
3.605370075958310716e-01 1.136361704159574515e+01
3.613024789495377087e-01 1.136055108088200782e+01
3.620679503032444013e-01 1.135748063103565819e+01
3.628334216569510384e-01 1.135440567154376268e+01
3.635988930106576755e-01 1.135132618175142127e+01
3.643643643643643126e-01 1.134824214086048855e+01
3.651298357180709497e-01 1.134515352792826981e+01
3.658953070717775868e-01 1.134206032186621371e+01
3.666607784254842795e-01 1.133896250143857642e+01
3.674262497791909166e-01 1.133586004526109114e+01
3.681917211328975537e-01 1.133275293179960386e+01
3.689571924866041908e-01 1.132964113936870021e+01
3.697226638403108279e-01 1.132652464613031817e+01
3.704881351940174650e-01 1.132340343009235184e+01
3.712536065477241576e-01 1.132027746910721788e+01
3.720190779014307947e-01 1.131714674087043981e+01
3.727845492551373763e-01 1.131401122291917716e+01
3.735500206088440689e-01 1.131087089263077239e+01
3.743154919625507615e-01 1.130772572722126057e+01
3.750809633162573986e-01 1.130457570374386655e+01
3.758464346699640357e-01 1.130142079908749153e+01
3.766119060236706728e-01 1.129826098997517114e+01
3.773773773773773099e-01 1.129509625296253006e+01
3.781428487310840025e-01 1.129192656443620635e+01
3.789083200847906396e-01 1.128875190061226164e+01
3.796737914384972767e-01 1.128557223753457528e+01
3.804392627922039138e-01 1.128238755107322255e+01
3.812047341459105509e-01 1.127919781692282442e+01
3.819702054996172436e-01 1.127600301060088306e+01
3.827356768533238807e-01 1.127280310744610858e+01
3.835011482070305178e-01 1.126959808261670481e+01
3.842666195607371549e-01 1.126638791108865689e+01
3.850320909144437920e-01 1.126317256765398156e+01
3.857975622681504291e-01 1.125995202691897212e+01
3.865630336218571217e-01 1.125672626330240433e+01
3.873285049755637033e-01 1.125349525103374582e+01
3.880939763292703959e-01 1.125025896415132109e+01
3.888594476829770330e-01 1.124701737650046596e+01
3.896249190366836146e-01 1.124377046173166228e+01
3.903903903903903627e-01 1.124051819329864266e+01
3.911558617440969998e-01 1.123726054445648614e+01
3.919213330978036369e-01 1.123399748825966959e+01
3.926868044515102740e-01 1.123072899756011722e+01
3.934522758052169111e-01 1.122745504500521463e+01
3.942177471589236037e-01 1.122417560303580686e+01
3.949832185126302408e-01 1.122089064388416624e+01
3.957486898663368780e-01 1.121760013957193181e+01
3.965141612200435151e-01 1.121430406190804163e+01
3.972796325737501522e-01 1.121100238248661896e+01
3.980451039274568448e-01 1.120769507268484588e+01
3.988105752811634819e-01 1.120438210366081400e+01
3.995760466348701190e-01 1.120106344635132878e+01
4.003415179885767561e-01 1.119773907146971226e+01
4.011069893422833932e-01 1.119440894950356835e+01
4.018724606959900303e-01 1.119107305071251091e+01
4.026379320496967229e-01 1.118773134512588463e+01
4.034034034034033600e-01 1.118438380254044340e+01
4.041688747571099416e-01 1.118103039251799657e+01
4.049343461108166342e-01 1.117767108438304469e+01
4.056998174645232713e-01 1.117430584722036535e+01
4.064652888182299639e-01 1.117093464987258500e+01
4.072307601719366010e-01 1.116755746093770796e+01
4.079962315256432381e-01 1.116417424876662778e+01
4.087617028793498752e-01 1.116078498146059594e+01
4.095271742330565123e-01 1.115738962686866209e+01
4.102926455867632050e-01 1.115398815258509124e+01
4.110581169404698421e-01 1.115058052594673299e+01
4.118235882941764792e-01 1.114716671403037118e+01
4.125890596478831163e-01 1.114374668365003451e+01
4.133545310015897534e-01 1.114032040135426804e+01
4.141200023552965015e-01 1.113688783342338340e+01
4.148854737090030831e-01 1.113344894586666278e+01
4.156509450627097202e-01 1.113000370441953280e+01
4.164164164164164128e-01 1.112655207454069739e+01
4.171818877701229944e-01 1.112309402140923709e+01
4.179473591238296870e-01 1.111962950992167798e+01
4.187128304775363241e-01 1.111615850468901101e+01
4.194783018312429612e-01 1.111268097003367750e+01
4.202437731849495983e-01 1.110919686998652267e+01
4.210092445386562354e-01 1.110570616828370127e+01
4.217747158923628725e-01 1.110220882836354050e+01
4.225401872460695651e-01 1.109870481336337456e+01
4.233056585997762022e-01 1.109519408611633473e+01
4.240711299534828393e-01 1.109167660914808096e+01
4.248366013071894765e-01 1.108815234467351729e+01
4.256020726608961136e-01 1.108462125459343994e+01
4.263675440146028062e-01 1.108108330049116397e+01
4.271330153683094433e-01 1.107753844362908602e+01
4.278984867220160804e-01 1.107398664494520979e+01
4.286639580757227175e-01 1.107042786504962706e+01
4.294294294294293546e-01 1.106686206422095786e+01
4.301949007831360472e-01 1.106328920240271962e+01
4.309603721368427398e-01 1.105970923919968207e+01
4.317258434905493214e-01 1.105612213387414933e+01
4.324913148442559585e-01 1.105252784534219401e+01
4.332567861979626511e-01 1.104892633216985054e+01
4.340222575516692882e-01 1.104531755256925507e+01
4.347877289053759253e-01 1.104170146439473221e+01
4.355532002590825624e-01 1.103807802513881597e+01
4.363186716127891995e-01 1.103444719192824586e+01
4.370841429664958366e-01 1.103080892151987591e+01
4.378496143202024737e-01 1.102716317029655713e+01
4.386150856739091664e-01 1.102350989426294348e+01
4.393805570276158035e-01 1.101984904904124463e+01
4.401460283813224406e-01 1.101618058986693605e+01
4.409114997350290777e-01 1.101250447158438561e+01
4.416769710887357148e-01 1.100882064864243226e+01
4.424424424424424074e-01 1.100512907508991667e+01
4.432079137961490445e-01 1.100142970457112668e+01
4.439733851498556816e-01 1.099772249032118943e+01
4.447388565035623187e-01 1.099400738516140663e+01
4.455043278572689558e-01 1.099028434149451705e+01
4.462697992109756484e-01 1.098655331129988788e+01
4.470352705646822855e-01 1.098281424612865464e+01
4.478007419183889781e-01 1.097906709709877937e+01
4.485662132720955597e-01 1.097531181489004481e+01
4.493316846258021968e-01 1.097154834973897408e+01
4.500971559795088894e-01 1.096777665143368630e+01
4.508626273332155265e-01 1.096399666930867056e+01
4.516280986869221636e-01 1.096020835223949064e+01
4.523935700406288007e-01 1.095641164863741501e+01
4.531590413943354378e-01 1.095260650644396705e+01
4.539245127480421305e-01 1.094879287312540228e+01
4.546899841017487676e-01 1.094497069566709335e+01
4.554554554554554047e-01 1.094113992056785634e+01
4.562209268091620418e-01 1.093730049383417580e+01
4.569863981628686789e-01 1.093345236097435702e+01
4.577518695165753160e-01 1.092959546699258411e+01
4.585173408702820086e-01 1.092572975638290345e+01
4.592828122239886457e-01 1.092185517312311482e+01
4.600482835776952828e-01 1.091797166066856306e+01
4.608137549314019199e-01 1.091407916194586392e+01
4.615792262851085570e-01 1.091017761934650565e+01
4.623446976388153051e-01 1.090626697472038131e+01
4.631101689925218867e-01 1.090234716936922155e+01
4.638756403462285238e-01 1.089841814403991727e+01
4.646411116999352164e-01 1.089447983891775529e+01
4.654065830536417980e-01 1.089053219361955271e+01
4.661720544073484906e-01 1.088657514718668473e+01
4.669375257610551277e-01 1.088260863807801115e+01
4.677029971147617649e-01 1.087863260416269462e+01
4.684684684684684020e-01 1.087464698271291219e+01
4.692339398221750391e-01 1.087065171039646039e+01
4.699994111758817317e-01 1.086664672326924119e+01
4.707648825295883688e-01 1.086263195676764326e+01
4.715303538832950059e-01 1.085860734570080233e+01
4.722958252370016430e-01 1.085457282424273728e+01
4.730612965907082801e-01 1.085052832592438321e+01
4.738267679444149172e-01 1.084647378362548942e+01
4.745922392981216098e-01 1.084240912956639313e+01
4.753577106518282469e-01 1.083833429529967596e+01
4.761231820055348840e-01 1.083424921170167643e+01
4.768886533592415211e-01 1.083015380896389601e+01
4.776541247129481582e-01 1.082604801658423987e+01
4.784195960666548508e-01 1.082193176335815110e+01
4.791850674203615434e-01 1.081780497736958502e+01
4.799505387740681250e-01 1.081366758598185385e+01
4.807160101277747621e-01 1.080951951582833104e+01
4.814814814814814548e-01 1.080536069280299216e+01
4.822469528351880919e-01 1.080119104205082792e+01
4.830124241888947290e-01 1.079701048795809548e+01
4.837778955426013661e-01 1.079281895414240644e+01
4.845433668963080032e-01 1.078861636344267616e+01
4.853088382500146403e-01 1.078440263790890263e+01
4.860743096037213329e-01 1.078017769879177479e+01
4.868397809574279700e-01 1.077594146653213159e+01
4.876052523111346071e-01 1.077169386075023816e+01
4.883707236648412442e-01 1.076743480023489496e+01
4.891361950185478813e-01 1.076316420293236220e+01
4.899016663722545184e-01 1.075888198593512612e+01
4.906671377259612110e-01 1.075458806547045576e+01
4.914326090796678481e-01 1.075028235688878908e+01
4.921980804333744852e-01 1.074596477465193090e+01
4.929635517870811223e-01 1.074163523232105000e+01
4.937290231407877594e-01 1.073729364254447738e+01
4.944944944944944520e-01 1.073293991704531436e+01
4.952599658482010891e-01 1.072857396660882578e+01
4.960254372019077818e-01 1.072419570106962539e+01
4.967909085556143634e-01 1.071980502929865686e+01
4.975563799093210005e-01 1.071540185918994581e+01
4.983218512630276931e-01 1.071098609764713494e+01
4.990873226167343302e-01 1.070655765056979725e+01
4.998527939704409673e-01 1.070211642283951825e+01
5.006182653241476599e-01 1.069766231830573133e+01
5.013837366778542970e-01 1.069319523977133635e+01
5.021492080315609341e-01 1.068871508897804645e+01
5.029146793852675712e-01 1.068422176659151468e+01
5.036801507389742083e-01 1.067971517218617805e+01
5.044456220926808454e-01 1.067519520422986901e+01
5.052110934463874825e-01 1.067066176006814260e+01
5.059765648000941196e-01 nan
5.067420361538007567e-01 nan
5.075075075075073938e-01 nan
5.082729788612141419e-01 nan
5.090384502149207790e-01 nan
5.098039215686274161e-01 nan
5.105693929223340533e-01 nan
5.113348642760406904e-01 nan
5.121003356297473275e-01 nan
5.128658069834539646e-01 nan
5.136312783371606017e-01 nan
5.143967496908672388e-01 nan
5.151622210445738759e-01 nan
5.159276923982806240e-01 nan
5.166931637519872611e-01 nan
5.174586351056938982e-01 nan
5.182241064594005353e-01 nan
5.189895778131071724e-01 nan
5.197550491668138095e-01 nan
5.205205205205204466e-01 nan
5.212859918742270837e-01 nan
5.220514632279337208e-01 nan
5.228169345816403579e-01 nan
5.235824059353469950e-01 nan
5.243478772890537432e-01 nan
5.251133486427603803e-01 nan
5.258788199964670174e-01 nan
5.266442913501736545e-01 nan
5.274097627038802916e-01 nan
5.281752340575869287e-01 nan
5.289407054112935658e-01 nan
5.297061767650002029e-01 nan
5.304716481187068400e-01 nan
5.312371194724134771e-01 nan
5.320025908261202252e-01 nan
5.327680621798268623e-01 nan
5.335335335335334994e-01 nan
5.342990048872401365e-01 nan
5.350644762409467736e-01 nan
5.358299475946534107e-01 nan
5.365954189483600478e-01 nan
5.373608903020666849e-01 nan
5.381263616557733220e-01 nan
5.388918330094799591e-01 nan
5.396573043631865962e-01 nan
5.404227757168933444e-01 nan
5.411882470705999815e-01 nan
5.419537184243066186e-01 nan
5.427191897780132557e-01 nan
5.434846611317198928e-01 nan
5.442501324854265299e-01 nan
5.450156038391331670e-01 nan
5.457810751928398041e-01 nan
5.465465465465464412e-01 nan
5.473120179002530783e-01 nan
5.480774892539597154e-01 nan
5.488429606076664635e-01 nan
5.496084319613731006e-01 nan
5.503739033150796267e-01 nan
5.511393746687863748e-01 nan
5.519048460224930119e-01 nan
5.526703173761995380e-01 nan
5.534357887299062861e-01 nan
5.542012600836129232e-01 nan
5.549667314373194493e-01 nan
5.557322027910261975e-01 nan
5.564976741447329456e-01 nan
5.572631454984395827e-01 nan
5.580286168521462198e-01 nan
5.587940882058528569e-01 nan
5.595595595595594940e-01 nan
5.603250309132661311e-01 nan
5.610905022669727682e-01 nan
5.618559736206794053e-01 nan
5.626214449743860424e-01 nan
5.633869163280926795e-01 nan
5.641523876817994276e-01 nan
5.649178590355060647e-01 nan
5.656833303892127018e-01 nan
5.664488017429193389e-01 nan
5.672142730966259760e-01 nan
5.679797444503326131e-01 nan
5.687452158040392503e-01 nan
5.695106871577458874e-01 nan
5.702761585114525245e-01 nan
5.710416298651591616e-01 nan
5.718071012188657987e-01 nan
5.725725725725725468e-01 nan
5.733380439262791839e-01 nan
5.741035152799858210e-01 nan
5.748689866336924581e-01 nan
5.756344579873990952e-01 nan
5.763999293411057323e-01 nan
5.771654006948123694e-01 nan
5.779308720485190065e-01 nan
5.786963434022256436e-01 nan
5.794618147559322807e-01 nan
5.802272861096390288e-01 nan
5.809927574633456659e-01 nan
5.817582288170521920e-01 nan
5.825237001707589402e-01 nan
5.832891715244655773e-01 nan
5.840546428781721033e-01 nan
5.848201142318788515e-01 nan
5.855855855855854886e-01 nan
5.863510569392920146e-01 nan
5.871165282929987628e-01 nan
5.878819996467055109e-01 nan
5.886474710004121480e-01 nan
5.894129423541187851e-01 nan
5.901784137078254222e-01 nan
5.909438850615320593e-01 nan
5.917093564152386964e-01 nan
5.924748277689453335e-01 nan
5.932402991226519706e-01 nan
5.940057704763586077e-01 nan
5.947712418300652448e-01 nan
5.955367131837718819e-01 nan
5.963021845374786301e-01 nan
5.970676558911852672e-01 nan
5.978331272448919043e-01 nan
5.985985985985985414e-01 nan
5.993640699523051785e-01 nan
6.001295413060118156e-01 nan
6.008950126597184527e-01 nan
6.016604840134250898e-01 nan
6.024259553671317269e-01 nan
6.031914267208383640e-01 nan
6.039568980745451121e-01 nan
6.047223694282517492e-01 nan
6.054878407819583863e-01 nan
6.062533121356650234e-01 nan
6.070187834893716605e-01 nan
6.077842548430782976e-01 nan
6.085497261967849347e-01 nan
6.093151975504915718e-01 nan
6.100806689041982089e-01 nan
6.108461402579048460e-01 nan
6.116116116116114831e-01 nan
6.123770829653182313e-01 nan
6.131425543190247573e-01 nan
6.139080256727315055e-01 nan
6.146734970264381426e-01 nan
6.154389683801446687e-01 nan
6.162044397338514168e-01 nan
6.169699110875580539e-01 nan
6.177353824412645800e-01 nan
6.185008537949713281e-01 nan
6.192663251486779652e-01 nan
6.200317965023847133e-01 nan
6.207972678560913504e-01 nan
6.215627392097979875e-01 nan
6.223282105635046246e-01 nan
6.230936819172112617e-01 nan
6.238591532709178988e-01 nan
6.246246246246245359e-01 nan
6.253900959783311730e-01 nan
6.261555673320378101e-01 nan
6.269210386857444472e-01 nan
6.276865100394510844e-01 nan
6.284519813931578325e-01 nan
6.292174527468644696e-01 nan
6.299829241005711067e-01 nan
6.307483954542777438e-01 nan
6.315138668079843809e-01 nan
6.322793381616910180e-01 nan
6.330448095153976551e-01 nan
6.338102808691042922e-01 nan
6.345757522228109293e-01 nan
6.353412235765175664e-01 nan
6.361066949302243145e-01 nan
6.368721662839309516e-01 nan
6.376376376376375887e-01 nan
6.384031089913442258e-01 nan
6.391685803450508629e-01 nan
6.399340516987575000e-01 nan
6.406995230524641372e-01 nan
6.414649944061707743e-01 nan
6.422304657598774114e-01 nan
6.429959371135840485e-01 nan
6.437614084672906856e-01 nan
6.445268798209973227e-01 nan
6.452923511747040708e-01 nan
6.460578225284107079e-01 nan
6.468232938821172340e-01 nan
6.475887652358239821e-01 nan
6.483542365895306192e-01 nan
6.491197079432371453e-01 nan
6.498851792969438934e-01 nan
6.506506506506505305e-01 nan
6.514161220043570566e-01 nan
6.521815933580639157e-01 nan
6.529470647117705528e-01 nan
6.537125360654771900e-01 nan
6.544780074191838271e-01 nan
6.552434787728904642e-01 nan
6.560089501265971013e-01 nan
6.567744214803037384e-01 nan
6.575398928340103755e-01 nan
6.583053641877170126e-01 nan
6.590708355414236497e-01 nan
6.598363068951302868e-01 nan
6.606017782488370349e-01 nan
6.613672496025436720e-01 nan
6.621327209562503091e-01 nan
6.628981923099569462e-01 nan
6.636636636636635833e-01 nan
6.644291350173702204e-01 nan
6.651946063710768575e-01 nan
6.659600777247834946e-01 nan
6.667255490784901317e-01 nan
6.674910204321967688e-01 nan
6.682564917859035170e-01 nan
6.690219631396101541e-01 nan
6.697874344933167912e-01 nan
6.705529058470234283e-01 nan
6.713183772007300654e-01 nan
6.720838485544367025e-01 nan
6.728493199081433396e-01 nan
6.736147912618499767e-01 nan
6.743802626155566138e-01 nan
6.751457339692632509e-01 nan
6.759112053229698880e-01 nan
6.766766766766766361e-01 nan
6.774421480303832732e-01 nan
6.782076193840897993e-01 nan
6.789730907377965474e-01 nan
6.797385620915031845e-01 nan
6.805040334452097106e-01 nan
6.812695047989164587e-01 nan
6.820349761526230958e-01 nan
6.828004475063296219e-01 nan
6.835659188600363700e-01 nan
6.843313902137431182e-01 nan
6.850968615674497553e-01 nan
6.858623329211563924e-01 nan
6.866278042748630295e-01 nan
6.873932756285696666e-01 nan
6.881587469822763037e-01 nan
6.889242183359829408e-01 nan
6.896896896896895779e-01 nan
6.904551610433962150e-01 nan
6.912206323971028521e-01 nan
6.919861037508096002e-01 nan
6.927515751045162373e-01 nan
6.935170464582228744e-01 nan
6.942825178119295115e-01 nan
6.950479891656361486e-01 nan
6.958134605193427857e-01 nan
6.965789318730494228e-01 nan
6.973444032267560599e-01 nan
6.981098745804626970e-01 nan
6.988753459341693341e-01 nan
6.996408172878759713e-01 nan
7.004062886415827194e-01 nan
7.011717599952893565e-01 nan
7.019372313489959936e-01 nan
7.027027027027026307e-01 nan
7.034681740564092678e-01 nan
7.042336454101159049e-01 nan
7.049991167638225420e-01 nan
7.057645881175291791e-01 nan
7.065300594712358162e-01 nan
7.072955308249424533e-01 nan
7.080610021786492014e-01 nan
7.088264735323558385e-01 nan
7.095919448860623646e-01 nan
7.103574162397691127e-01 nan
7.111228875934757498e-01 nan
7.118883589471822759e-01 nan
7.126538303008890241e-01 nan
7.134193016545956612e-01 nan
7.141847730083021872e-01 nan
7.149502443620089354e-01 nan
7.157157157157155725e-01 nan
7.164811870694223206e-01 nan
7.172466584231289577e-01 nan
7.180121297768355948e-01 nan
7.187776011305422319e-01 nan
7.195430724842488690e-01 nan
7.203085438379555061e-01 nan
7.210740151916621432e-01 nan
7.218394865453687803e-01 nan
7.226049578990754174e-01 nan
7.233704292527820545e-01 nan
7.241359006064888026e-01 nan
7.249013719601954397e-01 nan
7.256668433139020769e-01 nan
7.264323146676087140e-01 nan
7.271977860213153511e-01 nan
7.279632573750219882e-01 nan
7.287287287287286253e-01 nan
7.294942000824352624e-01 nan
7.302596714361418995e-01 nan
7.310251427898485366e-01 nan
7.317906141435551737e-01 nan
7.325560854972619218e-01 nan
7.333215568509685589e-01 nan
7.340870282046751960e-01 nan
7.348524995583818331e-01 nan
7.356179709120884702e-01 nan
7.363834422657951073e-01 nan
7.371489136195017444e-01 nan
7.379143849732083815e-01 nan
7.386798563269150186e-01 nan
7.394453276806216557e-01 nan
7.402107990343284039e-01 nan
7.409762703880349299e-01 nan
7.417417417417416781e-01 nan
7.425072130954483152e-01 nan
7.432726844491548412e-01 nan
7.440381558028615894e-01 nan
7.448036271565682265e-01 nan
7.455690985102747526e-01 nan
7.463345698639815007e-01 nan
7.471000412176881378e-01 nan
7.478655125713948859e-01 nan
7.486309839251015230e-01 nan
7.493964552788081601e-01 nan
7.501619266325147972e-01 nan
7.509273979862214343e-01 nan
7.516928693399280714e-01 nan
7.524583406936347085e-01 nan
7.532238120473413456e-01 nan
7.539892834010479827e-01 nan
7.547547547547546198e-01 nan
7.555202261084612569e-01 nan
7.562856974621680051e-01 nan
7.570511688158746422e-01 nan
7.578166401695812793e-01 nan
7.585821115232879164e-01 nan
7.593475828769945535e-01 nan
7.601130542307011906e-01 nan
7.608785255844078277e-01 nan
7.616439969381144648e-01 nan
7.624094682918211019e-01 nan
7.631749396455277390e-01 nan
7.639404109992344871e-01 nan
7.647058823529411242e-01 nan
