0.000000000000000000e+00 1.323300494515798320e+01
2.602602602602602580e-02 1.319494686724259402e+01
5.205205205205205160e-02 1.319214775148029695e+01
7.807807807807808087e-02 1.318934953620924588e+01
1.041041041041041032e-01 1.318667581617223483e+01
1.301301301301301117e-01 1.318424005865507276e+01
1.561561561561561340e-01 1.318195679610668059e+01
1.821821821821821563e-01 1.317965585217902102e+01
2.082082082082081509e-01 1.317739331891500143e+01
2.342342342342341732e-01 1.317521756256080323e+01
2.602602602602601678e-01 1.317312852179692229e+01
2.862862862862862179e-01 1.317112613546149014e+01
3.123123123123122125e-01 1.316921034255083889e+01
3.383383383383382070e-01 1.316728170531655628e+01
3.643643643643642571e-01 1.316532952983949656e+01
3.903903903903902517e-01 1.316341363899306138e+01
4.164164164164162463e-01 1.316153400904102178e+01
4.424424424424422964e-01 1.315969061630534931e+01
4.684684684684682909e-01 1.315788343716645414e+01
4.944944944944942855e-01 1.315609137496316094e+01
5.205205205205203356e-01 1.315428116688810078e+01
5.465465465465464412e-01 1.315247139537227028e+01
5.725725725725725468e-01 1.315066205943152156e+01
5.985985985985985414e-01 1.314885315808046329e+01
6.246246246246246470e-01 1.314704469033247491e+01
6.506506506506507526e-01 1.314524022761032107e+01
6.766766766766767471e-01 1.314344651634265304e+01
7.027027027027028527e-01 1.314165323342269609e+01
7.287287287287289583e-01 1.313986037786097860e+01
7.547547547547549529e-01 1.313806794866679617e+01
7.807807807807810585e-01 1.313627594484819383e+01
8.068068068068071641e-01 1.313448436541196429e+01
8.328328328328331587e-01 1.313269320936364082e+01
8.588588588588592643e-01 1.313090247570748836e+01
8.848848848848853699e-01 1.312911216344649112e+01
9.109109109109113644e-01 1.312732227158235077e+01
9.369369369369374700e-01 1.312553279911547932e+01
9.629629629629635756e-01 1.312374374504498853e+01
9.889889889889894592e-01 1.312195510836867740e+01
1.015015015015015454e+00 1.312016688808303400e+01
1.041041041041041559e+00 1.311837906669404852e+01
1.067067067067067665e+00 1.311658799747257120e+01
1.093093093093093771e+00 1.311479734444246326e+01
1.119119119119119876e+00 1.311300710658781021e+01
1.145145145145145982e+00 1.311121728289132449e+01
1.171171171171171865e+00 1.310942787233434892e+01
1.197197197197197971e+00 1.310763887389683369e+01
1.223223223223224077e+00 1.310585028655734341e+01
1.249249249249250182e+00 1.310406210929303761e+01
1.275275275275276288e+00 1.310227434107967071e+01
1.301301301301302393e+00 1.310048698089157249e+01
1.327327327327328277e+00 1.309870002770165343e+01
1.353353353353354382e+00 1.309691348048137982e+01
1.379379379379380488e+00 1.309512733820078800e+01
1.405405405405406594e+00 1.309334159982844881e+01
1.431431431431432699e+00 1.309155626433147646e+01
1.457457457457458805e+00 1.308974014388772034e+01
1.483483483483484688e+00 1.308791414910206719e+01
1.509509509509510794e+00 1.308608857559725003e+01
1.535535535535536900e+00 1.308426342228091599e+01
1.561561561561563005e+00 1.308243868805906018e+01
1.587587587587589111e+00 1.308061437183602038e+01
1.613613613613615216e+00 1.307879047251445392e+01
1.639639639639641100e+00 1.307696698899533772e+01
1.665665665665667206e+00 1.307514392017795757e+01
1.691691691691693311e+00 1.307332126495989044e+01
1.717717717717719417e+00 1.307149902223700266e+01
1.743743743743745522e+00 1.306967719090343039e+01
1.769769769769771628e+00 1.306785576985158315e+01
1.795795795795797511e+00 1.306603475797211544e+01
1.821821821821823617e+00 1.306421415415393028e+01
1.847847847847849723e+00 1.306239395728416319e+01
1.873873873873875828e+00 1.306057416624816625e+01
1.899899899899901934e+00 1.305875477992951339e+01
1.925925925925927817e+00 1.305693579720996667e+01
1.951951951951953923e+00 1.305511721696948868e+01
1.977977977977979807e+00 1.305329903808621062e+01
2.004004004004005690e+00 1.305148125943643755e+01
2.030030030030031352e+00 1.304966387989462895e+01
2.056056056056057457e+00 1.304784689833338973e+01
2.082082082082083119e+00 1.304603031362345611e+01
2.108108108108109224e+00 1.304421412463369023e+01
2.134134134134134886e+00 1.304239833023106243e+01
2.160160160160160991e+00 1.304058292928064766e+01
2.186186186186186653e+00 1.303876792064560419e+01
2.212212212212212314e+00 1.303695330318716827e+01
2.238238238238238420e+00 1.303513907576464170e+01
2.264264264264264082e+00 1.303332523723538117e+01
2.290290290290290187e+00 1.303151178645478403e+01
2.316316316316315849e+00 1.302969872227627590e+01
2.342342342342341954e+00 1.302788604355130353e+01
2.368368368368367616e+00 1.302607374912931526e+01
2.394394394394393277e+00 1.302426183785775748e+01
2.420420420420419383e+00 1.302245030858205688e+01
2.446446446446445044e+00 1.302063916014561151e+01
2.472472472472471150e+00 1.301882839138977488e+01
2.498498498498496811e+00 1.301701800115384344e+01
2.524524524524522917e+00 1.301520798827505487e+01
2.550550550550548579e+00 1.301339835158855784e+01
2.576576576576574240e+00 1.301158908992741559e+01
2.602602602602600346e+00 1.300978020212258279e+01
2.628628628628626007e+00 1.300797168700290030e+01
2.654654654654652113e+00 1.300616354339507375e+01
2.680680680680677774e+00 1.300435577012367183e+01
2.706706706706703436e+00 1.300254836601110497e+01
2.732732732732729541e+00 1.300074132987761288e+01
2.758758758758755203e+00 1.299893466054125746e+01
2.784784784784781309e+00 1.299712835681790324e+01
2.810810810810806970e+00 1.299532241752120854e+01
2.836836836836833076e+00 1.299351684146260766e+01
2.862862862862858737e+00 1.299171162745130559e+01
2.888888888888884399e+00 1.298990677429425311e+01
2.914914914914910504e+00 1.298810228079614504e+01
2.940940940940936166e+00 1.298629814575939712e+01
2.966966966966962271e+00 1.298449436798413892e+01
2.992992992992987933e+00 1.298269094626819786e+01
3.019019019019014038e+00 1.298088787940708499e+01
3.045045045045039700e+00 1.297908516619398078e+01
3.071071071071065361e+00 1.297728280541972090e+01
3.097097097097091467e+00 1.297548079587278735e+01
3.123123123123117129e+00 1.297367913633928360e+01
3.149149149149143234e+00 1.297187782560293279e+01
3.175175175175168896e+00 1.297007686244505287e+01
3.201201201201195001e+00 1.296827624564455128e+01
3.227227227227220663e+00 1.296647597397790364e+01
3.253253253253246324e+00 1.296467604621914127e+01
3.279279279279272430e+00 1.296287646113983882e+01
3.305305305305298091e+00 1.296107721750909292e+01
3.331331331331324197e+00 1.295927831409352038e+01
3.357357357357349859e+00 1.295747974965722804e+01
3.383383383383375964e+00 1.295568152296181097e+01
3.409409409409401626e+00 1.295388363276632226e+01
3.435435435435427287e+00 1.295208607782727839e+01
3.461461461461453393e+00 1.295028885689862186e+01
3.487487487487479054e+00 1.294846949465623531e+01
3.513513513513505160e+00 1.294664787341067402e+01
3.539539539539530821e+00 1.294482597236145160e+01
3.565565565565556927e+00 1.294300379063348139e+01
3.591591591591582588e+00 1.294118132734692317e+01
3.617617617617608250e+00 1.293935858161715302e+01
3.643643643643634356e+00 1.293753555255472953e+01
3.669669669669660017e+00 1.293571223926537783e+01
3.695695695695686123e+00 1.293388864084995937e+01
3.721721721721711784e+00 1.293206475640444175e+01
3.747747747747737446e+00 1.293024058501987383e+01
3.773773773773763551e+00 1.292841612578236266e+01
3.799799799799789213e+00 1.292659137777303613e+01
3.825825825825815318e+00 1.292476634006802350e+01
3.851851851851840980e+00 1.292294101173842691e+01
3.877877877877867085e+00 1.292111539185028946e+01
3.903903903903892747e+00 1.291928947946456852e+01
3.929929929929918853e+00 1.291746327363710911e+01
3.955955955955944958e+00 1.291563677341861016e+01
3.981981981981970620e+00 1.291380997785460139e+01
4.008008008007996281e+00 1.291198288598541133e+01
4.034034034034022831e+00 1.291015549684613539e+01
4.060060060060048492e+00 1.290832780946661273e+01
4.086086086086074154e+00 1.290649982287139075e+01
4.112112112112099815e+00 1.290467153607969664e+01
4.138138138138125477e+00 1.290284294810540899e+01
4.164164164164152027e+00 1.290101405795702050e+01
4.190190190190177688e+00 1.289918486463761660e+01
4.216216216216203350e+00 1.289735536714484176e+01
4.242242242242229011e+00 1.289552556447086218e+01
4.268268268268254673e+00 1.289369545560234265e+01
4.294294294294281222e+00 1.289186503952040397e+01
4.320320320320306884e+00 1.289003431520060872e+01
4.346346346346332545e+00 1.288820328161290973e+01
4.372372372372358207e+00 1.288637193772162703e+01
4.398398398398384757e+00 1.288454028248542294e+01
4.424424424424410418e+00 1.288270831485724699e+01
4.450450450450436080e+00 1.288087603378432888e+01
4.476476476476461741e+00 1.287904343820812336e+01
4.502502502502487403e+00 1.287721052706429248e+01
4.528528528528513952e+00 1.287537729928266117e+01
4.554554554554539614e+00 1.287354375378718885e+01
4.580580580580565275e+00 1.287170988949593209e+01
4.606606606606590937e+00 1.286987570532101088e+01
4.632632632632616598e+00 1.286804120016857134e+01
4.658658658658643148e+00 1.286620637293875724e+01
4.684684684684668809e+00 1.286437122252566745e+01
4.710710710710694471e+00 1.286253574781732034e+01
4.736736736736720133e+00 1.286069994769562541e+01
4.762762762762746682e+00 1.285886382103633885e+01
4.788788788788772344e+00 1.285702736670902802e+01
4.814814814814798005e+00 1.285519058357703770e+01
4.840840840840823667e+00 1.285335347049744925e+01
4.866866866866849328e+00 1.285151602632105217e+01
4.892892892892875878e+00 1.284967824989229079e+01
4.918918918918901539e+00 1.284784014004923947e+01
4.944944944944927201e+00 1.284600169562355987e+01
4.970970970970952862e+00 1.284416291544045841e+01
4.996996996996978524e+00 1.284232379831865600e+01
5.023023023023005074e+00 1.284048434307034015e+01
5.049049049049030735e+00 1.283864454850113290e+01
5.075075075075056397e+00 1.283680441341003942e+01
5.101101101101082058e+00 1.283496393658942303e+01
5.127127127127107720e+00 1.283312311682495555e+01
5.153153153153134269e+00 1.283128195289557461e+01
5.179179179179159931e+00 1.282944044357344993e+01
5.205205205205185592e+00 1.282759858762393534e+01
5.231231231231211254e+00 1.282575638380553329e+01
5.257257257257237804e+00 1.282391383086984327e+01
5.283283283283263465e+00 1.282207092756152988e+01
5.309309309309289127e+00 1.282022767261827312e+01
5.335335335335314788e+00 1.281838406477072922e+01
5.361361361361340450e+00 1.281654010274248279e+01
5.387387387387366999e+00 1.281469578525000941e+01
5.413413413413392661e+00 1.281285111100262419e+01
5.439439439439418322e+00 1.281100607870244268e+01
5.465465465465443984e+00 1.280916068704433286e+01
5.491491491491469645e+00 1.280731503278004446e+01
5.517517517517496195e+00 1.280547008788936303e+01
5.543543543543521857e+00 1.280362479215077087e+01
5.569569569569547518e+00 1.280177914422494467e+01
5.595595595595573180e+00 1.279993314276515015e+01
5.621621621621599729e+00 1.279808678641719411e+01
5.647647647647625391e+00 1.279624007381938000e+01
5.673673673673651052e+00 1.279439300360246179e+01
5.699699699699676714e+00 1.279254557438958884e+01
5.725725725725702375e+00 1.279069778479626862e+01
5.751751751751728925e+00 1.278884963343030634e+01
5.777777777777754586e+00 1.278700111889176760e+01
5.803803803803780248e+00 1.278515223977292159e+01
5.829829829829805909e+00 1.278330299465819131e+01
5.855855855855831571e+00 1.278145338212410920e+01
5.881881881881858121e+00 1.277960340073926204e+01
5.907907907907883782e+00 1.277775304906423770e+01
5.933933933933909444e+00 1.277590232565158246e+01
5.959959959959935105e+00 1.277405122904574242e+01
5.985985985985960767e+00 1.277219975778300842e+01
6.012012012011987316e+00 1.277034791039147521e+01
6.038038038038012978e+00 1.276849568539097568e+01
6.064064064064038639e+00 1.276664308129303471e+01
6.090090090090064301e+00 1.276479009660081410e+01
6.116116116116090851e+00 1.276293672980905747e+01
6.142142142142116512e+00 1.276108297940403347e+01
6.168168168168142174e+00 1.275922884386348599e+01
6.194194194194167835e+00 1.275737432165657737e+01
6.220220220220193497e+00 1.275551941124381905e+01
6.246246246246220046e+00 1.275366411107704145e+01
6.272272272272245708e+00 1.275180841959931044e+01
6.298298298298271369e+00 1.274995233524488647e+01
6.324324324324297031e+00 1.274809585643915888e+01
6.350350350350322692e+00 1.274623898159858904e+01
6.376376376376349242e+00 1.274438170913065527e+01
6.402402402402374904e+00 1.274252403743378537e+01
6.428428428428400565e+00 1.274066596489730863e+01
6.454454454454426227e+00 1.273880748990138301e+01
6.480480480480452776e+00 1.273694861081693830e+01
6.506506506506478438e+00 1.273508932600561927e+01
6.532532532532504099e+00 1.273322963381971995e+01
6.558558558558529761e+00 1.273136953260211968e+01
6.584584584584555422e+00 1.272950902068622625e+01
6.610610610610581972e+00 1.272764809639589956e+01
6.636636636636607633e+00 1.272578675804540893e+01
6.662662662662633295e+00 1.272392500393934078e+01
6.688688688688658956e+00 1.272206283237256308e+01
6.714714714714684618e+00 1.272020024163013474e+01
6.740740740740711168e+00 1.271833722998725413e+01
6.766766766766736829e+00 1.271647379570918801e+01
6.792792792792762491e+00 1.271460993705120046e+01
6.818818818818788152e+00 1.271274565225849607e+01
6.844844844844814702e+00 1.271088093956613463e+01
6.870870870870840363e+00 1.270901579719898145e+01
6.896896896896866025e+00 1.270715022337161670e+01
6.922922922922891686e+00 1.270528421628828752e+01
6.948948948948917348e+00 1.270341777414281736e+01
6.974974974974943898e+00 1.270155089511854740e+01
7.001001001000969559e+00 1.269968357738826015e+01
7.027027027026995221e+00 1.269781581911410306e+01
7.053053053053020882e+00 1.269594761844752284e+01
7.079079079079046544e+00 1.269407897352918724e+01
7.105105105105073093e+00 1.269220988248891047e+01
7.131131131131098755e+00 1.269034034344557860e+01
7.157157157157124416e+00 1.268847035450707317e+01
7.183183183183150078e+00 1.268659991377019480e+01
7.209209209209175739e+00 1.268472901932059038e+01
7.235235235235202289e+00 1.268285766923266600e+01
7.261261261261227951e+00 1.268098586156951946e+01
7.287287287287253612e+00 1.267911359438284968e+01
7.313313313313279274e+00 1.267724086571288922e+01
7.339339339339305823e+00 1.267536767358831007e+01
7.365365365365331485e+00 1.267349401602615977e+01
7.391391391391357146e+00 1.267161989103176012e+01
7.417417417417382808e+00 1.266974529659863791e+01
7.443443443443408469e+00 1.266787023070843610e+01
7.469469469469435019e+00 1.266599469133083566e+01
7.495495495495460681e+00 1.266411867642346145e+01
7.521521521521486342e+00 1.266224218393180223e+01
7.547547547547512004e+00 1.266036521178912722e+01
7.573573573573537665e+00 1.265848775791639369e+01
7.599599599599564215e+00 1.265660982022215997e+01
7.625625625625589876e+00 1.265473139660249835e+01
7.651651651651615538e+00 1.265285248494090631e+01
7.677677677677641199e+00 1.265097308310821411e+01
7.703703703703667749e+00 1.264909318896249957e+01
7.729729729729693410e+00 1.264721280034898676e+01
7.755755755755719072e+00 1.264533191509995902e+01
7.781781781781744733e+00 1.264345053103467187e+01
7.807807807807770395e+00 1.264156864595924290e+01
7.833833833833796945e+00 1.263968625766657183e+01
7.859859859859822606e+00 1.263780336393623926e+01
7.885885885885849156e+00 1.263591996253440541e+01
7.911911911911875706e+00 1.263403605121372308e+01
7.937937937937902255e+00 1.263215162771322753e+01
7.963963963963929693e+00 1.263026668975824407e+01
7.989989989989956243e+00 1.262838123506028865e+01
8.016016016015981904e+00 1.262649526131696121e+01
8.042042042042009342e+00 1.262460876621184980e+01
8.068068068068036780e+00 1.262272174741442043e+01
8.094094094094062442e+00 1.262083420257992472e+01
8.120120120120089879e+00 1.261894612934928084e+01
8.146146146146115541e+00 1.261705752534897940e+01
8.172172172172142979e+00 1.261516838819096975e+01
8.198198198198170417e+00 1.261327871547256052e+01
8.224224224224196078e+00 1.261138850477629525e+01
8.250250250250223516e+00 1.260949775366986536e+01
8.276276276276249177e+00 1.260760645970597693e+01
8.302302302302276615e+00 1.260571462042225477e+01
8.328328328328304053e+00 1.260382223334112339e+01
8.354354354354329715e+00 1.260192929596969513e+01
8.380380380380357153e+00 1.260003580579965465e+01
8.406406406406382814e+00 1.259814176030714350e+01
8.432432432432410252e+00 1.259624715695264108e+01
8.458458458458437690e+00 1.259435199318085452e+01
8.484484484484463351e+00 1.259245626642058902e+01
8.510510510510490789e+00 1.259055997408463767e+01
8.536536536536516451e+00 1.258866311356965184e+01
8.562562562562543889e+00 1.258676568225602921e+01
8.588588588588571326e+00 1.258486767750777702e+01
8.614614614614596988e+00 1.258296909667240193e+01
8.640640640640624426e+00 1.258106993708077148e+01
8.666666666666650087e+00 1.257917019604699860e+01
8.692692692692677525e+00 1.257726987086830484e+01
8.718718718718704963e+00 1.257536895882489958e+01
8.744744744744730625e+00 1.257346745717983971e+01
8.770770770770758062e+00 1.257156536317890705e+01
8.796796796796783724e+00 1.256966267405046978e+01
8.822822822822811162e+00 1.256775938700535633e+01
8.848848848848838600e+00 1.256585549923670797e+01
8.874874874874864261e+00 1.256395100791985264e+01
8.900900900900891699e+00 1.256204591021216288e+01
8.926926926926917361e+00 1.256014020325292080e+01
8.952952952952944798e+00 1.255823388416316533e+01
8.978978978978972236e+00 1.255632695004557320e+01
9.005005005004997898e+00 1.255441939798429374e+01
9.031031031031025336e+00 1.255251122504481387e+01
9.057057057057050997e+00 1.255060242827381600e+01
9.083083083083078435e+00 1.254869300469902527e+01
9.109109109109105873e+00 1.254678295132906030e+01
9.135135135135131534e+00 1.254487226515329112e+01
9.161161161161158972e+00 1.254296094314167931e+01
9.187187187187184634e+00 1.254104898224463049e+01
9.213213213213212072e+00 1.253913637939283809e+01
9.239239239239237733e+00 1.253722313149712697e+01
9.265265265265265171e+00 1.253530923544830245e+01
9.291291291291292609e+00 1.253339468811698154e+01
9.317317317317318270e+00 1.253147948635344200e+01
9.343343343343345708e+00 1.252956362698745529e+01
9.369369369369371370e+00 1.252764710682812499e+01
9.395395395395398808e+00 1.252572992266372687e+01
9.421421421421426246e+00 1.252381207126153484e+01
9.447447447447451907e+00 1.252189354936765575e+01
9.473473473473479345e+00 1.251997435370686418e+01
9.499499499499505006e+00 1.251805448098242302e+01
9.525525525525532444e+00 1.251613392787592183e+01
9.551551551551559882e+00 1.251421269104709211e+01
9.577577577577585544e+00 1.251229076713363675e+01
9.603603603603612981e+00 1.251036815275105063e+01
9.629629629629638643e+00 1.250844484449244298e+01
9.655655655655666081e+00 1.250652083892835442e+01
9.681681681681693519e+00 1.250459613260657399e+01
9.707707707707719180e+00 1.250267072205195262e+01
9.733733733733746618e+00 1.250074460376622199e+01
9.759759759759772280e+00 1.249881777422780260e+01
9.785785785785799717e+00 1.249689022989161202e+01
9.811811811811827155e+00 1.249496196718887475e+01
9.837837837837852817e+00 1.249303298252693040e+01
9.863863863863880255e+00 1.249110327228903650e+01
9.889889889889905916e+00 1.248917283283416602e+01
9.915915915915933354e+00 1.248724166049681372e+01
9.941941941941960792e+00 1.248530975158679546e+01
9.967967967967986453e+00 1.248337710238903675e+01
9.993993993994013891e+00 1.248144370916337742e+01
1.002002002002003955e+01 1.247950956814435486e+01
1.004604604604606699e+01 1.247757467554099797e+01
1.007207207207209443e+01 1.247563902753661935e+01
1.009809809809812009e+01 1.247370262028859500e+01
1.012412412412414753e+01 1.247176544992815295e+01
1.015015015015017319e+01 1.246982751256015121e+01
1.017617617617620063e+01 1.246788853218201076e+01
1.020220220220222807e+01 1.246594113650772151e+01
1.022822822822825373e+01 1.246399287453088256e+01
1.025425425425428116e+01 1.246204374220783073e+01
1.028028028028030683e+01 1.246009373546622534e+01
1.030630630630633426e+01 1.245814285020479772e+01
1.033233233233236170e+01 1.245619108229310967e+01
1.035835835835838736e+01 1.245423842757130650e+01
1.038438438438441480e+01 1.245228488184985949e+01
1.041041041041044046e+01 1.245033044090932250e+01
1.043643643643646790e+01 1.244837510050006024e+01
1.046246246246249534e+01 1.244641885634200307e+01
1.048848848848852100e+01 1.244446170412438057e+01
1.051451451451454844e+01 1.244250363950545690e+01
1.054054054054057410e+01 1.244054465811225896e+01
1.056656656656660154e+01 1.243858475554031884e+01
1.059259259259262720e+01 1.243662392735338784e+01
1.061861861861865464e+01 1.243466216908316824e+01
1.064464464464468207e+01 1.243269947622903437e+01
1.067067067067070774e+01 1.243073584425775202e+01
1.069669669669673517e+01 1.242877126860319237e+01
1.072272272272276084e+01 1.242680574466604604e+01
1.074874874874878827e+01 1.242483926781353354e+01
1.077477477477481571e+01 1.242287183337911216e+01
1.080080080080084137e+01 1.242090343666218111e+01
1.082682682682686881e+01 1.241893407292777773e+01
1.085285285285289447e+01 1.241696373740628623e+01
1.087887887887892191e+01 1.241499242529311964e+01
1.090490490490494935e+01 1.241302013174841967e+01
1.093093093093097501e+01 1.241104685189674051e+01
1.095695695695700245e+01 1.240907258082674147e+01
1.098298298298302811e+01 1.240709731359085488e+01
1.100900900900905555e+01 1.240512104520498227e+01
1.103503503503508298e+01 1.240314377064815510e+01
1.106106106106110865e+01 1.240116548486221326e+01
1.108708708708713608e+01 1.239918618275146933e+01
1.111311311311316175e+01 1.239720585918238349e+01
1.113913913913918918e+01 1.239522450898320827e+01
1.116516516516521662e+01 1.239324212694365990e+01
1.119119119119124228e+01 1.239125870781456840e+01
1.121721721721726972e+01 1.238927424630752405e+01
1.124324324324329538e+01 1.238728873709453104e+01
1.126926926926932282e+01 1.238530217480764506e+01
1.129529529529535026e+01 1.238331455403861447e+01
1.132132132132137592e+01 1.238132586933851442e+01
1.134734734734740336e+01 1.237933611521737909e+01
1.137337337337342902e+01 1.237734528614383400e+01
1.139939939939945646e+01 1.237535337654471057e+01
1.142542542542548389e+01 1.237336038080467127e+01
1.145145145145150956e+01 1.237136629326582238e+01
1.147747747747753699e+01 1.236937110822733388e+01
1.150350350350356265e+01 1.236737481994503263e+01
1.152952952952959009e+01 1.236537742263101514e+01
1.155555555555561753e+01 1.236337891045324433e+01
1.158158158158164319e+01 1.236137927753514454e+01
1.160760760760767063e+01 1.235937851795518938e+01
1.163363363363369629e+01 1.235737662574648965e+01
1.165965965965972373e+01 1.235537359489637232e+01
1.168568568568575117e+01 1.235336941934595956e+01
1.171171171171177683e+01 1.235136409298974058e+01
1.173773773773780427e+01 1.234935760967513652e+01
1.176376376376382993e+01 1.234734996320206690e+01
1.178978978978985737e+01 1.234534114732250387e+01
1.181581581581588480e+01 1.234333115574003159e+01
1.184184184184191047e+01 1.234131998210938441e+01
1.186786786786793790e+01 1.233930762003600456e+01
1.189389389389396356e+01 1.233729406307556431e+01
1.191991991991999100e+01 1.233527930473351653e+01
1.194594594594601666e+01 1.233326333846460621e+01
1.197197197197204410e+01 1.233124615767240861e+01
1.199799799799807154e+01 1.232922775570883545e+01
1.202402402402409720e+01 1.232720812587365700e+01
1.205005005005012464e+01 1.232518726141400478e+01
1.207607607607615030e+01 1.232316515552387237e+01
1.210210210210217774e+01 1.232114180134361447e+01
1.212812812812820518e+01 1.231911719195943711e+01
1.215415415415423084e+01 1.231709132040288424e+01
1.218018018018025828e+01 1.231506417965031730e+01
1.220620620620628394e+01 1.231303576262238408e+01
1.223223223223231138e+01 1.231100606218349824e+01
1.225825825825833881e+01 1.230897507114128686e+01
1.228428428428436447e+01 1.230694278224606109e+01
1.231031031031039191e+01 1.230490918819025481e+01
1.233633633633641757e+01 1.230287428160787755e+01
1.236236236236244501e+01 1.230083805507394601e+01
1.238838838838847245e+01 1.229880050110392098e+01
1.241441441441449811e+01 1.229676161215313179e+01
1.244044044044052555e+01 1.229472138061619013e+01
1.246646646646655121e+01 1.229267979882641271e+01
1.249249249249257865e+01 1.229063685905521375e+01
1.251851851851860609e+01 1.228859255351152058e+01
1.254454454454463175e+01 1.228654687434115189e+01
1.257057057057065919e+01 1.228449981362621024e+01
1.259659659659668485e+01 1.228245136338446564e+01
1.262262262262271229e+01 1.228040151556871606e+01
1.264864864864873972e+01 1.227835026206616220e+01
1.267467467467476538e+01 1.227629759469776083e+01
1.270070070070079282e+01 1.227424350521758178e+01
1.272672672672681848e+01 1.227218798531213650e+01
1.275275275275284592e+01 1.227013102659973320e+01
1.277877877877887336e+01 1.226807262062979120e+01
1.280480480480489902e+01 1.226601275888216769e+01
1.283083083083092646e+01 1.226395143276647026e+01
1.285685685685695212e+01 1.226188863362135884e+01
1.288288288288297956e+01 1.225982435271385285e+01
1.290890890890900700e+01 1.225775858123860651e+01
1.293493493493503266e+01 1.225569131031720538e+01
1.296096096096106010e+01 1.225362253099742915e+01
1.298698698698708576e+01 1.225155223425251805e+01
1.301301301301311319e+01 1.224948041098043738e+01
1.303903903903914063e+01 1.224740705200311730e+01
1.306506506506516629e+01 1.224533214806569781e+01
1.309109109109119373e+01 1.224325568983575252e+01
1.311711711711721939e+01 1.224117766790252482e+01
1.314314314314324683e+01 1.223909807277612671e+01
1.316916916916927427e+01 1.223701689488675193e+01
1.319519519519529993e+01 1.223493412458386764e+01
1.322122122122132737e+01 1.223284975213540271e+01
1.324724724724735303e+01 1.223076376772692520e+01
1.327327327327338047e+01 1.222867616146080572e+01
1.329929929929940613e+01 1.222658692335538255e+01
1.332532532532543357e+01 1.222449604334410012e+01
1.335135135135146101e+01 1.222240351127465630e+01
1.337737737737748667e+01 1.222030931690812494e+01
1.340340340340351410e+01 1.221821344991808012e+01
1.342942942942953977e+01 1.221611589988969904e+01
1.345545545545556720e+01 1.221401665631886146e+01
1.348148148148159464e+01 1.221191570861124021e+01
1.350750750750762030e+01 1.220981304608137563e+01
1.353353353353364774e+01 1.220770865795174132e+01
1.355955955955967340e+01 1.220560253335180612e+01
1.358558558558570084e+01 1.220349466131706961e+01
1.361161161161172828e+01 1.220138503078810110e+01
1.363763763763775394e+01 1.219927363060956260e+01
1.366366366366378138e+01 1.219716044952921941e+01
1.368968968968980704e+01 1.219504547619693824e+01
1.371571571571583448e+01 1.219292869916368005e+01
1.374174174174186192e+01 1.219081010688046796e+01
1.376776776776788758e+01 1.218868968769736050e+01
1.379379379379391501e+01 1.218656742986240005e+01
1.381981981981994068e+01 1.218444332152055587e+01
1.384584584584596811e+01 1.218231735071264765e+01
1.387187187187199555e+01 1.218018950537426193e+01
1.389789789789802121e+01 1.217805977333466316e+01
1.392392392392404865e+01 1.217592814231567111e+01
1.394994994995007431e+01 1.217379459993054880e+01
1.397597597597610175e+01 1.217165913368286212e+01
1.400200200200212919e+01 1.216952173096532519e+01
1.402802802802815485e+01 1.216738237905865283e+01
1.405405405405418229e+01 1.216524106513037040e+01
1.408008008008020795e+01 1.216309777623362898e+01
1.410610610610623539e+01 1.216095249930600275e+01
1.413213213213226283e+01 1.215880522116827045e+01
1.415815815815828849e+01 1.215665592852318078e+01
1.418418418418431592e+01 1.215450460795421428e+01
1.421021021021034159e+01 1.215235124592431148e+01
1.423623623623636902e+01 1.215019582877460103e+01
1.426226226226239646e+01 1.214803834272311711e+01
1.428828828828842212e+01 1.214587877386347969e+01
1.431431431431444956e+01 1.214371710816358529e+01
1.434034034034047522e+01 1.214155333146426052e+01
1.436636636636650266e+01 1.213938742947792271e+01
1.439239239239253010e+01 1.213721938778719789e+01
1.441841841841855576e+01 1.213504919184354591e+01
1.444444444444458320e+01 1.213287682696585712e+01
1.447047047047060886e+01 1.213070227833903303e+01
1.449649649649663630e+01 1.212852553101255992e+01
1.452252252252266373e+01 1.212634656989905402e+01
1.454854854854868940e+01 1.212416537977279063e+01
1.457457457457471683e+01 1.212198194526822981e+01
1.460060060060074250e+01 1.211979625087850287e+01
1.462662662662676993e+01 1.211760828095390430e+01
1.465265265265279560e+01 1.211541801970034449e+01
1.467867867867882303e+01 1.211322545117780258e+01
1.470470470470485047e+01 1.211103055929874905e+01
1.473073073073087613e+01 1.210883332782655053e+01
1.475675675675690357e+01 1.210663374037386575e+01
1.478278278278292923e+01 1.210443178040101309e+01
1.480880880880895667e+01 1.210222743121432032e+01
1.483483483483498411e+01 1.210002067596445841e+01
1.486086086086100977e+01 1.209781149764475394e+01
1.488688688688703721e+01 1.209559353433233397e+01
1.491291291291306287e+01 1.209337290189883873e+01
1.493893893893909031e+01 1.209114967886318937e+01
1.496496496496511774e+01 1.208892384666329534e+01
1.499099099099114341e+01 1.208669538656394593e+01
1.501701701701717084e+01 1.208446427965488112e+01
1.504304304304319650e+01 1.208223050684883582e+01
1.506906906906922394e+01 1.207999404887955919e+01
1.509509509509525138e+01 1.207775488629981986e+01
1.512112112112127704e+01 1.207551299947936840e+01
1.514714714714730448e+01 1.207326836860289276e+01
1.517317317317333014e+01 1.207102097366794702e+01
1.519919919919935758e+01 1.206877079448284107e+01
1.522522522522538502e+01 1.206651781066452145e+01
1.525125125125141068e+01 1.206426200163642015e+01
1.527727727727743812e+01 1.206200334662627149e+01
1.530330330330346378e+01 1.205974182466391831e+01
1.532932932932949122e+01 1.205747741457907551e+01
1.535535535535551865e+01 1.205521009499907414e+01
1.538138138138154432e+01 1.205293984434658050e+01
1.540740740740757175e+01 1.205066664083728156e+01
1.543343343343359741e+01 1.204839046247755263e+01
1.545945945945962485e+01 1.204611128706208234e+01
1.548548548548565229e+01 1.204382909217148345e+01
1.551151151151167795e+01 1.204154385516986814e+01
1.553753753753770539e+01 1.203925555320239482e+01
1.556356356356373105e+01 1.203696416319278661e+01
1.558958958958975849e+01 1.203466966184081777e+01
1.561561561561578593e+01 1.203237202561977703e+01
1.564164164164181159e+01 1.203007123077388840e+01
1.566766766766783903e+01 1.202776725331571406e+01
1.569369369369386469e+01 1.202546006902352183e+01
1.571971971971989213e+01 1.202314965343861530e+01
1.574574574574591956e+01 1.202083598186263913e+01
1.577177177177194523e+01 1.201851902935485228e+01
1.579779779779797266e+01 1.201619877072936404e+01
1.582382382382399832e+01 1.201387518055234516e+01
1.584984984985002576e+01 1.201154823313919273e+01
1.587587587587605320e+01 1.200921790255167565e+01
1.590190190190207886e+01 1.200688416259504443e+01
1.592792792792810630e+01 1.200454698681508958e+01
1.595395395395413196e+01 1.200220634849519108e+01
1.597997997998015940e+01 1.199986222065331276e+01
1.600600600600618506e+01 1.199751457603897720e+01
1.603203203203221250e+01 1.199516338713018548e+01
1.605805805805823994e+01 1.199280862613031928e+01
1.608408408408426737e+01 1.199045026496500199e+01
1.611011011011029126e+01 1.198808827527891019e+01
1.613613613613631870e+01 1.198572262843257086e+01
1.616216216216234614e+01 1.198335329549909467e+01
1.618818818818837357e+01 1.198098024726089683e+01
1.621421421421440101e+01 1.197860345420635930e+01
1.624024024024042490e+01 1.197622288652646816e+01
1.626626626626645233e+01 1.197383851411140121e+01
1.629229229229247977e+01 1.197145030654708009e+01
1.631831831831850721e+01 1.196905823311169215e+01
1.634434434434453465e+01 1.196666226277215372e+01
1.637037037037055853e+01 1.196426236418053968e+01
1.639639639639658597e+01 1.196185850567048625e+01
1.642242242242261341e+01 1.195945065525352824e+01
1.644844844844864085e+01 1.195703878061541303e+01
1.647447447447466828e+01 1.195462284911235784e+01
1.650050050050069217e+01 1.195220282776728205e+01
1.652652652652671961e+01 1.194977868326597203e+01
1.655255255255274704e+01 1.194735038195322652e+01
1.657857857857877448e+01 1.194491788982894320e+01
1.660460460460480192e+01 1.194248117254416464e+01
1.663063063063082581e+01 1.194004019539707961e+01
1.665665665665685324e+01 1.193759492332897842e+01
1.668268268268288068e+01 1.193514532092016189e+01
1.670870870870890812e+01 1.193269135238580958e+01
1.673473473473493556e+01 1.193023298157179113e+01
1.676076076076095944e+01 1.192777017195043676e+01
1.678678678678698688e+01 1.192530288661626514e+01
1.681281281281301432e+01 1.192283108828164906e+01
1.683883883883904176e+01 1.192035473927244915e+01
1.686486486486506919e+01 1.191787380152358722e+01
1.689089089089109308e+01 1.191538823657457158e+01
1.691691691691712052e+01 1.191289800556498335e+01
1.694294294294314795e+01 1.191040306922989345e+01
1.696896896896917539e+01 1.190790338789524760e+01
1.699499499499520283e+01 1.190539892147318746e+01
1.702102102102122672e+01 1.190288962945732898e+01
1.704704704704725415e+01 1.190037547091798231e+01
1.707307307307328159e+01 1.189785640449732185e+01
1.709909909909930903e+01 1.189533238840450302e+01
1.712512512512533647e+01 1.189280338041072760e+01
1.715115115115136035e+01 1.189026933784424855e+01
1.717717717717738779e+01 1.188773021758533055e+01
1.720320320320341523e+01 1.188518597606114824e+01
1.722922922922944267e+01 1.188263656924062772e+01
1.725525525525547010e+01 1.188008195262924538e+01
1.728128128128149399e+01 1.187752208126374498e+01
1.730730730730752143e+01 1.187495690970682816e+01
1.733333333333354886e+01 1.187238639204176671e+01
1.735935935935957630e+01 1.186981048186696164e+01
1.738538538538560374e+01 1.186722913229045062e+01
1.741141141141162763e+01 1.186464229592434272e+01
1.743743743743765506e+01 1.186204992487921750e+01
1.746346346346368250e+01 1.185945197075843005e+01
1.748948948948970994e+01 1.185684838465239110e+01
1.751551551551573738e+01 1.185423911713276013e+01
1.754154154154176126e+01 1.185162411824658690e+01
1.756756756756778870e+01 1.184900333751039803e+01
1.759359359359381614e+01 1.184637672390420349e+01
1.761961961961984358e+01 1.184374422586545172e+01
1.764564564564587101e+01 1.184110579128292429e+01
1.767167167167189490e+01 1.183846136749055411e+01
1.769769769769792234e+01 1.183581090126118518e+01
1.772372372372394977e+01 1.183315433880026646e+01
1.774974974974997721e+01 1.183049162573948365e+01
1.777577577577600465e+01 1.182782270713031103e+01
1.780180180180202854e+01 1.182514752743750464e+01
1.782782782782805597e+01 1.182246603053253331e+01
1.785385385385408341e+01 1.181977815968692269e+01
1.787987987988011085e+01 1.181708385756554769e+01
1.790590590590613473e+01 1.181438306621983791e+01
1.793193193193216217e+01 1.181167572708092806e+01
1.795795795795818961e+01 1.180896178095271765e+01
1.798398398398421705e+01 1.180624116800487933e+01
1.801001001001024449e+01 1.180351382776576763e+01
1.803603603603626837e+01 1.180077969911527624e+01
1.806206206206229581e+01 1.179803872027760470e+01
1.808808808808832325e+01 1.179529082881395574e+01
1.811411411411435068e+01 1.179253596161514928e+01
1.814014014014037812e+01 1.178977405489415631e+01
1.816616616616640201e+01 1.178700504417856720e+01
1.819219219219242945e+01 1.178422886430296046e+01
1.821821821821845688e+01 1.178144544940119864e+01
1.824424424424448432e+01 1.177865473289863374e+01
1.827027027027051176e+01 1.177585664750424677e+01
1.829629629629653564e+01 1.177305112520267372e+01
1.832232232232256308e+01 1.177023809724616932e+01
1.834834834834859052e+01 1.176741749414645888e+01
1.837437437437461796e+01 1.176458924566652264e+01
1.840040040040064540e+01 1.176175328081227178e+01
1.842642642642666928e+01 1.175890952782413912e+01
1.845245245245269672e+01 1.175605791416856327e+01
1.847847847847872416e+01 1.175319836652939820e+01
1.850450450450475159e+01 1.175033081079919839e+01
1.853053053053077903e+01 1.174745517207041878e+01
1.855655655655680292e+01 1.174457137462650991e+01
1.858258258258283036e+01 1.174167934193290286e+01
1.860860860860885779e+01 1.173877899662788771e+01
1.863463463463488523e+01 1.173587026051339066e+01
1.866066066066091267e+01 1.173295305454562865e+01
1.868668668668693655e+01 1.173002729882565376e+01
1.871271271271296399e+01 1.172709291258978226e+01
1.873873873873899143e+01 1.172414981419989921e+01
1.876476476476501887e+01 1.172119792113364767e+01
1.879079079079104631e+01 1.171823714997447397e+01
1.881681681681707019e+01 1.171526741640157177e+01
1.884284284284309763e+01 1.171228863517966445e+01
1.886886886886912507e+01 1.170930072014867029e+01
1.889489489489515250e+01 1.170630358421322192e+01
1.892092092092117994e+01 1.170329713933203664e+01
1.894694694694720383e+01 1.170028129650714455e+01
1.897297297297323126e+01 1.169725596577296578e+01
1.899899899899925870e+01 1.169422105618522423e+01
1.902502502502528614e+01 1.169117647580970676e+01
1.905105105105131358e+01 1.168812213171085013e+01
1.907707707707733746e+01 1.168505792994015380e+01
1.910310310310336490e+01 1.168198377552442935e+01
1.912912912912939234e+01 1.167889957245385801e+01
1.915515515515541978e+01 1.167580522366984574e+01
1.918118118118144722e+01 1.167270063105271660e+01
1.920720720720747110e+01 1.166958569540917345e+01
1.923323323323349854e+01 1.166646031645956860e+01
1.925925925925952598e+01 1.166332439282495237e+01
1.928528528528555341e+01 1.166017782201389430e+01
1.931131131131158085e+01 1.165702050040909654e+01
1.933733733733760474e+01 1.165385232325373899e+01
1.936336336336363217e+01 1.165067318463759527e+01
1.938938938938965961e+01 1.164748297748289474e+01
1.941541541541568705e+01 1.164428159352991443e+01
1.944144144144171449e+01 1.164106892332228860e+01
1.946746746746773837e+01 1.163784485619206066e+01
1.949349349349376581e+01 1.163460928024440477e+01
1.951951951951979325e+01 1.163136208234207558e+01
1.954554554554582069e+01 1.162810314808952050e+01
1.957157157157184812e+01 1.162483253646026249e+01
1.959759759759787201e+01 1.162154997685852109e+01
1.962362362362389945e+01 1.161825533938482735e+01
1.964964964964992689e+01 1.161494850465237327e+01
1.967567567567595432e+01 1.161162935193467582e+01
1.970170170170198176e+01 1.160829775914759310e+01
1.972772772772800565e+01 1.160495360283094435e+01
1.975375375375403308e+01 1.160159675812969837e+01
1.977977977978006052e+01 1.159822709877471603e+01
1.980580580580608796e+01 1.159484449706305575e+01
1.983183183183211540e+01 1.159144882383777819e+01
1.985785785785813928e+01 1.158803994846727647e+01
1.988388388388416672e+01 1.158461773882408785e+01
1.990990990991019416e+01 1.158118206126316707e+01
1.993593593593622160e+01 1.157773278059962330e+01
1.996196196196224903e+01 1.157426976008586550e+01
1.998798798798827292e+01 1.157079286138816165e+01
2.001401401401430036e+01 1.156730194456258509e+01
2.004004004004032780e+01 1.156379686803030893e+01
2.006606606606635523e+01 1.156027748855223258e+01
2.009209209209238267e+01 1.155674366120292973e+01
2.011811811811840656e+01 1.155319523934386439e+01
2.014414414414443399e+01 1.154963207459586627e+01
2.017017017017046143e+01 1.154605401681083521e+01
2.019619619619648887e+01 1.154246091404263908e+01
2.022222222222251631e+01 1.153885261251717509e+01
2.024824824824854019e+01 1.153522895660157488e+01
2.027427427427456763e+01 1.153158978877250185e+01
2.030030030030059507e+01 1.152793494958352660e+01
2.032632632632662251e+01 1.152426427763152894e+01
2.035235235235264994e+01 1.152057760952210153e+01
2.037837837837867383e+01 1.151687477983391616e+01
2.040440440440470127e+01 1.151315562108200652e+01
2.043043043043072871e+01 1.150941996367994058e+01
2.045645645645675614e+01 1.150566763590082964e+01
2.048248248248278358e+01 1.150189846383713643e+01
2.050850850850880747e+01 1.149811227135924163e+01
2.053453453453483490e+01 1.149430888007271889e+01
2.056056056056086234e+01 1.149048810927426167e+01
2.058658658658688978e+01 1.148664977590625469e+01
2.061261261261291367e+01 1.148279369450987097e+01
2.063863863863894110e+01 1.147891967717670703e+01
2.066466466466496854e+01 1.147502753349887605e+01
2.069069069069099598e+01 1.147111707051749541e+01
2.071671671671702342e+01 1.146718809266952377e+01
2.074274274274304730e+01 1.146324040173290548e+01
2.076876876876907474e+01 1.145927379676991187e+01
2.079479479479510218e+01 1.145528807406867955e+01
2.082082082082112962e+01 1.145128302708282853e+01
2.084684684684715705e+01 1.144725844636912626e+01
2.087287287287318094e+01 1.144321411952311784e+01
2.089889889889920838e+01 1.143914983111264760e+01
2.092492492492523581e+01 1.143506536260920292e+01
2.095095095095126325e+01 1.143096049231701272e+01
2.097697697697729069e+01 1.142683499529979763e+01
2.100300300300331457e+01 1.142268864330512734e+01
2.102902902902934201e+01 1.141852120468626985e+01
2.105505505505536945e+01 1.141433244432146488e+01
2.108108108108139689e+01 1.141012212353052035e+01
2.110710710710742433e+01 1.140588999998865916e+01
2.113313313313344821e+01 1.140163582763749339e+01
2.115915915915947565e+01 1.139735935659305710e+01
2.118518518518550309e+01 1.139306033305077648e+01
2.121121121121153053e+01 1.138873849918727288e+01
2.123723723723755796e+01 1.138439359305891152e+01
2.126326326326358185e+01 1.138002534849695735e+01
2.128928928928960929e+01 1.137563349499923326e+01
2.131531531531563672e+01 1.137121775761816345e+01
2.134134134134166416e+01 1.136677785684508102e+01
2.136736736736769160e+01 1.136231257616012158e+01
2.139339339339371548e+01 1.135782248117342519e+01
2.141941941941974292e+01 1.135330730347848949e+01
2.144544544544577036e+01 1.134876674268962660e+01
2.147147147147179780e+01 1.134420049319026802e+01
2.149749749749782524e+01 1.133960824399104439e+01
2.152352352352384912e+01 1.133498967858313122e+01
2.154954954954987656e+01 1.133034447478662088e+01
2.157557557557590400e+01 1.132567230459377505e+01
2.160160160160193143e+01 1.132097283400699617e+01
2.162762762762795887e+01 1.131624572287128849e+01
2.165365365365398276e+01 1.131149062470105804e+01
2.167967967968001020e+01 1.130670718650100959e+01
2.170570570570603763e+01 1.130189504858095439e+01
2.173173173173206507e+01 1.129705384436431181e+01
2.175775775775809251e+01 1.129218320019004551e+01
2.178378378378411639e+01 1.128728273510783708e+01
2.180980980981014383e+01 1.128235206066622176e+01
2.183583583583617127e+01 1.127739078069342682e+01
2.186186186186219871e+01 1.127239849107065872e+01
2.188788788788822615e+01 1.126737477949755650e+01
2.191391391391425003e+01 1.126231922524948814e+01
2.193993993994027747e+01 1.125723139892642877e+01
2.196596596596630491e+01 1.125211086219305834e+01
2.199199199199233234e+01 1.124695716750977148e+01
2.201801801801835978e+01 1.124176985785423000e+01
2.204404404404438367e+01 1.123654846643311522e+01
2.207007007007041111e+01 1.123129251638366455e+01
2.209609609609643854e+01 1.122600152046461197e+01
2.212212212212246598e+01 1.122067498073612590e+01
2.214814814814849342e+01 1.121531238822825571e+01
2.217417417417451730e+01 1.120991322259747847e+01
2.220020020020054474e+01 1.120447695177083425e+01
2.222622622622657218e+01 1.119900303157713850e+01
2.225225225225259962e+01 1.119349090536475977e+01
2.227827827827862706e+01 1.118794000360538021e+01
2.230430430430465094e+01 1.118234974348316868e+01
2.233033033033067838e+01 1.117671952846874817e+01
2.235635635635670582e+01 1.117104874787729152e+01
2.238238238238273325e+01 1.116533677641009703e+01
2.240840840840876069e+01 1.115958297367889429e+01
2.243443443443478458e+01 1.115378668371213600e+01
2.246046046046081202e+01 1.114794723444251723e+01
2.248648648648683945e+01 1.114206393717481092e+01
2.251251251251286689e+01 1.113613608603323080e+01
2.253853853853889433e+01 1.113016295738732175e+01
2.256456456456491821e+01 1.112414380925543966e+01
2.259059059059094565e+01 1.111807788068477443e+01
2.261661661661697309e+01 1.111196439110685041e+01
2.264264264264300053e+01 1.110580253966731767e+01
2.266866866866902797e+01 1.109959150452887577e+01
2.269469469469505185e+01 1.109333044214600150e+01
2.272072072072107929e+01 1.108701848651016597e+01
2.274674674674710673e+01 1.108065474836410225e+01
2.277277277277313416e+01 1.107423831438360118e+01
2.279879879879916160e+01 1.106776824632526512e+01
2.282482482482518549e+01 1.106124358013850717e+01
2.285085085085121293e+01 1.105466332504000526e+01
2.287687687687724036e+01 1.104802646254875853e+01
2.290290290290326780e+01 1.104133194547967634e+01
2.292892892892929524e+01 1.103457869689361281e+01
2.295495495495531912e+01 1.102776560900159630e+01
2.298098098098134656e+01 1.102089154202082177e+01
2.300700700700737400e+01 1.101395532297990343e+01
2.303303303303340144e+01 1.100695574447067493e+01
2.305905905905942888e+01 1.099989156334365781e+01
2.308508508508545276e+01 1.099276149934416580e+01
2.311111111111148020e+01 1.098556423368581569e+01
2.313713713713750764e+01 1.097829840148655833e+01
2.316316316316353507e+01 1.097096177162508113e+01
2.318918918918956251e+01 1.096355368607029668e+01
2.321521521521558640e+01 1.095607265435787703e+01
2.324124124124161384e+01 1.094851713921903169e+01
2.326726726726764127e+01 1.094088555469403268e+01
2.329329329329366871e+01 1.093317626415349508e+01
2.331931931931969260e+01 1.092538757822201312e+01
2.334534534534572003e+01 1.091751775259829493e+01
2.337137137137174747e+01 1.090956498576570866e+01
2.339739739739777491e+01 1.090152741658651614e+01
2.342342342342380235e+01 1.089340312177275827e+01
2.344944944944982623e+01 1.088519011322620678e+01
2.347547547547585367e+01 1.087688633523918291e+01
2.350150150150188111e+01 1.086848966154756013e+01
2.352752752752790855e+01 1.085999789222655743e+01
2.355355355355393598e+01 1.085140875041925668e+01
2.357957957957995987e+01 1.084271987888699762e+01
2.360560560560598731e+01 1.083392883637005433e+01
2.363163163163201475e+01 1.082503309374599709e+01
2.365765765765804218e+01 1.081603002997232643e+01
2.368368368368406962e+01 1.080691692779873492e+01
2.370970970971009351e+01 1.079769096923336136e+01
2.373573573573612094e+01 1.078834923074607488e+01
2.376176176176214838e+01 1.077888867819047114e+01
2.378778778778817582e+01 1.076930616142475650e+01
2.381381381381420326e+01 1.075959840861014172e+01
2.383983983984022714e+01 1.074976202016345894e+01
2.386586586586625458e+01 1.073979346233889487e+01
2.389189189189228202e+01 1.072968906041147186e+01
2.391791791791830946e+01 1.071944499143265439e+01
2.394394394394433689e+01 1.070905727652579387e+01
2.396996996997036078e+01 1.069852177268636417e+01
2.399599599599638822e+01 1.068783416404868980e+01
2.402202202202241565e+01 1.067698995257759265e+01
2.404804804804844309e+01 1.066598444813937263e+01
2.407407407407447053e+01 1.065481275790249782e+01
2.410010010010049442e+01 1.064346977501364222e+01
2.412612612612652185e+01 1.063195016648954727e+01
2.415215215215254929e+01 1.062024836025950059e+01
2.417817817817857673e+01 1.060835853128688377e+01
2.420420420420460417e+01 1.059627458669112698e+01
2.423023023023062805e+01 1.058399014978361130e+01
2.425625625625665549e+01 1.057149854292228497e+01
2.428228228228268293e+01 1.055879276907995568e+01
2.430830830830871037e+01 1.054586549201034806e+01
2.433433433433473780e+01 1.053270901488372502e+01
2.436036036036076169e+01 1.051931525725020045e+01
2.438638638638678913e+01 1.050567573017345069e+01
2.441241241241281656e+01 1.049178150936021758e+01
2.443843843843884400e+01 1.047762320609149000e+01
2.446446446446487144e+01 1.046319093573924519e+01
2.449049049049089533e+01 1.044847428362773556e+01
2.451651651651692276e+01 1.043346226797020471e+01
2.454254254254295020e+01 1.041814329957986196e+01
2.456856856856897764e+01 1.040250513801777288e+01
2.459459459459500508e+01 1.038653484379896241e+01
2.462062062062102896e+01 1.037021872623083318e+01
2.464664664664705640e+01 1.035354228640426477e+01
2.467267267267308384e+01 1.033649015479596933e+01
2.469869869869911128e+01 1.031904602286991413e+01
2.472472472472513871e+01 1.030119256798425376e+01
2.475075075075116260e+01 1.028291137081623141e+01
2.477677677677719004e+01 1.026418282440910623e+01
2.480280280280321747e+01 1.024498603381961637e+01
2.482882882882924491e+01 1.022529870519842277e+01
2.485485485485527235e+01 1.020509702296642374e+01
2.488088088088129624e+01 1.018435551355148760e+01
2.490690690690732367e+01 1.016304689391836646e+01
2.493293293293335111e+01 1.014114184644643579e+01
2.495895895895937855e+01 1.011860767999026933e+01
2.498498498498540599e+01 1.009541174170912115e+01
2.501101101101142987e+01 1.007151759874491859e+01
2.503703703703745731e+01 1.004688593804801400e+01
2.506306306306348475e+01 1.002147426717457712e+01
nan nan
nan nan
nan nan
nan nan
nan nan
nan nan
nan nan
nan nan
nan nan
nan nan
nan nan
nan nan
nan nan
nan nan
nan nan
nan nan
nan nan
nan nan
nan nan
nan nan
nan nan
nan nan
nan nan
nan nan
nan nan
nan nan
nan nan
nan nan
nan nan
nan nan
nan nan
nan nan
nan nan
nan nan
nan nan
nan nan
