0.000000000000000000e+00 1.323300494515798320e+01
2.602602602602602580e-02 1.316029055794902725e+01
5.205205205205205160e-02 1.315714764259820058e+01
7.807807807807808087e-02 1.315400567224914852e+01
1.041041041041041032e-01 1.315091503599461653e+01
1.301301301301301117e-01 1.314806821645208323e+01
1.561561561561561340e-01 1.314535285269538889e+01
1.821821821821821563e-01 1.314273127630188753e+01
2.082082082082081509e-01 1.314008107019265736e+01
2.342342342342341732e-01 1.313751449747163846e+01
2.602602602602601678e-01 1.313503149930424030e+01
2.862862862862862179e-01 1.313263201705185423e+01
3.123123123123122125e-01 1.313031599227270085e+01
3.383383383383382070e-01 1.312808336672267551e+01
3.643643643643642571e-01 1.312588135519904498e+01
3.903903903903902517e-01 1.312365027764182202e+01
4.164164164164162463e-01 1.312146413663585953e+01
4.424424424424422964e-01 1.311932290201430007e+01
4.684684684684682909e-01 1.311722654370920793e+01
4.944944944944942855e-01 1.311517503175203636e+01
5.205205205205203356e-01 1.311316833627411071e+01
5.465465465465464412e-01 1.311117434585506203e+01
5.725725725725725468e-01 1.310917777328674205e+01
5.985985985985985414e-01 1.310719738741883056e+01
6.246246246246246470e-01 1.310522976893558322e+01
6.506506506506507526e-01 1.310327150164188126e+01
6.766766766766767471e-01 1.310131917244864219e+01
7.027027027027028527e-01 1.309936937135815960e+01
7.287287287287289583e-01 1.309746822603486827e+01
7.547547547547549529e-01 1.309559782320611809e+01
7.807807807807810585e-01 1.309373636180110090e+01
8.068068068068071641e-01 1.309188153658288201e+01
8.328328328328331587e-01 1.309003104433664433e+01
8.588588588588592643e-01 1.308818258385994149e+01
8.848848848848853699e-01 1.308633385595289944e+01
9.109109109109113644e-01 1.308448256340835236e+01
9.369369369369374700e-01 1.308262641100193768e+01
9.629629629629635756e-01 1.308076310548212184e+01
9.889889889889894592e-01 1.307889035556017099e+01
1.015015015015015454e+00 1.307700587190006836e+01
1.041041041041041559e+00 1.307510736710836774e+01
1.067067067067067665e+00 1.307321959721148019e+01
1.093093093093093771e+00 1.307138911115750801e+01
1.119119119119119876e+00 1.306955903709536138e+01
1.145145145145145982e+00 1.306772853228520326e+01
1.171171171171171865e+00 1.306589675463658828e+01
1.197197197197197971e+00 1.306406286270508765e+01
1.223223223223224077e+00 1.306222601568891761e+01
1.249249249249250182e+00 1.306038537342551464e+01
1.275275275275276288e+00 1.305854009638811419e+01
1.301301301301302393e+00 1.305668934568228501e+01
1.327327327327328277e+00 1.305483228304245635e+01
1.353353353353354382e+00 1.305296807082840260e+01
1.379379379379380488e+00 1.305109587202172605e+01
1.405405405405406594e+00 1.304921485022229000e+01
1.431431431431432699e+00 1.304736976664281656e+01
1.457457457457458805e+00 1.304552920912150249e+01
1.483483483483484688e+00 1.304368893811732555e+01
1.509509509509510794e+00 1.304184887321368613e+01
1.535535535535536900e+00 1.304000893400998073e+01
1.561561561561563005e+00 1.303816904012150601e+01
1.587587587587589111e+00 1.303632911117938065e+01
1.613613613613615216e+00 1.303448906683043695e+01
1.639639639639641100e+00 1.303264882673712854e+01
1.665665665665667206e+00 1.303080831057743261e+01
1.691691691691693311e+00 1.302896743804473800e+01
1.717717717717719417e+00 1.302712612884774757e+01
1.743743743743745522e+00 1.302528430271035553e+01
1.769769769769771628e+00 1.302344535506476753e+01
1.795795795795797511e+00 1.302161004634112196e+01
1.821821821821823617e+00 1.301977540910027997e+01
1.847847847847849723e+00 1.301794144175368828e+01
1.873873873873875828e+00 1.301610814271064775e+01
1.899899899899901934e+00 1.301427551037831165e+01
1.925925925925927817e+00 1.301244354316165897e+01
1.951951951951953923e+00 1.301061223946349976e+01
1.977977977977979807e+00 1.300878159768445741e+01
2.004004004004005690e+00 1.300695161622295259e+01
2.030030030030031352e+00 1.300512229347520687e+01
2.056056056056057457e+00 1.300329362783521248e+01
2.082082082082083119e+00 1.300146561769473763e+01
2.108108108108109224e+00 1.299963654610467501e+01
2.134134134134134886e+00 1.299779532478439137e+01
2.160160160160160991e+00 1.299595421946613705e+01
2.186186186186186653e+00 1.299411322885386255e+01
2.212212212212212314e+00 1.299227235164735106e+01
2.238238238238238420e+00 1.299043158654220065e+01
2.264264264264264082e+00 1.298859093222979766e+01
2.290290290290290187e+00 1.298675038739730248e+01
2.316316316316315849e+00 1.298490995072762288e+01
2.342342342342341954e+00 1.298306962089939454e+01
2.368368368368367616e+00 1.298122939658696318e+01
2.394394394394393277e+00 1.297938927646035623e+01
2.420420420420419383e+00 1.297754925918526858e+01
2.446446446446445044e+00 1.297570934342303595e+01
2.472472472472471150e+00 1.297386952783061886e+01
2.498498498498496811e+00 1.297202981106057074e+01
2.524524524524522917e+00 1.297019019176102717e+01
2.550550550550548579e+00 1.296835066857567931e+01
2.576576576576574240e+00 1.296651124014374723e+01
2.602602602602600346e+00 1.296467190509996570e+01
2.628628628628626007e+00 1.296283266207455753e+01
2.654654654654652113e+00 1.296099350969320696e+01
2.680680680680677774e+00 1.295915444657704541e+01
2.706706706706703436e+00 1.295731547134262307e+01
2.732732732732729541e+00 1.295547658260188584e+01
2.758758758758755203e+00 1.295363777896215929e+01
2.784784784784781309e+00 1.295179905902611139e+01
2.810810810810806970e+00 1.294996042139174364e+01
2.836836836836833076e+00 1.294812186465235726e+01
2.862862862862858737e+00 1.294628338739654261e+01
2.888888888888884399e+00 1.294444498820813472e+01
2.914914914914910504e+00 1.294260666566620799e+01
2.940940940940936166e+00 1.294076841834504776e+01
2.966966966966962271e+00 1.293893024481412013e+01
2.992992992992987933e+00 1.293709214363804882e+01
3.019019019019014038e+00 1.293525411337660103e+01
3.045045045045039700e+00 1.293341615258464827e+01
3.071071071071065361e+00 1.293157825981215403e+01
3.097097097097091467e+00 1.292974043360413816e+01
3.123123123123117129e+00 1.292790267250066449e+01
3.149149149149143234e+00 1.292606497503680174e+01
3.175175175175168896e+00 1.292422733974260751e+01
3.201201201201195001e+00 1.292238976514309812e+01
3.227227227227220663e+00 1.292055224975823258e+01
3.253253253253246324e+00 1.291871479210287177e+01
3.279279279279272430e+00 1.291687739068676599e+01
3.305305305305298091e+00 1.291504004401451589e+01
3.331331331331324197e+00 1.291320275058556177e+01
3.357357357357349859e+00 1.291136550889414636e+01
3.383383383383375964e+00 1.290952831742928986e+01
3.409409409409401626e+00 1.290769117467477045e+01
3.435435435435427287e+00 1.290585407910908344e+01
3.461461461461453393e+00 1.290401702920543059e+01
3.487487487487479054e+00 1.290217211630614003e+01
3.513513513513505160e+00 1.290032330695841090e+01
3.539539539539530821e+00 1.289847411032909008e+01
3.565565565565556927e+00 1.289662452506198065e+01
3.591591591591582588e+00 1.289477454979373938e+01
3.617617617617608250e+00 1.289292418315384836e+01
3.643643643643634356e+00 1.289107342376456522e+01
3.669669669669660017e+00 1.288922227024089295e+01
3.695695695695686123e+00 1.288737072119053195e+01
3.721721721721711784e+00 1.288551877521384270e+01
3.747747747747737446e+00 1.288366643090380492e+01
3.773773773773763551e+00 1.288181368684597494e+01
3.799799799799789213e+00 1.287996054161844839e+01
3.825825825825815318e+00 1.287810699379181045e+01
3.851851851851840980e+00 1.287625304192910569e+01
3.877877877877867085e+00 1.287439868458578474e+01
3.903903903903892747e+00 1.287254392030966876e+01
3.929929929929918853e+00 1.287068874764090332e+01
3.955955955955944958e+00 1.286883316511191211e+01
3.981981981981970620e+00 1.286697717124736684e+01
4.008008008007996281e+00 1.286512076456412501e+01
4.034034034034022831e+00 1.286326394357120151e+01
4.060060060060048492e+00 1.286140670676971354e+01
4.086086086086074154e+00 1.285954905265284154e+01
4.112112112112099815e+00 1.285769097970578478e+01
4.138138138138125477e+00 1.285583248640571341e+01
4.164164164164152027e+00 1.285397357122172046e+01
4.190190190190177688e+00 1.285211423261478458e+01
4.216216216216203350e+00 1.285025446903771495e+01
4.242242242242229011e+00 1.284839427893511044e+01
4.268268268268254673e+00 1.284653366074330805e+01
4.294294294294281222e+00 1.284467261289033679e+01
4.320320320320306884e+00 1.284281113379587680e+01
4.346346346346332545e+00 1.284094922187120247e+01
4.372372372372358207e+00 1.283908687551913630e+01
4.398398398398384757e+00 1.283722409313400803e+01
4.424424424424410418e+00 1.283536087310159068e+01
4.450450450450436080e+00 1.283349721379906683e+01
4.476476476476461741e+00 1.283163311359497172e+01
4.502502502502487403e+00 1.282976857084914002e+01
4.528528528528513952e+00 1.282790358391266317e+01
4.554554554554539614e+00 1.282603815112783430e+01
4.580580580580565275e+00 1.282417227082809497e+01
4.606606606606590937e+00 1.282230594133799251e+01
4.632632632632616598e+00 1.282043916097311431e+01
4.658658658658643148e+00 1.281857192804005052e+01
4.684684684684668809e+00 1.281670424083633364e+01
4.710710710710694471e+00 1.281483609765038167e+01
4.736736736736720133e+00 1.281296749676145552e+01
4.762762762762746682e+00 1.281109843643959856e+01
4.788788788788772344e+00 1.280922891494558336e+01
4.814814814814798005e+00 1.280735893053085661e+01
4.840840840840823667e+00 1.280548789161843359e+01
4.866866866866849328e+00 1.280361462092455760e+01
4.892892892892875878e+00 1.280174079524708475e+01
4.918918918918901539e+00 1.279986641282479454e+01
4.944944944944927201e+00 1.279799147188645314e+01
4.970970970970952862e+00 1.279611597065073347e+01
4.996996996996978524e+00 1.279423990732617433e+01
5.023023023023005074e+00 1.279236328011110224e+01
5.049049049049030735e+00 1.279048608719358171e+01
5.075075075075056397e+00 1.278860832675134773e+01
5.101101101101082058e+00 1.278672999695174184e+01
5.127127127127107720e+00 1.278485109595165348e+01
5.153153153153134269e+00 1.278297162189745428e+01
5.179179179179159931e+00 1.278109157292493059e+01
5.205205205205185592e+00 1.277921094715922656e+01
5.231231231231211254e+00 1.277732974271477140e+01
5.257257257257237804e+00 1.277544795769522068e+01
5.283283283283263465e+00 1.277356559019338178e+01
5.309309309309289127e+00 1.277168263829115702e+01
5.335335335335314788e+00 1.276979910005946905e+01
5.361361361361340450e+00 1.276791497355820049e+01
5.387387387387366999e+00 1.276603025683611747e+01
5.413413413413392661e+00 1.276414494793080756e+01
5.439439439439418322e+00 1.276225904486861040e+01
5.465465465465443984e+00 1.276037254566454671e+01
5.491491491491469645e+00 1.275848544832224540e+01
5.517517517517496195e+00 1.275659775083387615e+01
5.543543543543521857e+00 1.275470945118008359e+01
5.569569569569547518e+00 1.275282054732990034e+01
5.595595595595573180e+00 1.275093103724069366e+01
5.621621621621599729e+00 1.274904091885807844e+01
5.647647647647625391e+00 1.274715019011585326e+01
5.673673673673651052e+00 1.274525884893591865e+01
5.699699699699676714e+00 1.274336689322820781e+01
5.725725725725702375e+00 1.274147432089061382e+01
5.751751751751728925e+00 1.273958112980890434e+01
5.777777777777754586e+00 1.273768731785665587e+01
5.803803803803780248e+00 1.273579288289517564e+01
5.829829829829805909e+00 1.273389782277341808e+01
5.855855855855831571e+00 1.273200213532791381e+01
5.881881881881858121e+00 1.273010581838268607e+01
5.907907907907883782e+00 1.272820886974917265e+01
5.933933933933909444e+00 1.272631128722615301e+01
5.959959959959935105e+00 1.272441306859965948e+01
5.985985985985960767e+00 1.272251421164290264e+01
6.012012012011987316e+00 1.272061471411618072e+01
6.038038038038012978e+00 1.271871457376680858e+01
6.064064064064038639e+00 1.271681378832903242e+01
6.090090090090064301e+00 1.271491235552393917e+01
6.116116116116090851e+00 1.271301027305938369e+01
6.142142142142116512e+00 1.271110753862989284e+01
6.168168168168142174e+00 1.270920414991658731e+01
6.194194194194167835e+00 1.270730010458709636e+01
6.220220220220193497e+00 1.270539466815023566e+01
6.246246246246220046e+00 1.270348840257797818e+01
6.272272272272245708e+00 1.270158146050231629e+01
6.298298298298271369e+00 1.269967383953805928e+01
6.324324324324297031e+00 1.269776553728598678e+01
6.350350350350322692e+00 1.269585655133275637e+01
6.376376376376349242e+00 1.269394687925081477e+01
6.402402402402374904e+00 1.269203651859830195e+01
6.428428428428400565e+00 1.269012546691896404e+01
6.454454454454426227e+00 1.268821372174205564e+01
6.480480480480452776e+00 1.268630128058224749e+01
6.506506506506478438e+00 1.268438814093953226e+01
6.532532532532504099e+00 1.268247430029912692e+01
6.558558558558529761e+00 1.268055975613137853e+01
6.584584584584555422e+00 1.267864450589166836e+01
6.610610610610581972e+00 1.267672854702030705e+01
6.636636636636607633e+00 1.267481187694244760e+01
6.662662662662633295e+00 1.267289449306797344e+01
6.688688688688658956e+00 1.267097639279141319e+01
6.714714714714684618e+00 1.266905757349181982e+01
6.740740740740711168e+00 1.266713803253269433e+01
6.766766766766736829e+00 1.266521776726185600e+01
6.792792792792762491e+00 1.266329677501136253e+01
6.818818818818788152e+00 1.266137505309739275e+01
6.844844844844814702e+00 1.265945259882014184e+01
6.870870870870840363e+00 1.265752940946373073e+01
6.896896896896866025e+00 1.265560548229607285e+01
6.922922922922891686e+00 1.265368081456879423e+01
6.948948948948917348e+00 1.265175540351710559e+01
6.974974974974943898e+00 1.264982924635970640e+01
7.001001001000969559e+00 1.264790234029866767e+01
7.027027027026995221e+00 1.264597468251932177e+01
7.053053053053020882e+00 1.264404627019015592e+01
7.079079079079046544e+00 1.264211710046269310e+01
7.105105105105073093e+00 1.264018717047138374e+01
7.131131131131098755e+00 1.263825647733348667e+01
7.157157157157124416e+00 1.263632501814896258e+01
7.183183183183150078e+00 1.263439279000034787e+01
7.209209209209175739e+00 1.263245978995264451e+01
7.235235235235202289e+00 1.263052601505319927e+01
7.261261261261227951e+00 1.262859146233158647e+01
7.287287287287253612e+00 1.262665612879948718e+01
7.313313313313279274e+00 1.262472001145057021e+01
7.339339339339305823e+00 1.262278310726036601e+01
7.365365365365331485e+00 1.262084541318615294e+01
7.391391391391357146e+00 1.261890692616682230e+01
7.417417417417382808e+00 1.261696764312276287e+01
7.443443443443408469e+00 1.261502756095573297e+01
7.469469469469435019e+00 1.261308667654873261e+01
7.495495495495460681e+00 1.261114498676587736e+01
7.521521521521486342e+00 1.260920248845226865e+01
7.547547547547512004e+00 1.260725917843386412e+01
7.573573573573537665e+00 1.260531505351734971e+01
7.599599599599564215e+00 1.260337011049000822e+01
7.625625625625589876e+00 1.260142434611957718e+01
7.651651651651615538e+00 1.259947775715413343e+01
7.677677677677641199e+00 1.259753034032194030e+01
7.703703703703667749e+00 1.259558209233132153e+01
7.729729729729693410e+00 1.259363300987052270e+01
7.755755755755719072e+00 1.259168308960757265e+01
7.781781781781744733e+00 1.258973232819014676e+01
7.807807807807770395e+00 1.258778072224541944e+01
7.833833833833796945e+00 1.258582826837993451e+01
7.859859859859822606e+00 1.258387496317944887e+01
7.885885885885849156e+00 1.258192080320880635e+01
7.911911911911875706e+00 1.257996578501177254e+01
7.937937937937902255e+00 1.257800990511090866e+01
7.963963963963929693e+00 1.257605316000741169e+01
7.989989989989956243e+00 1.257409554618096692e+01
8.016016016015981904e+00 1.257213706008960585e+01
8.042042042042009342e+00 1.257017769816955166e+01
8.068068068068036780e+00 1.256821745683506641e+01
8.094094094094062442e+00 1.256625633247829654e+01
8.120120120120089879e+00 1.256429432146912362e+01
8.146146146146115541e+00 1.256233142015500626e+01
8.172172172172142979e+00 1.256036762486082381e+01
8.198198198198170417e+00 1.255840293188871470e+01
8.224224224224196078e+00 1.255643733751792723e+01
8.250250250250223516e+00 1.255447083800464547e+01
8.276276276276249177e+00 1.255250342958183829e+01
8.302302302302276615e+00 1.255053510845909237e+01
8.328328328328304053e+00 1.254856587082244879e+01
8.354354354354329715e+00 1.254659571283423247e+01
8.380380380380357153e+00 1.254462463063289590e+01
8.406406406406382814e+00 1.254265262033283612e+01
8.432432432432410252e+00 1.254067967802423844e+01
8.458458458458437690e+00 1.253870579977289879e+01
8.484484484484463351e+00 1.253673098162005317e+01
8.510510510510490789e+00 1.253475521958219829e+01
8.536536536536516451e+00 1.253277850965092277e+01
8.562562562562543889e+00 1.253080084779273484e+01
8.588588588588571326e+00 1.252882222994886874e+01
8.614614614614596988e+00 1.252684265203511771e+01
8.640640640640624426e+00 1.252486210994165283e+01
8.666666666666650087e+00 1.252288059953283295e+01
8.692692692692677525e+00 1.252089811664702701e+01
8.718718718718704963e+00 1.251891465709642581e+01
8.744744744744730625e+00 1.251693021666685546e+01
8.770770770770758062e+00 1.251494479111759262e+01
8.796796796796783724e+00 1.251295837618116735e+01
8.822822822822811162e+00 1.251097096756317661e+01
8.848848848848838600e+00 1.250898256094209238e+01
8.874874874874864261e+00 1.250699315196906092e+01
8.900900900900891699e+00 1.250500273626771630e+01
8.926926926926917361e+00 1.250301130943397077e+01
8.952952952952944798e+00 1.250101886703582288e+01
8.978978978978972236e+00 1.249902540461315681e+01
9.005005005004997898e+00 1.249703091767753804e+01
9.031031031031025336e+00 1.249503540171200378e+01
9.057057057057050997e+00 1.249303885217086929e+01
9.083083083083078435e+00 1.249104126447950769e+01
9.109109109109105873e+00 1.248904263403414916e+01
9.135135135135131534e+00 1.248704295620166604e+01
9.161161161161158972e+00 1.248504222631935789e+01
9.187187187187184634e+00 1.248304043969474364e+01
9.213213213213212072e+00 1.248103759160534132e+01
9.239239239239237733e+00 1.247903367729844959e+01
9.265265265265265171e+00 1.247702869199092923e+01
9.291291291291292609e+00 1.247502263086897933e+01
9.317317317317318270e+00 1.247301548908792057e+01
9.343343343343345708e+00 1.247100726177196250e+01
9.369369369369371370e+00 1.246899794401397799e+01
9.395395395395398808e+00 1.246698753087527933e+01
9.421421421421426246e+00 1.246497601738538208e+01
9.447447447447451907e+00 1.246296339854177759e+01
9.473473473473479345e+00 1.246094966930969328e+01
9.499499499499505006e+00 1.245893482462185631e+01
9.525525525525532444e+00 1.245691885937826271e+01
9.551551551551559882e+00 1.245490176844592867e+01
9.577577577577585544e+00 1.245288354665865427e+01
9.603603603603612981e+00 1.245086418881677304e+01
9.629629629629638643e+00 1.244884368968691390e+01
9.655655655655666081e+00 1.244682204400174541e+01
9.681681681681693519e+00 1.244479924645973057e+01
9.707707707707719180e+00 1.244277529172487284e+01
9.733733733733746618e+00 1.244074889358021352e+01
9.759759759759772280e+00 1.243871930445996909e+01
9.785785785785799717e+00 1.243668849319813141e+01
9.811811811811827155e+00 1.243465645428535105e+01
9.837837837837852817e+00 1.243262318217578510e+01
9.863863863863880255e+00 1.243058867128682010e+01
9.889889889889905916e+00 1.242855291599880196e+01
9.915915915915933354e+00 1.242651591065475358e+01
9.941941941941960792e+00 1.242447764956010126e+01
9.967967967967986453e+00 1.242243812698238692e+01
9.993993993994013891e+00 1.242039733715099636e+01
1.002002002002003955e+01 1.241835527425686081e+01
1.004604604604606699e+01 1.241631193245217801e+01
1.007207207207209443e+01 1.241426730585011740e+01
1.009809809809812009e+01 1.241222138852452694e+01
1.012412412412414753e+01 1.241017417450964189e+01
1.015015015015017319e+01 1.240812565779978449e+01
1.017617617617620063e+01 1.240607583234906031e+01
1.020220220220222807e+01 1.240402469207106506e+01
1.022822822822825373e+01 1.240197223083857025e+01
1.025425425425428116e+01 1.239991844248321939e+01
1.028028028028030683e+01 1.239786332079521891e+01
1.030630630630633426e+01 1.239580685952302552e+01
1.033233233233236170e+01 1.239374905237302826e+01
1.035835835835838736e+01 1.239168989300923052e+01
1.038438438438441480e+01 1.238962937505293382e+01
1.041041041041044046e+01 1.238756749208241459e+01
1.043643643643646790e+01 1.238550423763259367e+01
1.046246246246249534e+01 1.238343960519470777e+01
1.048848848848852100e+01 1.238137358821598610e+01
1.051451451451454844e+01 1.237930618009930939e+01
1.054054054054057410e+01 1.237723737420287407e+01
1.056656656656660154e+01 1.237516716383985660e+01
1.059259259259262720e+01 1.237309554227806885e+01
1.061861861861865464e+01 1.237102250273961346e+01
1.064464464464468207e+01 1.236894803840053569e+01
1.067067067067070774e+01 1.236687214239047172e+01
1.069669669669673517e+01 1.236479480779229867e+01
1.072272272272276084e+01 1.236271602764177580e+01
1.074874874874878827e+01 1.236063579492718745e+01
1.077477477477481571e+01 1.235855410258897358e+01
1.080080080080084137e+01 1.235647094351937803e+01
1.082682682682686881e+01 1.235438631056206482e+01
1.085285285285289447e+01 1.235230019651175581e+01
1.087887887887892191e+01 1.235021259411386119e+01
1.090490490490494935e+01 1.234812349606408688e+01
1.093093093093097501e+01 1.234603289500806689e+01
1.095695695695700245e+01 1.234394078354097957e+01
1.098298298298302811e+01 1.234184715420715328e+01
1.100900900900905555e+01 1.233975199949967916e+01
1.103503503503508298e+01 1.233765531186002384e+01
1.106106106106110865e+01 1.233555708367762804e+01
1.108708708708713608e+01 1.233345730728950684e+01
1.111311311311316175e+01 1.233135597497984648e+01
1.113913913913918918e+01 1.232925307897960643e+01
1.116516516516521662e+01 1.232714861146609309e+01
1.119119119119124228e+01 1.232504256456257075e+01
1.121721721721726972e+01 1.232293493033782106e+01
1.124324324324329538e+01 1.232082570080574158e+01
1.126926926926932282e+01 1.231871486792491410e+01
1.129529529529535026e+01 1.231660242359818191e+01
1.132132132132137592e+01 1.231448835967221989e+01
1.134734734734740336e+01 1.231237266793709750e+01
1.137337337337342902e+01 1.231025534012584544e+01
1.139939939939945646e+01 1.230813636791402033e+01
1.142542542542548389e+01 1.230601574291924649e+01
1.145145145145150956e+01 1.230389345670078427e+01
1.147747747747753699e+01 1.230176950075906817e+01
1.150350350350356265e+01 1.229964386653526098e+01
1.152952952952959009e+01 1.229751654541078487e+01
1.155555555555561753e+01 1.229538752870686835e+01
1.158158158158164319e+01 1.229325680768407736e+01
1.160760760760767063e+01 1.229112437354184273e+01
1.163363363363369629e+01 1.228899021741799125e+01
1.165965965965972373e+01 1.228685433038826602e+01
1.168568568568575117e+01 1.228471670346584510e+01
1.171171171171177683e+01 1.228257732760086363e+01
1.173773773773780427e+01 1.228043619367990935e+01
1.176376376376382993e+01 1.227829329252554835e+01
1.178978978978985737e+01 1.227614861489581166e+01
1.181581581581588480e+01 1.227400215148370677e+01
1.184184184184191047e+01 1.227185389291671136e+01
1.186786786786793790e+01 1.226970382975625462e+01
1.189389389389396356e+01 1.226755195249721453e+01
1.191991991991999100e+01 1.226539825156740093e+01
1.194594594594601666e+01 1.226324271732702975e+01
1.197197197197204410e+01 1.226108534006819539e+01
1.199799799799807154e+01 1.225892611001435206e+01
1.202402402402409720e+01 1.225676501731976842e+01
1.205005005005012464e+01 1.225460205206899644e+01
1.207607607607615030e+01 1.225243720427632965e+01
1.210210210210217774e+01 1.225027046388524887e+01
1.212812812812820518e+01 1.224810182076788578e+01
1.215415415415423084e+01 1.224593126472445093e+01
1.218018018018025828e+01 1.224375878548268481e+01
1.220620620620628394e+01 1.224158437269729305e+01
1.223223223223231138e+01 1.223940801594937433e+01
1.225825825825833881e+01 1.223722970474585026e+01
1.228428428428436447e+01 1.223504942851888622e+01
1.231031031031039191e+01 1.223286717662530876e+01
1.233633633633641757e+01 1.223068293834602294e+01
1.236236236236244501e+01 1.222849670288541191e+01
1.238838838838847245e+01 1.222630845937075605e+01
1.241441441441449811e+01 1.222411819685161483e+01
1.244044044044052555e+01 1.222192590429923520e+01
1.246646646646655121e+01 1.221973157060593529e+01
1.249249249249257865e+01 1.221753518458448973e+01
1.251851851851860609e+01 1.221533673496751149e+01
1.254454454454463175e+01 1.221313621040682307e+01
1.257057057057065919e+01 1.221093359947283830e+01
1.259659659659668485e+01 1.220872889065391220e+01
1.262262262262271229e+01 1.220652207235571396e+01
1.264864864864873972e+01 1.220431313290057851e+01
1.267467467467476538e+01 1.220210206052685464e+01
1.270070070070079282e+01 1.219988884338825663e+01
1.272672672672681848e+01 1.219767346955319809e+01
1.275275275275284592e+01 1.219545592700413117e+01
1.277877877877887336e+01 1.219323620363688043e+01
1.280480480480489902e+01 1.219101428725995895e+01
1.283083083083092646e+01 1.218879016559389683e+01
1.285685685685695212e+01 1.218656382627054846e+01
1.288288288288297956e+01 1.218433525683241037e+01
1.290890890890900700e+01 1.218210444473191600e+01
1.293493493493503266e+01 1.217987137733074476e+01
1.296096096096106010e+01 1.217763604189910254e+01
1.298698698698708576e+01 1.217539842561502184e+01
1.301301301301311319e+01 1.217315851556363704e+01
1.303903903903914063e+01 1.217091629873646497e+01
1.306506506506516629e+01 1.216867176203067302e+01
1.309109109109119373e+01 1.216642489224834556e+01
1.311711711711721939e+01 1.216417567609574668e+01
1.314314314314324683e+01 1.216192410018257064e+01
1.316916916916927427e+01 1.215967015102119930e+01
1.319519519519529993e+01 1.215741381502593299e+01
1.322122122122132737e+01 1.215515507851223553e+01
1.324724724724735303e+01 1.215289392769596333e+01
1.327327327327338047e+01 1.215062719251369572e+01
1.329929929929940613e+01 1.214835780627902118e+01
1.332532532532543357e+01 1.214608588702383507e+01
1.335135135135146101e+01 1.214381141985957413e+01
1.337737737737748667e+01 1.214153438979038135e+01
1.340340340340351410e+01 1.213925478171222672e+01
1.342942942942953977e+01 1.213697258041205806e+01
1.345545545545556720e+01 1.213468777056690939e+01
1.348148148148159464e+01 1.213240033674303220e+01
1.350750750750762030e+01 1.213011026339499665e+01
1.353353353353364774e+01 1.212781753486480341e+01
1.355955955955967340e+01 1.212552213538097767e+01
1.358558558558570084e+01 1.212322404905765438e+01
1.361161161161172828e+01 1.212092325989366692e+01
1.363763763763775394e+01 1.211861975177162520e+01
1.366366366366378138e+01 1.211631350845697419e+01
1.368968968968980704e+01 1.211400451359706132e+01
1.371571571571583448e+01 1.211169275072018792e+01
1.374174174174186192e+01 1.210937820323466063e+01
1.376776776776788758e+01 1.210706085442781443e+01
1.379379379379391501e+01 1.210474068746506759e+01
1.381981981981994068e+01 1.210241768538891804e+01
1.384584584584596811e+01 1.210009183111798237e+01
1.387187187187199555e+01 1.209776310744598682e+01
1.389789789789802121e+01 1.209543149704077436e+01
1.392392392392404865e+01 1.209309698244329923e+01
1.394994994995007431e+01 1.209075954606660552e+01
1.397597597597610175e+01 1.208841917019480405e+01
1.400200200200212919e+01 1.208607583698204380e+01
1.402802802802815485e+01 1.208372952845146919e+01
1.405405405405418229e+01 1.208138022649417032e+01
1.408008008008020795e+01 1.207902791286813304e+01
1.410610610610623539e+01 1.207667256919716436e+01
1.413213213213226283e+01 1.207431417696982656e+01
1.415815815815828849e+01 1.207195271753835009e+01
1.418418418418431592e+01 1.206958817211754642e+01
1.421021021021034159e+01 1.206722052178371030e+01
1.423623623623636902e+01 1.206484974747350769e+01
1.426226226226239646e+01 1.206247582998286205e+01
1.428828828828842212e+01 1.206009874996582809e+01
1.431431431431444956e+01 1.205771848793345669e+01
1.434034034034047522e+01 1.205533502425265269e+01
1.436636636636650266e+01 1.205294833914502206e+01
1.439239239239253010e+01 1.205055841268571015e+01
1.441841841841855576e+01 1.204816522480222929e+01
1.444444444444458320e+01 1.204576875527328106e+01
1.447047047047060886e+01 1.204336898372756615e+01
1.449649649649663630e+01 1.204096588964257997e+01
1.452252252252266373e+01 1.203855945234340830e+01
1.454854854854868940e+01 1.203614965100151402e+01
1.457457457457471683e+01 1.203373646463349189e+01
1.460060060060074250e+01 1.203131987209984999e+01
1.462662662662676993e+01 1.202889985210374491e+01
1.465265265265279560e+01 1.202647638318973122e+01
1.467867867867882303e+01 1.202404944374249496e+01
1.470470470470485047e+01 1.202161901198556393e+01
1.473073073073087613e+01 1.201918506598002523e+01
1.475675675675690357e+01 1.201674758362322848e+01
1.478278278278292923e+01 1.201430654264746600e+01
1.480880880880895667e+01 1.201186192061865476e+01
1.483483483483498411e+01 1.200941369493500233e+01
1.486086086086100977e+01 1.200696184282566925e+01
1.488688688688703721e+01 1.200450634134940486e+01
1.491291291291306287e+01 1.200204716739318300e+01
1.493893893893909031e+01 1.199958429767082713e+01
1.496496496496511774e+01 1.199711770872162298e+01
1.499099099099114341e+01 1.199464737690890637e+01
1.501701701701717084e+01 1.199217327841865988e+01
1.504304304304319650e+01 1.198969538925808820e+01
1.506906906906922394e+01 1.198721368525416864e+01
1.509509509509525138e+01 1.198472814205221759e+01
1.512112112112127704e+01 1.198223873511441262e+01
1.514714714714730448e+01 1.197974543971832695e+01
1.517317317317333014e+01 1.197724823095544266e+01
1.519919919919935758e+01 1.197474708372963548e+01
1.522522522522538502e+01 1.197224197275568081e+01
1.525125125125141068e+01 1.196973287255770835e+01
1.527727727727743812e+01 1.196721975746767086e+01
1.530330330330346378e+01 1.196470260162378274e+01
1.532932932932949122e+01 1.196218137896895684e+01
1.535535535535551865e+01 1.195965606324921282e+01
1.538138138138154432e+01 1.195712662801208559e+01
1.540740740740757175e+01 1.195459304660501232e+01
1.543343343343359741e+01 1.195205529217369822e+01
1.545945945945962485e+01 1.194951333766048052e+01
1.548548548548565229e+01 1.194696715580266932e+01
1.551151151151167795e+01 1.194441671913086900e+01
1.553753753753770539e+01 1.194186199996729414e+01
1.556356356356373105e+01 1.193930297042405719e+01
1.558958958958975849e+01 1.193673960240145249e+01
1.561561561561578593e+01 1.193417186758621185e+01
1.564164164164181159e+01 1.193159973744975488e+01
1.566766766766783903e+01 1.192902318324640554e+01
1.569369369369386469e+01 1.192644217601160861e+01
1.571971971971989213e+01 1.192385668656011788e+01
1.574574574574591956e+01 1.192126668548417179e+01
1.577177177177194523e+01 1.191867214315164247e+01
1.579779779779797266e+01 1.191607302970417237e+01
1.582382382382399832e+01 1.191346931505529305e+01
1.584984984985002576e+01 1.191086096888851742e+01
1.587587587587605320e+01 1.190824796065541946e+01
1.590190190190207886e+01 1.190563025957368559e+01
1.592792792792810630e+01 1.190300783462515177e+01
1.595395395395413196e+01 1.190038065455382110e+01
1.597997997998015940e+01 1.189774868786384410e+01
1.600600600600618506e+01 1.189511190281750430e+01
1.603203203203221250e+01 1.189247026743315061e+01
1.605805805805823994e+01 1.188982374948312959e+01
1.608408408408426737e+01 1.188717231649168760e+01
1.611011011011029126e+01 1.188451593573284271e+01
1.613613613613631870e+01 1.188185457422823887e+01
1.616216216216234614e+01 1.187918819874497345e+01
1.618818818818837357e+01 1.187651677579339982e+01
1.621421421421440101e+01 1.187384027162490163e+01
1.624024024024042490e+01 1.187115865222964217e+01
1.626626626626645233e+01 1.186847188333428882e+01
1.629229229229247977e+01 1.186577993039970202e+01
1.631831831831850721e+01 1.186308275861860473e+01
1.634434434434453465e+01 1.186038033291322158e+01
1.637037037037055853e+01 1.185767261793287730e+01
1.639639639639658597e+01 1.185495957805158085e+01
1.642242242242261341e+01 1.185224117736556870e+01
1.644844844844864085e+01 1.184951737969081620e+01
1.647447447447466828e+01 1.184678814856052043e+01
1.650050050050069217e+01 1.184405344722255293e+01
1.652652652652671961e+01 1.184131323863686092e+01
1.655255255255274704e+01 1.183856748547285953e+01
1.657857857857877448e+01 1.183581615010676735e+01
1.660460460460480192e+01 1.183305919461891698e+01
1.663063063063082581e+01 1.183029658079102120e+01
1.665665665665685324e+01 1.182752827010341079e+01
1.668268268268288068e+01 1.182475422373221718e+01
1.670870870870890812e+01 1.182197440254653031e+01
1.673473473473493556e+01 1.181918876710551025e+01
1.676076076076095944e+01 1.181639727765545622e+01
1.678678678678698688e+01 1.181359861368643038e+01
1.681281281281301432e+01 1.181079283573768102e+01
1.683883883883904176e+01 1.180798104485671729e+01
1.686486486486506919e+01 1.180516319965794736e+01
1.689089089089109308e+01 1.180233925842368592e+01
1.691691691691712052e+01 1.179950917910089458e+01
1.694294294294314795e+01 1.179667291929787254e+01
1.696896896896917539e+01 1.179383043628088679e+01
1.699499499499520283e+01 1.179098168697075621e+01
1.702102102102122672e+01 1.178812662793938770e+01
1.704704704704725415e+01 1.178526521540624117e+01
1.707307307307328159e+01 1.178239740523474843e+01
1.709909909909930903e+01 1.177952315292867347e+01
1.712512512512533647e+01 1.177664241362840158e+01
1.715115115115136035e+01 1.177375514210718244e+01
1.717717717717738779e+01 1.177086129276730020e+01
1.720320320320341523e+01 1.176796081963618334e+01
1.722922922922944267e+01 1.176505367636244159e+01
1.725525525525547010e+01 1.176213981621184779e+01
1.728128128128149399e+01 1.175921919206323096e+01
1.730730730730752143e+01 1.175629175640431967e+01
1.733333333333354886e+01 1.175335746132749648e+01
1.735935935935957630e+01 1.175041625852548322e+01
1.738538538538560374e+01 1.174746809928694802e+01
1.741141141141162763e+01 1.174451293449203604e+01
1.743743743743765506e+01 1.174155071460781841e+01
1.746346346346368250e+01 1.173858138968365239e+01
1.748948948948970994e+01 1.173560490934647049e+01
1.751551551551573738e+01 1.173262122279596298e+01
1.754154154154176126e+01 1.172963027879969289e+01
1.756756756756778870e+01 1.172663202568809915e+01
1.759359359359381614e+01 1.172362641134942152e+01
1.761961961961984358e+01 1.172061338322452251e+01
1.764564564564587101e+01 1.171759288830160806e+01
1.767167167167189490e+01 1.171456487311085404e+01
1.769769769769792234e+01 1.171152928371892621e+01
1.772372372372394977e+01 1.170848606572339001e+01
1.774974974974997721e+01 1.170543516424701735e+01
1.777577577577600465e+01 1.170237652393197969e+01
1.780180180180202854e+01 1.169931008893392566e+01
1.782782782782805597e+01 1.169623580291594145e+01
1.785385385385408341e+01 1.169315360904239576e+01
1.787987987988011085e+01 1.169006344997265501e+01
1.790590590590613473e+01 1.168696526785467427e+01
1.793193193193216217e+01 1.168385900431846025e+01
1.795795795795818961e+01 1.168074460046940466e+01
1.798398398398421705e+01 1.167762199688146829e+01
1.801001001001024449e+01 1.167449113359025148e+01
1.803603603603626837e+01 1.167135195008588866e+01
1.806206206206229581e+01 1.166820438530582393e+01
1.808808808808832325e+01 1.166504837762742852e+01
1.811411411411435068e+01 1.166188386486045125e+01
1.814014014014037812e+01 1.165871078423933582e+01
1.816616616616640201e+01 1.165552907241535330e+01
1.819219219219242945e+01 1.165233866544859076e+01
1.821821821821845688e+01 1.164913949879974986e+01
1.824424424424448432e+01 1.164593150732178195e+01
1.827027027027051176e+01 1.164271462525135270e+01
1.829629629629653564e+01 1.163948878620010952e+01
1.832232232232256308e+01 1.163625392314577489e+01
1.834834834834859052e+01 1.163300996842303547e+01
1.837437437437461796e+01 1.162975685371424639e+01
1.840040040040064540e+01 1.162649451003993661e+01
1.842642642642666928e+01 1.162322286774909053e+01
1.845245245245269672e+01 1.161994185650924472e+01
1.847847847847872416e+01 1.161665140529633966e+01
1.850450450450475159e+01 1.161335144238438311e+01
1.853053053053077903e+01 1.161004189533485409e+01
1.855655655655680292e+01 1.160672269098590270e+01
1.858258258258283036e+01 1.160339375544128693e+01
1.860860860860885779e+01 1.160005501405908923e+01
1.863463463463488523e+01 1.159670639144016846e+01
1.866066066066091267e+01 1.159334781141635951e+01
1.868668668668693655e+01 1.158997919703841539e+01
1.871271271271296399e+01 1.158660047056367404e+01
1.873873873873899143e+01 1.158321155344346032e+01
1.876476476476501887e+01 1.157981236631019151e+01
1.879079079079104631e+01 1.157640282896421802e+01
1.881681681681707019e+01 1.157298286036034263e+01
1.884284284284309763e+01 1.156955237859404839e+01
1.886886886886912507e+01 1.156611130088743167e+01
1.889489489489515250e+01 1.156265954357479231e+01
1.892092092092117994e+01 1.155919702208791300e+01
1.894694694694720383e+01 1.155572365094100995e+01
1.897297297297323126e+01 1.155223934371533012e+01
1.899899899899925870e+01 1.154874401304340559e+01
1.902502502502528614e+01 1.154523757059295974e+01
1.905105105105131358e+01 1.154171992705042626e+01
1.907707707707733746e+01 1.153819099210410748e+01
1.910310310310336490e+01 1.153465067442695435e+01
1.912912912912939234e+01 1.153109888165893615e+01
1.915515515515541978e+01 1.152753552038900864e+01
1.918118118118144722e+01 1.152396049613668794e+01
1.920720720720747110e+01 1.152037371333318383e+01
1.923323323323349854e+01 1.151677507530209787e+01
1.925925925925952598e+01 1.151316448423968986e+01
1.928528528528555341e+01 1.150954184119467705e+01
1.931131131131158085e+01 1.150590704604758052e+01
1.933733733733760474e+01 1.150225999748957761e+01
1.936336336336363217e+01 1.149860059300087478e+01
1.938938938938965961e+01 1.149492872882858130e+01
1.941541541541568705e+01 1.149124429996406072e+01
1.944144144144171449e+01 1.148754720011976005e+01
1.946746746746773837e+01 1.148383732170549898e+01
1.949349349349376581e+01 1.148011455580420304e+01
1.951951951951979325e+01 1.147637879214707546e+01
1.954554554554582069e+01 1.147262991908818641e+01
1.957157157157184812e+01 1.146886782357845114e+01
1.959759759759787201e+01 1.146509239113903078e+01
1.962362362362389945e+01 1.146130350583406354e+01
1.964964964964992689e+01 1.145750105024280074e+01
1.967567567567595432e+01 1.145368490543104123e+01
1.970170170170198176e+01 1.144985495092191741e+01
1.972772772772800565e+01 1.144601106466598495e+01
1.975375375375403308e+01 1.144215312301059839e+01
1.977977977978006052e+01 1.143828100066855313e+01
1.980580580580608796e+01 1.143439457068599552e+01
1.983183183183211540e+01 1.143049370440955492e+01
1.985785785785813928e+01 1.142657827145269245e+01
1.988388388388416672e+01 1.142264813966124670e+01
1.990990990991019416e+01 1.141870317507814292e+01
1.993593593593622160e+01 1.141474324190726719e+01
1.996196196196224903e+01 1.141076820247645607e+01
1.998798798798827292e+01 1.140677791719959977e+01
2.001401401401430036e+01 1.140277224453781635e+01
2.004004004004032780e+01 1.139875104095969860e+01
2.006606606606635523e+01 1.139471416090058398e+01
2.009209209209238267e+01 1.139066145672082442e+01
2.011811811811840656e+01 1.138659277866304542e+01
2.014414414414443399e+01 1.138250797480835530e+01
2.017017017017046143e+01 1.137840689103146907e+01
2.019619619619648887e+01 1.137428937095473813e+01
2.022222222222251631e+01 1.137015525590102882e+01
2.024824824824854019e+01 1.136600438484544284e+01
2.027427427427456763e+01 1.136183659436583504e+01
2.030030030030059507e+01 1.135765171859208955e+01
2.032632632632662251e+01 1.135344958915414004e+01
2.035235235235264994e+01 1.134923003512866480e+01
2.037837837837867383e+01 1.134499288298446551e+01
2.040440440440470127e+01 1.134073795652644812e+01
2.043043043043072871e+01 1.133646507683818250e+01
2.045645645645675614e+01 1.133217406222301449e+01
2.048248248248278358e+01 1.132786472814366974e+01
2.050850850850880747e+01 1.132353688716030504e+01
2.053453453453483490e+01 1.131919034886697872e+01
2.056056056056086234e+01 1.131482491982647076e+01
2.058658658658688978e+01 1.131044040350343138e+01
2.061261261261291367e+01 1.130603660019577994e+01
2.063863863863894110e+01 1.130161330696431676e+01
2.066466466466496854e+01 1.129717031756050361e+01
2.069069069069099598e+01 1.129270742235233449e+01
2.071671671671702342e+01 1.128822440824824724e+01
2.074274274274304730e+01 1.128372105861904373e+01
2.076876876876907474e+01 1.127919715321769978e+01
2.079479479479510218e+01 1.127465246809706301e+01
2.082082082082112962e+01 1.127008677552532134e+01
2.084684684684715705e+01 1.126549984389920667e+01
2.087287287287318094e+01 1.126089143765485012e+01
2.089889889889920838e+01 1.125626131717620915e+01
2.092492492492523581e+01 1.125160923870099339e+01
2.095095095095126325e+01 1.124693495422402378e+01
2.097697697697729069e+01 1.124223821139791823e+01
2.100300300300331457e+01 1.123751875343102036e+01
2.102902902902934201e+01 1.123277631898251983e+01
2.105505505505536945e+01 1.122801064205460797e+01
2.108108108108139689e+01 1.122322145188162601e+01
2.110710710710742433e+01 1.121840847281609044e+01
2.113313313313344821e+01 1.121357142421146058e+01
2.115915915915947565e+01 1.120871002030159502e+01
2.118518518518550309e+01 1.120382397007674413e+01
2.121121121121153053e+01 1.119891297715596501e+01
2.123723723723755796e+01 1.119397673965585405e+01
2.126326326326358185e+01 1.118901495005547275e+01
2.128928928928960929e+01 1.118402729505728743e+01
2.131531531531563672e+01 1.117901345544407121e+01
2.134134134134166416e+01 1.117397310593153392e+01
2.136736736736769160e+01 1.116890591501659280e+01
2.139339339339371548e+01 1.116381154482111704e+01
2.141941941941974292e+01 1.115868965093095255e+01
2.144544544544577036e+01 1.115353988223011861e+01
2.147147147147179780e+01 1.114836188072993117e+01
2.149749749749782524e+01 1.114315528139293576e+01
2.152352352352384912e+01 1.113791971195140640e+01
2.154954954954987656e+01 1.113265479272026148e+01
2.157557557557590400e+01 1.112736013640412835e+01
2.160160160160193143e+01 1.112203534789841619e+01
2.162762762762795887e+01 1.111668002408409706e+01
2.165365365365398276e+01 1.111129375361601923e+01
2.167967967968001020e+01 1.110587611670446506e+01
2.170570570570603763e+01 1.110042668488972240e+01
2.173173173173206507e+01 1.109494502080939249e+01
2.175775775775809251e+01 1.108943067795815729e+01
2.178378378378411639e+01 1.108388320043970054e+01
2.180980980981014383e+01 1.107830212271050918e+01
2.183583583583617127e+01 1.107268696931518370e+01
2.186186186186219871e+01 1.106703725461298049e+01
2.188788788788822615e+01 1.106135248249518988e+01
2.191391391391425003e+01 1.105563214609301248e+01
2.193993993994027747e+01 1.104987572747553592e+01
2.196596596596630491e+01 1.104408269733741044e+01
2.199199199199233234e+01 1.103825251467581658e+01
2.201801801801835978e+01 1.103238462645626150e+01
2.204404404404438367e+01 1.102647846726676839e+01
2.207007007007041111e+01 1.102053345895994951e+01
2.209609609609643854e+01 1.101454901028247590e+01
2.212212212212246598e+01 1.100852451649140207e+01
2.214814814814849342e+01 1.100245935895677896e+01
2.217417417417451730e+01 1.099635290474999216e+01
2.220020020020054474e+01 1.099020450621718226e+01
2.222622622622657218e+01 1.098401350053711845e+01
2.225225225225259962e+01 1.097777920926285411e+01
2.227827827827862706e+01 1.097150093784641456e+01
2.230430430430465094e+01 1.096517797514580828e+01
2.233033033033067838e+01 1.095880959291356049e+01
2.235635635635670582e+01 1.095239504526590935e+01
2.238238238238273325e+01 1.094593356813184926e+01
2.240840840840876069e+01 1.093942437868103745e+01
2.243443443443478458e+01 1.093286667472965767e+01
2.246046046046081202e+01 1.092625963412316992e+01
2.248648648648683945e+01 1.091960241409490173e+01
2.251251251251286689e+01 1.091289415059934598e+01
2.253853853853889433e+01 1.090613395761896598e+01
2.256456456456491821e+01 1.089932092644322736e+01
2.259059059059094565e+01 1.089245412491858467e+01
2.261661661661697309e+01 1.088553259666795547e+01
2.264264264264300053e+01 1.087855536027823256e+01
2.266866866866902797e+01 1.087152140845427795e+01
2.269469469469505185e+01 1.086442970713769895e+01
2.272072072072107929e+01 1.085727919458872393e+01
2.274674674674710673e+01 1.085006878042925038e+01
2.277277277277313416e+01 1.084279734464517375e+01
2.279879879879916160e+01 1.083546373654587391e+01
2.282482482482518549e+01 1.082806677367869064e+01
2.285085085085121293e+01 1.082060524069603780e+01
2.287687687687724036e+01 1.081307788817272098e+01
2.290290290290326780e+01 1.080548343137079748e+01
2.292892892892929524e+01 1.079782054894923249e+01
2.295495495495531912e+01 1.079008788161539911e+01
2.298098098098134656e+01 1.078228403071527275e+01
2.300700700700737400e+01 1.077440755675900874e+01
2.303303303303340144e+01 1.076645613736391738e+01
2.305905905905942888e+01 1.075842589472430255e+01
2.308508508508545276e+01 1.075031806729692718e+01
2.311111111111148020e+01 1.074213101835187167e+01
2.313713713713750764e+01 1.073386306123522971e+01
2.316316316316353507e+01 1.072551245739607673e+01
2.318918918918956251e+01 1.071707741431717054e+01
2.321521521521558640e+01 1.070855608334379028e+01
2.324124124124161384e+01 1.069994655740475942e+01
2.326726726726764127e+01 1.069124686861920814e+01
2.329329329329366871e+01 1.068245498578228059e+01
2.331931931931969260e+01 1.067356881172249139e+01
2.334534534534572003e+01 1.066458618052286411e+01
2.337137137137174747e+01 1.065550485459752039e+01
2.339739739739777491e+01 1.064632252161474923e+01
2.342342342342380235e+01 1.063703679125690016e+01
2.344944944944982623e+01 1.062764519180683287e+01
2.347547547547585367e+01 1.061814516654980523e+01
2.350150150150188111e+01 1.060853406997892101e+01
2.352752752752790855e+01 1.059880916379135307e+01
2.355355355355393598e+01 1.058896761266155906e+01
2.357957957957995987e+01 1.057900647977670516e+01
2.360560560560598731e+01 1.056892272211832839e+01
2.363163163163201475e+01 1.055871318547303694e+01
2.365765765765804218e+01 1.054837459915372122e+01
2.368368368368406962e+01 1.053790357041121339e+01
2.370970970971009351e+01 1.052729657851476297e+01
2.373573573573612094e+01 1.051654996847794976e+01
2.376176176176214838e+01 1.050565994440468920e+01
2.378778778778817582e+01 1.049462256242789771e+01
2.381381381381420326e+01 1.048343372321112987e+01
2.383983983984022714e+01 1.047208916398087730e+01
2.386586586586625458e+01 1.046058445005457571e+01
2.389189189189228202e+01 1.044891496582621393e+01
2.391791791791830946e+01 1.043707590516816452e+01
2.394394394394433689e+01 1.042506226120417345e+01
2.396996996997036078e+01 1.041286881540437648e+01
2.399599599599638822e+01 1.040049012594875144e+01
2.402202202202241565e+01 1.038792370590629055e+01
2.404804804804844309e+01 1.037516087348901195e+01
2.407407407407447053e+01 1.036219536912167172e+01
2.410010010010049442e+01 1.034902074585529341e+01
2.412612612612652185e+01 1.033563026316613431e+01
2.415215215215254929e+01 1.032201686956378417e+01
2.417817817817857673e+01 1.030817318392688797e+01
2.420420420420460417e+01 1.029409147545543668e+01
2.423023023023062805e+01 1.027976364211740368e+01
2.425625625625665549e+01 1.026518118745480201e+01
2.428228228228268293e+01 1.025033519560023620e+01
2.430830830830871037e+01 1.023521630433930163e+01
2.433433433433473780e+01 1.021981467603642812e+01
2.436036036036076169e+01 1.020411996622206630e+01
2.438638638638678913e+01 1.018812128961678454e+01
2.441241241241281656e+01 1.017180718334273593e+01
2.443843843843884400e+01 1.015516556704468520e+01
2.446446446446487144e+01 1.013818369961081700e+01
2.449049049049089533e+01 1.012084813214729095e+01
2.451651651651692276e+01 1.010314465681960883e+01
2.454254254254295020e+01 1.008505825112707655e+01
2.456856856856897764e+01 1.006657301712377972e+01
2.459459459459500508e+01 1.004767211503894941e+01
2.462062062062102896e+01 1.002833769068048220e+01
2.464664664664705640e+01 1.000855079592645325e+01
nan nan
nan nan
nan nan
nan nan
nan nan
nan nan
nan nan
nan nan
nan nan
nan nan
nan nan
nan nan
nan nan
nan nan
nan nan
nan nan
nan nan
nan nan
nan nan
nan nan
nan nan
nan nan
nan nan
nan nan
nan nan
nan nan
nan nan
nan nan
nan nan
nan nan
nan nan
nan nan
nan nan
nan nan
nan nan
nan nan
nan nan
nan nan
nan nan
nan nan
nan nan
nan nan
nan nan
nan nan
nan nan
nan nan
nan nan
nan nan
nan nan
nan nan
nan nan
nan nan
