0.000000000000000000e+00 1.323300494515798320e+01
1.530942707413295543e-02 1.319515875555095619e+01
3.061885414826591087e-02 1.319229830751580401e+01
4.592828122239886457e-02 1.318950617089452493e+01
6.123770829653182174e-02 1.318701146776330013e+01
7.654713537066477891e-02 1.318469293196250014e+01
9.185656244479772914e-02 1.318233279488836729e+01
1.071659895189306932e-01 1.318008465460682999e+01
1.224754165930636435e-01 1.317794851399062672e+01
1.377848436671965937e-01 1.317592437589986787e+01
1.530942707413295578e-01 1.317399768955242401e+01
1.684036978154625219e-01 1.317200003624398441e+01
1.837131248895954583e-01 1.317005042965523387e+01
1.990225519637284224e-01 1.316814887213198837e+01
2.143319790378613865e-01 1.316629536604771467e+01
2.296414061119943228e-01 1.316448610638858518e+01
2.449508331861272870e-01 1.316266109163163911e+01
2.602602602602602233e-01 1.316083606136952966e+01
2.755696873343931874e-01 1.315901101560221065e+01
2.908791144085261515e-01 1.315718595432950266e+01
3.061885414826591156e-01 1.315536363698342726e+01
3.214979685567920797e-01 1.315356771377240008e+01
3.368073956309250439e-01 1.315177177777615292e+01
3.521168227050579524e-01 1.314997582900639550e+01
3.674262497791909166e-01 1.314817986747475054e+01
3.827356768533238252e-01 1.314638389319275014e+01
3.980451039274568448e-01 1.314458790617183581e+01
4.133545310015898089e-01 1.314279190642336204e+01
4.286639580757227730e-01 1.314099589395859269e+01
4.439733851498556816e-01 1.313919986878870105e+01
4.592828122239886457e-01 1.313740383092477160e+01
4.745922392981216653e-01 1.313560790867926542e+01
4.899016663722545739e-01 1.313381947523334858e+01
5.052110934463874825e-01 1.313203102969031733e+01
5.205205205205204466e-01 1.313024257206406453e+01
5.358299475946534107e-01 1.312845410236839427e+01
5.511393746687863748e-01 1.312666562061703246e+01
5.664488017429193389e-01 1.312487712682362506e+01
5.817582288170523031e-01 1.312308862100172924e+01
5.970676558911852672e-01 1.312130010316482931e+01
6.123770829653182313e-01 1.311951157332632434e+01
6.276865100394511954e-01 1.311772303149953345e+01
6.429959371135841595e-01 1.311593447769769050e+01
6.583053641877171236e-01 1.311413582563414693e+01
6.736147912618500877e-01 1.311233650651644211e+01
6.889242183359829408e-01 1.311053717527861018e+01
7.042336454101159049e-01 1.310873783193483533e+01
7.195430724842488690e-01 1.310693847649921295e+01
7.348524995583818331e-01 1.310513910898576206e+01
7.501619266325147972e-01 1.310333972940840930e+01
7.654713537066476503e-01 1.310154033778100668e+01
7.807807807807808365e-01 1.309974093411731566e+01
7.960902078549136895e-01 1.309794151843101950e+01
8.113996349290466537e-01 1.309614209073571445e+01
8.267090620031796178e-01 1.309434265104491502e+01
8.420184890773125819e-01 1.309254319937205580e+01
8.573279161514455460e-01 1.309074373573048078e+01
8.726373432255783991e-01 1.308894426013345580e+01
8.879467702997113632e-01 1.308714477259416498e+01
9.032561973738443273e-01 1.308534527312570539e+01
9.185656244479772914e-01 1.308354576174109418e+01
9.338750515221102555e-01 1.308174623845326145e+01
9.491844785962433306e-01 1.307994670327505915e+01
9.644939056703761837e-01 1.307814715621925217e+01
9.798033327445091478e-01 1.307634759729852725e+01
9.951127598186421119e-01 1.307454802652548231e+01
1.010422186892774965e+00 1.307274844391263713e+01
1.025731613966907929e+00 1.307094884947242619e+01
1.041041041041040893e+00 1.306914924321720051e+01
1.056350468115173857e+00 1.306734962515923293e+01
1.071659895189306821e+00 1.306554999531070571e+01
1.086969322263439786e+00 1.306375035368372650e+01
1.102278749337572750e+00 1.306195070029031413e+01
1.117588176411705714e+00 1.306015103514240927e+01
1.132897603485838678e+00 1.305835135825186555e+01
1.148207030559971642e+00 1.305655166963045488e+01
1.163516457634104606e+00 1.305475196928986925e+01
1.178825884708237570e+00 1.305295225724171715e+01
1.194135311782370534e+00 1.305115253349752003e+01
1.209444738856503498e+00 1.304935279806872472e+01
1.224754165930636463e+00 1.304755305096668572e+01
1.240063593004769427e+00 1.304575329220268287e+01
1.255373020078902391e+00 1.304395352178791079e+01
1.270682447153035355e+00 1.304215373973347880e+01
1.285991874227168319e+00 1.304035394605041809e+01
1.301301301301301283e+00 1.303855414074967278e+01
1.316610728375434247e+00 1.303675432384210708e+01
1.331920155449567211e+00 1.303495449533850348e+01
1.347229582523700175e+00 1.303315465524955741e+01
1.362539009597833140e+00 1.303135132573736144e+01
1.377848436671965882e+00 1.302954611728209500e+01
1.393157863746098846e+00 1.302774067718027595e+01
1.408467290820231810e+00 1.302593500543130922e+01
1.423776717894364774e+00 1.302412910203453755e+01
1.439086144968497738e+00 1.302232296698923975e+01
1.454395572042630702e+00 1.302051660029462710e+01
1.469704999116763666e+00 1.301871000194984518e+01
1.485014426190896630e+00 1.301690317195397029e+01
1.500323853265029594e+00 1.301509611030601832e+01
1.515633280339162337e+00 1.301328881700493412e+01
1.530942707413295301e+00 1.301148129204959325e+01
1.546252134487428709e+00 1.300967353543881089e+01
1.561561561561561673e+00 1.300786554717132759e+01
1.576870988635694415e+00 1.300605732724582175e+01
1.592180415709827379e+00 1.300424887566090071e+01
1.607489842783960343e+00 1.300244019241510074e+01
1.622799269858093307e+00 1.300063127750689240e+01
1.638108696932226271e+00 1.299882213093467875e+01
1.653418124006359236e+00 1.299701275269679179e+01
1.668727551080492200e+00 1.299520314279149069e+01
1.684036978154625164e+00 1.299339330121697067e+01
1.699346405228758128e+00 1.299158322797135234e+01
1.714655832302891092e+00 1.298977292305268705e+01
1.729965259377023834e+00 1.298796238645895684e+01
1.745274686451156798e+00 1.298615161818807096e+01
1.760584113525290206e+00 1.298434061823786578e+01
1.775893540599422726e+00 1.298252938660611022e+01
1.791202967673555690e+00 1.298071792329049678e+01
1.806512394747688655e+00 1.297890622828864693e+01
1.821821821821821619e+00 1.297709430159811461e+01
1.837131248895954583e+00 1.297528214321637030e+01
1.852440675970087547e+00 1.297346975314082229e+01
1.867750103044220511e+00 1.297165713136879717e+01
1.883059530118353253e+00 1.296984427789755401e+01
1.898368957192486661e+00 1.296803119272427018e+01
1.913678384266619625e+00 1.296621787584605556e+01
1.928987811340752367e+00 1.296440432725994185e+01
1.944297238414885332e+00 1.296259054696288615e+01
1.959606665489018296e+00 1.296077653495177096e+01
1.974916092563151260e+00 1.295896229122339882e+01
1.990225519637284224e+00 1.295714781577450303e+01
2.005534946711417188e+00 1.295533310860173515e+01
2.020844373785549930e+00 1.295351816970166858e+01
2.036153800859683116e+00 1.295170299907080746e+01
2.051463227933815858e+00 1.294988759670556888e+01
2.066772655007949044e+00 1.294807121173462505e+01
2.082082082082081786e+00 1.294625349023375627e+01
2.097391509156214973e+00 1.294443551075605647e+01
2.112700936230347715e+00 1.294261727329747025e+01
2.128010363304480901e+00 1.294079877785386223e+01
2.143319790378613643e+00 1.293898002442101536e+01
2.158629217452746829e+00 1.293716101299462551e+01
2.173938644526879571e+00 1.293534174357031041e+01
2.189248071601012757e+00 1.293352221614360076e+01
2.204557498675145499e+00 1.293170243070994729e+01
2.219866925749278685e+00 1.292988238726471195e+01
2.235176352823411428e+00 1.292806208580317318e+01
2.250485779897544614e+00 1.292624152632052592e+01
2.265795206971677356e+00 1.292442070881187988e+01
2.281104634045810542e+00 1.292259963327225769e+01
2.296414061119943284e+00 1.292077829969659675e+01
2.311723488194076470e+00 1.291895670807974739e+01
2.327032915268209212e+00 1.291713485841647113e+01
2.342342342342342398e+00 1.291531275070144602e+01
2.357651769416475140e+00 1.291349038492925771e+01
2.372961196490607882e+00 1.291166776109440839e+01
2.388270623564741069e+00 1.290984487919130963e+01
2.403580050638873811e+00 1.290802173921428242e+01
2.418889477713006997e+00 1.290619834115756071e+01
2.434198904787139739e+00 1.290437468501528606e+01
2.449508331861272925e+00 1.290255077078151302e+01
2.464817758935405667e+00 1.290072659845020375e+01
2.480127186009538853e+00 1.289890216801522982e+01
2.495436613083671595e+00 1.289707747947036864e+01
2.510746040157804782e+00 1.289525253280930883e+01
2.526055467231937524e+00 1.289342732802564662e+01
2.541364894306070710e+00 1.289160186511288408e+01
2.556674321380203452e+00 1.288977614406442918e+01
2.571983748454336638e+00 1.288795016487359923e+01
2.587293175528469380e+00 1.288612392753361391e+01
2.602602602602602566e+00 1.288429743203760047e+01
2.617912029676735308e+00 1.288247067837859205e+01
2.633221456750868494e+00 1.288064366654952231e+01
2.648530883825001236e+00 1.287881639654323251e+01
2.663840310899134423e+00 1.287698886835246803e+01
2.679149737973267165e+00 1.287516108196987474e+01
2.694459165047400351e+00 1.287333303738799906e+01
2.709768592121533093e+00 1.287150473459929856e+01
2.725078019195666279e+00 1.286967617359612071e+01
2.740387446269799021e+00 1.286784735437072413e+01
2.755696873343931763e+00 1.286601827691526267e+01
2.771006300418064949e+00 1.286418894122179069e+01
2.786315727492197691e+00 1.286235934728226660e+01
2.801625154566330878e+00 1.286052949508854226e+01
2.816934581640463620e+00 1.285869938463237183e+01
2.832244008714596806e+00 1.285686901590540643e+01
2.847553435788729548e+00 1.285503838889919770e+01
2.862862862862862734e+00 1.285320750360518893e+01
2.878172289936995476e+00 1.285137636001472572e+01
2.893481717011128218e+00 1.284954495811904707e+01
2.908791144085261404e+00 1.284771329790928718e+01
2.924100571159394146e+00 1.284588137937647900e+01
2.939409998233527332e+00 1.284404920251154536e+01
2.954719425307660963e+00 1.284221676730530604e+01
2.970028852381793261e+00 1.284038407374847424e+01
2.985338279455926447e+00 1.283855112183165659e+01
3.000647706530059189e+00 1.283671791154535136e+01
3.015957133604192375e+00 1.283488444287994845e+01
3.031266560678324673e+00 1.283305071582572943e+01
3.046575987752458303e+00 1.283121673037286747e+01
3.061885414826590601e+00 1.282938248651142388e+01
3.077194841900724231e+00 1.282754798423135512e+01
3.092504268974857418e+00 1.282571322352250220e+01
3.107813696048990160e+00 1.282387820437459247e+01
3.123123123123123346e+00 1.282204292677724844e+01
3.138432550197255644e+00 1.282020739071997539e+01
3.153741977271388830e+00 1.281837159619216493e+01
3.169051404345521572e+00 1.281653554318309673e+01
3.184360831419654758e+00 1.281469923168193858e+01
3.199670258493787056e+00 1.281286266167773569e+01
3.214979685567920686e+00 1.281102583315942667e+01
3.230289112642053873e+00 1.280918874611582936e+01
3.245598539716186615e+00 1.280735140053564436e+01
3.260907966790319801e+00 1.280551379640745679e+01
3.276217393864452543e+00 1.280367593371973456e+01
3.291526820938585285e+00 1.280183781246082475e+01
3.306836248012718471e+00 1.279999943261895723e+01
3.322145675086851213e+00 1.279816079418223751e+01
3.337455102160984399e+00 1.279632189713865920e+01
3.352764529235117141e+00 1.279448274147608622e+01
3.368073956309250327e+00 1.279264332718226704e+01
3.383383383383383070e+00 1.279080365424482402e+01
3.398692810457516256e+00 1.278896372265125692e+01
3.414002237531648998e+00 1.278712353238894117e+01
3.429311664605782184e+00 1.278528308344513320e+01
3.444621091679914926e+00 1.278344237580695619e+01
3.459930518754047668e+00 1.278160140946141432e+01
3.475239945828180854e+00 1.277976018439538208e+01
3.490549372902313596e+00 1.277791870059560786e+01
3.505858799976446782e+00 1.277607695804871213e+01
3.521168227050580413e+00 1.277423495674118392e+01
3.536477654124712711e+00 1.277239269665938970e+01
3.551787081198845453e+00 1.277055017778956092e+01
3.567096508272978639e+00 1.276870740011779937e+01
3.582405935347111381e+00 1.276686436363007537e+01
3.597715362421244123e+00 1.276502106831222960e+01
3.613024789495377309e+00 1.276317751414996593e+01
3.628334216569510051e+00 1.276133370112886034e+01
3.643643643643643237e+00 1.275948962923434671e+01
3.658953070717776868e+00 1.275764529845173278e+01
3.674262497791909166e+00 1.275580070876618244e+01
3.689571924866042796e+00 1.275395586016272986e+01
3.704881351940175094e+00 1.275211075262626714e+01
3.720190779014308280e+00 1.275026538614155136e+01
3.735500206088441022e+00 1.274841976069319927e+01
3.750809633162574208e+00 1.274657387626568728e+01
3.766119060236706506e+00 1.274472773284335325e+01
3.781428487310840136e+00 1.274288133041039295e+01
3.796737914384973323e+00 1.274103466895086001e+01
3.812047341459106065e+00 1.273918774844866775e+01
3.827356768533239251e+00 1.273734056888758204e+01
3.842666195607371993e+00 1.273549313025122487e+01
3.857975622681504735e+00 1.273364543252307612e+01
3.873285049755637921e+00 1.273179747568646825e+01
3.888594476829770663e+00 1.272994925972458446e+01
3.903903903903903849e+00 1.272810078462046413e+01
3.919213330978036591e+00 1.272625205035699381e+01
3.934522758052168889e+00 1.272440305691691442e+01
3.949832185126302520e+00 1.272255380428281235e+01
3.965141612200435706e+00 1.272070429243713008e+01
3.980451039274568448e+00 1.271885452136214845e+01
3.995760466348701634e+00 1.271700449104000263e+01
4.011069893422834376e+00 1.271515420145267328e+01
4.026379320496967118e+00 1.271330365258198114e+01
4.041688747571099860e+00 1.271145284440959600e+01
4.056998174645233490e+00 1.270960177691702953e+01
4.072307601719366232e+00 1.270775045008563886e+01
4.087617028793498974e+00 1.270589886389661594e+01
4.102926455867631717e+00 1.270404701833100169e+01
4.118235882941765347e+00 1.270219491336966833e+01
4.133545310015898089e+00 1.270034254899333348e+01
4.148854737090030831e+00 1.269848992518255137e+01
4.164164164164163573e+00 1.269663704191771103e+01
4.179473591238297203e+00 1.269478389917903627e+01
4.194783018312429945e+00 1.269293049694659103e+01
4.210092445386562687e+00 1.269106308667619842e+01
4.225401872460695429e+00 1.268918993612266632e+01
4.240711299534829060e+00 1.268731625536297614e+01
4.256020726608961802e+00 1.268544204437487188e+01
4.271330153683094544e+00 1.268356730313592351e+01
4.286639580757227286e+00 1.268169203162351977e+01
4.301949007831360916e+00 1.267981622981487355e+01
4.317258434905493658e+00 1.267793989768701124e+01
4.332567861979626400e+00 1.267606303521678512e+01
4.347877289053759142e+00 1.267418564238086098e+01
4.363186716127891884e+00 1.267230771915571630e+01
4.378496143202025515e+00 1.267042926551764914e+01
4.393805570276158257e+00 1.266855028144276929e+01
4.409114997350290999e+00 1.266667076690700000e+01
4.424424424424423741e+00 1.266479072188607446e+01
4.439733851498557371e+00 1.266291014635553402e+01
4.455043278572690113e+00 1.266102904029073351e+01
4.470352705646822855e+00 1.265914740366683056e+01
4.485662132720955597e+00 1.265726523645879453e+01
4.500971559795089227e+00 1.265538253864139406e+01
4.516280986869221969e+00 1.265349931018920593e+01
4.531590413943354712e+00 1.265161555107660618e+01
4.546899841017487454e+00 1.264973126127777725e+01
4.562209268091621084e+00 1.264784644076669551e+01
4.577518695165753826e+00 1.264596108951714193e+01
4.592828122239886568e+00 1.264407520750268965e+01
4.608137549314019310e+00 1.264218879469671108e+01
4.623446976388152940e+00 1.264030185107237436e+01
4.638756403462285682e+00 1.263841437660263622e+01
4.654065830536418424e+00 1.263652637126025269e+01
4.669375257610551166e+00 1.263463783501776305e+01
4.684684684684684797e+00 1.263274876784750234e+01
4.699994111758817539e+00 1.263085916972159062e+01
4.715303538832950281e+00 1.262896904061193482e+01
4.730612965907083023e+00 1.262707838049022513e+01
4.745922392981215765e+00 1.262518718932794037e+01
4.761231820055349395e+00 1.262329546709633732e+01
4.776541247129482137e+00 1.262140321376645780e+01
4.791850674203614879e+00 1.261951042930911804e+01
4.807160101277747621e+00 1.261761711369491579e+01
4.822469528351881252e+00 1.261572326689422496e+01
4.837778955426013994e+00 1.261382888887719389e+01
4.853088382500146736e+00 1.261193397961374529e+01
4.868397809574279478e+00 1.261003853907357097e+01
4.883707236648413108e+00 1.260814256722613891e+01
4.899016663722545850e+00 1.260624606404067904e+01
4.914326090796678592e+00 1.260434902948619573e+01
4.929635517870811334e+00 1.260245146353145174e+01
4.944944944944944965e+00 1.260055336614498245e+01
4.960254372019077707e+00 1.259865473729507812e+01
4.975563799093210449e+00 1.259675557694979631e+01
4.990873226167343191e+00 1.259485588507694942e+01
5.006182653241476821e+00 1.259295566164411007e+01
5.021492080315609563e+00 1.259105490661860394e+01
5.036801507389742305e+00 1.258915361996751692e+01
5.052110934463875047e+00 1.258725180165768265e+01
5.067420361538008677e+00 1.258534945165568786e+01
5.082729788612141419e+00 1.258344656992786703e+01
5.098039215686274161e+00 1.258154315644030419e+01
5.113348642760406904e+00 1.257963921115883110e+01
5.128658069834539646e+00 1.257773473404901665e+01
5.143967496908673276e+00 1.257582972507618102e+01
5.159276923982806018e+00 1.257392418420537794e+01
5.174586351056938760e+00 1.257201811140140180e+01
5.189895778131071502e+00 1.257011150662878762e+01
5.205205205205205132e+00 1.256820436985180045e+01
5.220514632279337874e+00 1.256629670103444063e+01
5.235824059353470616e+00 1.256438850014044206e+01
5.251133486427603358e+00 1.256247976713326509e+01
5.266442913501736989e+00 1.256057050197610003e+01
5.281752340575869731e+00 1.255866070463185835e+01
5.297061767650002473e+00 1.255675037506318148e+01
5.312371194724135215e+00 1.255483951323243019e+01
5.327680621798268845e+00 1.255292811910168282e+01
5.342990048872401587e+00 1.255101619263273882e+01
5.358299475946534329e+00 1.254910373378711341e+01
5.373608903020667071e+00 1.254719074252603050e+01
5.388918330094800702e+00 1.254527721881043334e+01
5.404227757168933444e+00 1.254336316260097028e+01
5.419537184243066186e+00 1.254144857385799838e+01
5.434846611317198928e+00 1.253953345254157981e+01
5.450156038391332558e+00 1.253761779861148185e+01
5.465465465465465300e+00 1.253570161202716982e+01
5.480774892539598042e+00 1.253378489274781238e+01
5.496084319613729896e+00 1.253186764073227266e+01
5.511393746687863526e+00 1.252994985593911004e+01
5.526703173761997157e+00 1.252803153832657124e+01
5.542012600836129899e+00 1.252611268785260279e+01
5.557322027910261752e+00 1.252419330447483148e+01
5.572631454984395383e+00 1.252227338815057323e+01
5.587940882058529013e+00 1.252035293883682421e+01
5.603250309132661755e+00 1.251843195649026974e+01
5.618559736206795385e+00 1.251651044106726474e+01
5.633869163280927239e+00 1.251458839252384436e+01
5.649178590355060869e+00 1.251266581081572049e+01
5.664488017429193611e+00 1.251074269589827281e+01
5.679797444503327242e+00 1.250881904772655240e+01
5.695106871577459096e+00 1.250689486625527636e+01
5.710416298651592726e+00 1.250497015143882606e+01
5.725725725725725468e+00 1.250304490323124718e+01
5.741035152799858210e+00 1.250111912158624072e+01
5.756344579873990952e+00 1.249919280645716846e+01
5.771654006948124582e+00 1.249726595779704219e+01
5.786963434022256436e+00 1.249533857555852912e+01
5.802272861096390066e+00 1.249341065969394471e+01
5.817582288170522808e+00 1.249148221015525095e+01
5.832891715244656439e+00 1.248955322689405101e+01
5.848201142318788293e+00 1.248762370986159276e+01
5.863510569392921923e+00 1.248569365900875994e+01
5.878819996467054665e+00 1.248376307428607213e+01
5.894129423541188295e+00 1.248183195564368475e+01
5.909438850615321925e+00 1.247990030303138198e+01
5.924748277689453779e+00 1.247796811639856962e+01
5.940057704763586521e+00 1.247603539569428754e+01
5.955367131837720152e+00 1.247410214086719016e+01
5.970676558911852894e+00 1.247216835186555350e+01
5.985985985985985636e+00 1.247023402863726638e+01
6.001295413060118378e+00 1.246829917112983566e+01
6.016604840134251120e+00 1.246636377929037387e+01
6.031914267208384750e+00 1.246442785306560097e+01
6.047223694282517492e+00 1.246249139240184078e+01
6.062533121356649346e+00 1.246055439724502101e+01
6.077842548430782976e+00 1.245861686754066078e+01
6.093151975504916606e+00 1.245667880323387777e+01
6.108461402579049349e+00 1.245474020426938111e+01
6.123770829653181202e+00 1.245280107059146779e+01
6.139080256727314833e+00 1.245086140214401915e+01
6.154389683801448463e+00 1.244892119887049553e+01
6.169699110875581205e+00 1.244698046071394160e+01
6.185008537949714835e+00 1.244503918761697214e+01
6.200317965023846689e+00 1.244309737952177564e+01
6.215627392097980319e+00 1.244115503637010889e+01
6.230936819172113061e+00 1.243921215810329173e+01
6.246246246246246692e+00 1.243726874466221055e+01
6.261555673320378546e+00 1.243532479598730411e+01
6.276865100394511288e+00 1.243338031201856708e+01
6.292174527468644918e+00 1.243143529269554648e+01
6.307483954542777660e+00 1.242948973795733636e+01
6.322793381616910402e+00 1.242754364774257603e+01
6.338102808691043144e+00 1.242559607589520354e+01
6.353412235765175886e+00 1.242362427739473496e+01
6.368721662839309516e+00 1.242165144264335375e+01
6.384031089913442258e+00 1.241967757157546082e+01
6.399340516987574112e+00 1.241770266412496682e+01
6.414649944061707743e+00 1.241572672022528323e+01
6.429959371135841373e+00 1.241374973980932417e+01
6.445268798209974115e+00 1.241177172280949748e+01
6.460578225284107745e+00 1.240979266915770118e+01
6.475887652358241375e+00 1.240781257878532173e+01
6.491197079432373229e+00 1.240583145162323042e+01
6.506506506506505971e+00 1.240384928760177452e+01
6.521815933580639602e+00 1.240186608665077550e+01
6.537125360654772344e+00 1.239988184869952725e+01
6.552434787728905086e+00 1.239789657367678544e+01
6.567744214803037828e+00 1.239591026151077280e+01
6.583053641877170570e+00 1.239392291212916142e+01
6.598363068951304200e+00 1.239193452545907981e+01
6.613672496025436942e+00 1.238994510142710403e+01
6.628981923099568796e+00 1.238795463995925239e+01
6.644291350173702426e+00 1.238596314098098006e+01
6.659600777247836056e+00 1.238397060441717734e+01
6.674910204321968799e+00 1.238197703019216078e+01
6.690219631396100652e+00 1.237998241822967671e+01
6.705529058470234283e+00 1.237798676845288348e+01
6.720838485544367025e+00 1.237599008078435503e+01
6.736147912618500655e+00 1.237399235514607909e+01
6.751457339692634285e+00 1.237199359145943944e+01
6.766766766766766139e+00 1.236999378964522656e+01
6.782076193840898881e+00 1.236799294962362161e+01
6.797385620915032511e+00 1.236599107131419117e+01
6.812695047989166142e+00 1.236398815463589074e+01
6.828004475063297996e+00 1.236198419950705052e+01
6.843313902137430738e+00 1.235997920584537191e+01
6.858623329211564368e+00 1.235797317356792924e+01
6.873932756285697110e+00 1.235596610259115202e+01
6.889242183359829852e+00 1.235395799283083207e+01
6.904551610433962594e+00 1.235194884420210570e+01
6.919861037508095336e+00 1.234993865661946089e+01
6.935170464582228966e+00 1.234792742999671944e+01
6.950479891656361708e+00 1.234591516424703705e+01
6.965789318730493562e+00 1.234390185928290151e+01
6.981098745804627193e+00 1.234188751501611847e+01
6.996408172878760823e+00 1.233987213135781147e+01
7.011717599952893565e+00 1.233785570821841304e+01
7.027027027027027195e+00 1.233583824550765939e+01
7.042336454101160825e+00 1.233381974313458329e+01
7.057645881175292679e+00 1.233180020100751229e+01
7.072955308249425421e+00 1.232977961903405273e+01
7.088264735323559051e+00 1.232775799712109865e+01
7.103574162397690905e+00 1.232573533517480691e+01
7.118883589471824536e+00 1.232371163310060780e+01
7.134193016545957278e+00 1.232168689080318558e+01
7.149502443620090020e+00 1.231966110818648197e+01
7.164811870694222762e+00 1.231763428515367842e+01
7.180121297768356392e+00 1.231560642160720143e+01
7.195430724842488246e+00 1.231357751744870654e+01
7.210740151916621876e+00 1.231154757257907484e+01
7.226049578990754618e+00 1.230951658689840578e+01
7.241359006064888248e+00 1.230748456030601190e+01
7.256668433139020102e+00 1.230545149270040639e+01
7.271977860213153733e+00 1.230341738397930129e+01
7.287287287287286475e+00 1.230138223403960041e+01
7.302596714361420105e+00 1.229934604277738508e+01
7.317906141435553735e+00 1.229730881008791243e+01
7.333215568509685589e+00 1.229527053586560825e+01
7.348524995583818331e+00 1.229323122000405810e+01
7.363834422657951961e+00 1.229119086239599490e+01
7.379143849732085592e+00 1.228914946293330068e+01
7.394453276806217445e+00 1.228710702150699063e+01
7.409762703880350188e+00 1.228506353800720596e+01
7.425072130954483818e+00 1.228301901232321214e+01
7.440381558028616560e+00 1.228097344434337934e+01
7.455690985102749302e+00 1.227892683395519136e+01
7.471000412176882044e+00 1.227687918104521536e+01
7.486309839251014786e+00 1.227483048549911082e+01
7.501619266325148416e+00 1.227278074720161705e+01
7.516928693399281158e+00 1.227072996603653721e+01
7.532238120473413012e+00 1.226867814188673833e+01
7.547547547547546642e+00 1.226662527463413710e+01
7.562856974621680273e+00 1.226457136415969273e+01
7.578166401695813015e+00 1.226251641034339990e+01
7.593475828769946645e+00 1.226046041306427625e+01
7.608785255844078499e+00 1.225840337220035359e+01
7.624094682918212129e+00 1.225634528762866893e+01
7.639404109992344871e+00 1.225428615922525744e+01
7.654713537066478501e+00 1.225222598686513820e+01
7.670022964140610355e+00 1.225016477042230889e+01
7.685332391214743986e+00 1.224810250976973514e+01
7.700641818288876728e+00 1.224603920477933450e+01
7.715951245363009470e+00 1.224397485532197472e+01
7.731260672437142212e+00 1.224190946126746127e+01
7.746570099511275842e+00 1.223984302248452316e+01
7.761879526585407696e+00 1.223777553884080760e+01
7.777188953659541326e+00 1.223570701020286577e+01
7.792498380733674068e+00 1.223363743643614043e+01
7.807807807807807698e+00 1.223156681740496410e+01
7.823117234881939552e+00 1.222949515297253953e+01
7.838426661956073183e+00 1.222740451638905235e+01
7.853736089030205925e+00 1.222530337305334314e+01
7.869045516104337779e+00 1.222320040968984500e+01
7.884354943178473185e+00 1.222109562615398914e+01
7.899664370252605039e+00 1.221898902229999884e+01
7.914973797326737781e+00 1.221688059798086989e+01
7.930283224400871411e+00 1.221477035304836001e+01
7.945592651475005042e+00 1.221265828735297632e+01
7.960902078549136895e+00 1.221054440074396297e+01
7.976211505623269638e+00 1.220842869306928868e+01
7.991520932697403268e+00 1.220631116417563611e+01
8.006830359771536010e+00 1.220419181390838403e+01
8.022139786845668752e+00 1.220207064211159853e+01
8.037449213919801494e+00 1.219994764862801340e+01
8.052758640993934236e+00 1.219782283329902839e+01
8.068068068068066978e+00 1.219569619596468080e+01
8.083377495142199720e+00 1.219356773646364545e+01
8.098686922216334239e+00 1.219143745463320805e+01
8.113996349290466981e+00 1.218930535030926521e+01
8.129305776364599723e+00 1.218717142332629599e+01
8.144615203438732465e+00 1.218503567351735484e+01
8.159924630512865207e+00 1.218289810071405732e+01
8.175234057586997949e+00 1.218075870474656064e+01
8.190543484661130691e+00 1.217861748544355649e+01
8.205852911735263433e+00 1.217647444263224621e+01
8.221162338809397951e+00 1.217432957613833189e+01
8.236471765883530693e+00 1.217218288578599683e+01
8.251781192957663436e+00 1.217003437139789668e+01
8.267090620031796178e+00 1.216788403279513275e+01
8.282400047105928920e+00 1.216573186979724142e+01
8.297709474180061662e+00 1.216357788222218339e+01
8.313018901254194404e+00 1.216142206988631358e+01
8.328328328328327146e+00 1.215926443260437750e+01
8.343637755402459888e+00 1.215710497018948821e+01
8.358947182476594406e+00 1.215494368245310497e+01
8.374256609550727148e+00 1.215278056920502259e+01
8.389566036624859890e+00 1.215061563025335367e+01
8.404875463698992633e+00 1.214844886540450375e+01
8.420184890773125375e+00 1.214628027446315706e+01
8.435494317847258117e+00 1.214410985723226410e+01
8.450803744921390859e+00 1.214193761351300971e+01
8.466113171995523601e+00 1.213976354310480588e+01
8.481422599069658119e+00 1.213758764580526872e+01
8.496732026143790861e+00 1.213540992141019537e+01
8.512041453217923603e+00 1.213323036971354796e+01
8.527350880292056345e+00 1.213104899050743590e+01
8.542660307366189087e+00 1.212886578358208922e+01
8.557969734440321830e+00 1.212668074872584434e+01
8.573279161514454572e+00 1.212449388572511744e+01
8.588588588588587314e+00 1.212230519436438847e+01
8.603898015662721832e+00 1.212011467442617807e+01
8.619207442736854574e+00 1.211792232569102445e+01
8.634516869810987316e+00 1.211572814793746211e+01
8.649826296885120058e+00 1.211353214094200403e+01
8.665135723959252800e+00 1.211133430447911152e+01
8.680445151033385542e+00 1.210913463832117642e+01
8.695754578107518284e+00 1.210693314223849448e+01
8.711064005181651027e+00 1.210472981599924935e+01
8.726373432255783769e+00 1.210252465936947885e+01
8.741682859329918287e+00 1.210031767211305720e+01
8.756992286404051029e+00 1.209810885399167191e+01
8.772301713478183771e+00 1.209589820476479183e+01
8.787611140552316513e+00 1.209368572418964760e+01
8.802920567626449255e+00 1.209147141202120679e+01
8.818229994700581997e+00 1.208925526801214545e+01
8.833539421774714739e+00 1.208703729191282328e+01
8.848848848848847481e+00 1.208481748347125695e+01
8.864158275922982000e+00 1.208259584243308993e+01
8.879467702997114742e+00 1.208036604181378237e+01
8.894777130071247484e+00 1.207811533673130633e+01
8.910086557145380226e+00 1.207586182695362176e+01
8.925395984219512968e+00 1.207360551221315248e+01
8.940705411293645710e+00 1.207134639223977146e+01
8.956014838367778452e+00 1.206908446676077595e+01
8.971324265441911194e+00 1.206681973550086084e+01
8.986633692516045713e+00 1.206455219818207603e+01
9.001943119590178455e+00 1.206228185452380863e+01
9.017252546664311197e+00 1.206000870424274574e+01
9.032561973738443939e+00 1.205773274705284237e+01
9.047871400812576681e+00 1.205545398266528956e+01
9.063180827886709423e+00 1.205317241078848056e+01
9.078490254960842165e+00 1.205088803112798246e+01
9.093799682034974907e+00 1.204860084338649884e+01
9.109109109109107649e+00 1.204631084726383072e+01
9.124418536183242168e+00 1.204401804245685170e+01
9.139727963257374910e+00 1.204172242865946885e+01
9.155037390331507652e+00 1.203942400556258185e+01
9.170346817405640394e+00 1.203712277285405641e+01
9.185656244479773136e+00 1.203481873021867798e+01
9.200965671553905878e+00 1.203251187733811989e+01
9.216275098628038620e+00 1.203020221389090949e+01
9.231584525702171362e+00 1.202788973955237495e+01
9.246893952776305881e+00 1.202557445399462566e+01
9.262203379850438623e+00 1.202325635688649719e+01
9.277512806924571365e+00 1.202093544789351931e+01
9.292822233998704107e+00 1.201861172667787336e+01
9.308131661072836849e+00 1.201628519289835140e+01
9.323441088146969591e+00 1.201395584621031354e+01
9.338750515221102333e+00 1.201162368626564181e+01
9.354059942295235075e+00 1.200928871271270459e+01
9.369369369369369593e+00 1.200695092519630869e+01
9.384678796443502335e+00 1.200461032335765310e+01
9.399988223517635078e+00 1.200226690683428643e+01
9.415297650591767820e+00 1.199992067526006068e+01
9.430607077665900562e+00 1.199757162826508505e+01
9.445916504740033304e+00 1.199521976547567625e+01
9.461225931814166046e+00 1.199286508651431404e+01
9.476535358888298788e+00 1.199050759099958618e+01
9.491844785962431530e+00 1.198814727854614937e+01
9.507154213036566048e+00 1.198578414876467058e+01
9.522463640110698790e+00 1.198341820126177737e+01
9.537773067184831532e+00 1.198104943564000813e+01
9.553082494258964275e+00 1.197867785149775699e+01
9.568391921333097017e+00 1.197630344842922767e+01
9.583701348407229759e+00 1.197392622602436418e+01
9.599010775481362501e+00 1.197154618386881175e+01
9.614320202555495243e+00 1.196916332154385465e+01
9.629629629629629761e+00 1.196677763862635224e+01
9.644939056703762503e+00 1.196438913468869636e+01
9.660248483777895245e+00 1.196198608751606862e+01
9.675557910852027987e+00 1.195956586198981242e+01
9.690867337926160729e+00 1.195714149133504733e+01
9.706176765000293472e+00 1.195471297510092690e+01
9.721486192074426214e+00 1.195228031283176762e+01
9.736795619148558956e+00 1.194984350406698859e+01
9.752105046222693474e+00 1.194740254834105286e+01
9.767414473296826216e+00 1.194495744518339109e+01
9.782723900370958958e+00 1.194250819411833930e+01
9.798033327445091700e+00 1.194005479466506792e+01
9.813342754519224442e+00 1.193759724633751773e+01
9.828652181593357184e+00 1.193513554864432358e+01
9.843961608667489926e+00 1.193266970108874148e+01
9.859271035741622669e+00 1.193019970316858114e+01
9.874580462815755411e+00 1.192772555437612780e+01
9.889889889889889929e+00 1.192524725419806941e+01
9.905199316964022671e+00 1.192276480211541489e+01
9.920508744038155413e+00 1.192027819760342133e+01
9.935818171112288155e+00 1.191778744013151226e+01
9.951127598186420897e+00 1.191529252916319948e+01
9.966437025260553639e+00 1.191279346415599605e+01
9.981746452334686381e+00 1.191029024456133811e+01
9.997055879408819123e+00 1.190778286982449785e+01
1.001236530648295364e+01 1.190527133938449467e+01
1.002767473355708638e+01 1.190275565267401170e+01
1.004298416063121913e+01 1.190023580911930878e+01
1.005829358770535187e+01 1.189771180814012475e+01
1.007360301477948461e+01 1.189518364914958681e+01
1.008891244185361735e+01 1.189265133155412180e+01
1.010422186892775009e+01 1.189011485475335661e+01
1.011953129600188284e+01 1.188757421814002413e+01
1.013484072307601735e+01 1.188502942109985838e+01
1.015015015015015010e+01 1.188248046301150218e+01
1.016545957722428284e+01 1.187992734324639876e+01
1.018076900429841558e+01 1.187737006116869054e+01
1.019607843137254832e+01 1.187480861613511074e+01
1.021138785844668107e+01 1.187224300749488393e+01
1.022669728552081381e+01 1.186967323458960344e+01
1.024200671259494655e+01 1.186707889657139248e+01
1.025731613966907929e+01 1.186447838754093986e+01
1.027262556674321381e+01 1.186187231774081674e+01
1.028793499381734655e+01 1.185926068647577125e+01
1.030324442089147929e+01 1.185664349304228438e+01
1.031855384796561204e+01 1.185402073672845269e+01
1.033386327503974478e+01 1.185139241681386046e+01
1.034917270211387752e+01 1.184875853256945177e+01
1.036448212918801026e+01 1.184611908325740437e+01
1.037979155626214300e+01 1.184347406813099290e+01
1.039510098333627752e+01 1.184082348643445926e+01
1.041041041041041026e+01 1.183816733740287219e+01
1.042571983748454301e+01 1.183550562026199238e+01
1.044102926455867575e+01 1.183283833422812670e+01
1.045633869163280849e+01 1.183016547850798794e+01
1.047164811870694123e+01 1.182748705229854380e+01
1.048695754578107397e+01 1.182480305478686766e+01
1.050226697285520672e+01 1.182211348514999294e+01
1.051757639992934124e+01 1.181941834255474610e+01
1.053288582700347398e+01 1.181671762615759924e+01
1.054819525407760672e+01 1.181401133510450130e+01
1.056350468115173946e+01 1.181129946853071999e+01
1.057881410822587220e+01 1.180858202556066949e+01
1.059412353530000495e+01 1.180585900530774346e+01
1.060943296237413769e+01 1.180313040687413739e+01
1.062474238944827043e+01 1.180039622935067456e+01
1.064005181652240317e+01 1.179765647181662835e+01
1.065536124359653769e+01 1.179491113333953223e+01
1.067067067067067043e+01 1.179216021297499672e+01
1.068598009774480317e+01 1.178938944630574959e+01
1.070128952481893592e+01 1.178660746555103245e+01
1.071659895189306866e+01 1.178381824607119910e+01
1.073190837896720140e+01 1.178102178686552115e+01
1.074721780604133414e+01 1.177821808692026551e+01
1.076252723311546688e+01 1.177540714520848297e+01
1.077783666018960140e+01 1.177258896068980043e+01
1.079314608726373415e+01 1.176976353231019523e+01
1.080845551433786689e+01 1.176693085900177138e+01
1.082376494141199963e+01 1.176409093968252506e+01
1.083907436848613237e+01 1.176124377325612613e+01
1.085438379556026511e+01 1.175838935861166235e+01
1.086969322263439786e+01 1.175552769462340486e+01
1.088500264970853060e+01 1.175265878015056664e+01
1.090031207678266512e+01 1.174978261403703073e+01
1.091562150385679786e+01 1.174689919511111569e+01
1.093093093093093060e+01 1.174400852218529145e+01
1.094624035800506157e+01 1.174111059405592350e+01
1.096154978507919608e+01 1.173820540950299041e+01
1.097685921215332883e+01 1.173529296728981386e+01
1.099216863922745979e+01 1.173237326616276199e+01
1.100747806630159431e+01 1.172944316111740015e+01
1.102278749337572705e+01 1.172649615869180373e+01
1.103809692044986157e+01 1.172354043300630444e+01
1.105340634752399431e+01 1.172057598273007706e+01
1.106871577459812528e+01 1.171760280651373698e+01
1.108402520167225980e+01 1.171462090298902936e+01
1.109933462874639254e+01 1.171163027076847918e+01
1.111464405582052350e+01 1.170863090844506971e+01
1.112995348289465802e+01 1.170562281459188014e+01
1.114526290996879077e+01 1.170260598776174810e+01
1.116057233704292528e+01 1.169958042648689123e+01
1.117588176411705803e+01 1.169654612927855553e+01
1.119119119119119254e+01 1.169350309462662274e+01
1.120650061826532351e+01 1.169045132099923734e+01
1.122181004533945625e+01 1.168739080684240506e+01
1.123711947241359077e+01 1.168432155057959321e+01
1.125242889948772174e+01 1.168124213981467463e+01
1.126773832656185448e+01 1.167814871993712700e+01
1.128304775363598900e+01 1.167504364313760767e+01
1.129835718071012174e+01 1.167192759359601339e+01
1.131366660778425626e+01 1.166880242743624230e+01
1.132897603485838722e+01 1.166566700634020570e+01
1.134428546193251996e+01 1.166252117184726877e+01
1.135959488900665448e+01 1.165936450116461742e+01
1.137490431608078545e+01 1.165619725041942090e+01
1.139021374315491819e+01 1.165301911264973889e+01
1.140552317022905271e+01 1.164982945728147889e+01
1.142083259730318545e+01 1.164662888081423020e+01
1.143614202437731819e+01 1.164341738132656445e+01
1.145145145145145094e+01 1.164019495686768835e+01
1.146676087852558368e+01 1.163696160545687164e+01
1.148207030559971642e+01 1.163371656439407964e+01
1.149737973267384916e+01 1.163045934772677725e+01
1.151268915974798190e+01 1.162719051952911720e+01
1.152799858682211465e+01 1.162391007769104867e+01
1.154330801389624916e+01 1.162061749996771098e+01
1.155861744097038191e+01 1.161731267883704710e+01
1.157392686804451287e+01 1.161399586354768054e+01
1.158923629511864739e+01 1.161066705185112369e+01
1.160454572219278013e+01 1.160732569695107941e+01
1.161985514926691110e+01 1.160397166751623033e+01
1.163516457634104562e+01 1.160060498971808762e+01
1.165047400341517836e+01 1.159722554632505442e+01
1.166578343048931288e+01 1.159383300745023782e+01
1.168109285756344562e+01 1.159042737900066378e+01
1.169640228463757659e+01 1.158700857937691531e+01
1.171171171171171110e+01 1.158357648795799122e+01
1.172702113878584385e+01 1.158013098407991670e+01
1.174233056585997481e+01 1.157667194703484093e+01
1.175763999293410933e+01 1.157319925607013467e+01
1.177294942000824207e+01 1.156971279038745770e+01
1.178825884708237659e+01 1.156621242914180137e+01
1.180356827415650933e+01 1.156269805144049911e+01
1.181887770123064385e+01 1.155916953634223532e+01
1.183418712830477482e+01 1.155562676285599721e+01
1.184949655537890756e+01 1.155206960994002863e+01
1.186480598245304208e+01 1.154849795650073574e+01
1.188011540952717304e+01 1.154491164044424600e+01
1.189542483660130578e+01 1.154130927554065522e+01
1.191073426367544030e+01 1.153769178348478341e+01
1.192604369074957305e+01 1.153405902634857583e+01
1.194135311782370579e+01 1.153041086614606847e+01
1.195666254489783853e+01 1.152674716483212691e+01
1.197197197197197127e+01 1.152306778430112999e+01
1.198728139904610401e+01 1.151937258638563399e+01
1.200259082612023676e+01 1.151566143285499777e+01
1.201790025319436950e+01 1.151193418541396518e+01
1.203320968026850224e+01 1.150819070570121028e+01
1.204851910734263676e+01 1.150443085528785048e+01
1.206382853441676950e+01 1.150065449567591003e+01
1.207913796149090047e+01 1.149686148829674970e+01
1.209444738856503498e+01 1.149305169450943609e+01
1.210975681563916773e+01 1.148922451588832949e+01
1.212506624271329869e+01 1.148537853632216610e+01
1.214037566978743321e+01 1.148151493561211112e+01
1.215568509686156595e+01 1.147763354871524299e+01
1.217099452393569692e+01 1.147373421050721021e+01
1.218630395100983321e+01 1.146981675578030568e+01
1.220161337808396418e+01 1.146588101924150038e+01
1.221692280515809870e+01 1.146192683551040581e+01
1.223223223223223144e+01 1.145795403911719745e+01
1.224754165930636240e+01 1.145396246450045297e+01
1.226285108638049692e+01 1.144995194600494770e+01
1.227816051345462967e+01 1.144592231787938275e+01
1.229346994052876063e+01 1.144187341427402771e+01
1.230877936760289693e+01 1.143780506923832085e+01
1.232408879467703144e+01 1.143371711671838042e+01
1.233939822175116241e+01 1.142960849077925012e+01
1.235470764882529515e+01 1.142547839799948228e+01
1.237001707589942967e+01 1.142132763682009688e+01
1.238532650297356064e+01 1.141715598270909382e+01
1.240063593004769338e+01 1.141296320861223812e+01
1.241594535712182790e+01 1.140874908495002948e+01
1.243125478419596064e+01 1.140451337961460077e+01
1.244656421127009516e+01 1.140025585796649210e+01
1.246187363834422612e+01 1.139597628283135577e+01
1.247718306541835886e+01 1.139167441449653317e+01
1.249249249249249338e+01 1.138735001070753405e+01
1.250780191956662435e+01 1.138300282666441277e+01
1.252311134664075709e+01 1.137863261501801482e+01
1.253842077371489161e+01 1.137423912586611152e+01
1.255373020078902258e+01 1.136982210674941207e+01
1.256903962786315709e+01 1.136538049324705035e+01
1.258434905493728984e+01 1.136091421910203003e+01
1.259965848201142258e+01 1.135642343212168370e+01
1.261496790908555532e+01 1.135190785566480898e+01
1.263027733615968806e+01 1.134736721013835492e+01
1.264558676323382080e+01 1.134280121299254240e+01
1.266089619030795355e+01 1.133820957871584234e+01
1.267620561738208629e+01 1.133359201882978162e+01
1.269151504445622081e+01 1.132894824188356075e+01
1.270682447153035177e+01 1.132427795344850452e+01
1.272213389860448629e+01 1.131958085611231546e+01
1.273744332567861903e+01 1.131485664947312664e+01
1.275275275275275000e+01 1.131010503013335899e+01
1.276806217982688452e+01 1.130532569169335666e+01
1.278337160690101726e+01 1.130051832474480378e+01
1.279868103397514822e+01 1.129568261686390152e+01
1.281399046104928452e+01 1.129081825260432304e+01
1.282929988812341549e+01 1.128592491348989135e+01
1.284460931519755000e+01 1.128100227800701738e+01
1.285991874227168275e+01 1.127605002159685199e+01
1.287522816934581371e+01 1.127106781664716095e+01
1.289053759641994823e+01 1.126605533248389079e+01
1.290584702349408097e+01 1.126101223536244689e+01
1.292115645056821549e+01 1.125593702990199674e+01
1.293646587764234646e+01 1.125082407126248008e+01
1.295177530471648275e+01 1.124567831520549355e+01
1.296708473179061372e+01 1.124049933706294269e+01
1.298239415886474646e+01 1.123528670691569431e+01
1.299770358593888098e+01 1.123003998958256133e+01
1.301301301301301194e+01 1.122475874460885237e+01
1.302832244008714468e+01 1.121944252625447724e+01
1.304363186716127920e+01 1.121409088348160488e+01
1.305894129423541017e+01 1.120870335994181133e+01
1.307425072130954469e+01 1.120327949396274292e+01
1.308956014838367743e+01 1.119781881853424821e+01
1.310486957545781017e+01 1.119232086129393267e+01
1.312017900253194291e+01 1.118678514451216088e+01
1.313548842960607566e+01 1.118121118507643530e+01
1.315079785668020840e+01 1.117559849447513365e+01
1.316610728375434114e+01 1.116994657878059094e+01
1.318141671082847388e+01 1.116425493863146734e+01
1.319672613790260840e+01 1.115852306921438775e+01
1.321203556497673937e+01 1.115275046024481043e+01
1.322734499205087388e+01 1.114693659594708386e+01
1.324265441912500663e+01 1.114108095503365270e+01
1.325796384619913759e+01 1.113518301068337379e+01
1.327327327327327211e+01 1.112924223051889605e+01
1.328858270034740485e+01 1.112324695305808220e+01
1.330389212742153582e+01 1.111720068903147762e+01
1.331920155449567211e+01 1.111110729148679788e+01
1.333451098156980308e+01 1.110496602935080546e+01
1.334982040864393760e+01 1.109877616114857446e+01
1.336512983571807034e+01 1.109253693497373305e+01
1.338043926279220130e+01 1.108624758845733105e+01
1.339574868986633582e+01 1.107990734873527749e+01
1.341105811694046857e+01 1.107351543241427905e+01
1.342636754401459953e+01 1.106707104553617249e+01
1.344167697108873405e+01 1.106057338354058217e+01
1.345698639816287034e+01 1.105402163122581527e+01
1.347229582523700131e+01 1.104741496270787060e+01
1.348760525231113405e+01 1.104075254137746676e+01
1.350291467938526857e+01 1.103403351985500436e+01
1.351822410645939954e+01 1.102725703994328477e+01
1.353353353353353228e+01 1.102042223257790710e+01
1.354884296060766680e+01 1.101352821777519431e+01
1.356415238768179776e+01 1.100657410457748497e+01
1.357946181475593406e+01 1.099955899099565393e+01
1.359477124183006502e+01 1.099248196394869304e+01
1.361008066890419776e+01 1.098534209920016202e+01
1.362539009597833228e+01 1.097813846129133353e+01
1.364069952305246325e+01 1.097086258619434673e+01
1.365600895012659599e+01 1.096349083334539465e+01
1.367131837720073051e+01 1.095604669326126590e+01
1.368662780427486148e+01 1.094852879844894566e+01
1.370193723134899599e+01 1.094093575931336026e+01
1.371724665842312874e+01 1.093326616406345941e+01
1.373255608549726148e+01 1.092551857861304399e+01
1.374786551257139422e+01 1.091769154647603202e+01
1.376317493964552696e+01 1.090978358865574727e+01
1.377848436671965970e+01 1.090179320352786974e+01
1.379379379379379245e+01 1.089371886671658451e+01
1.380910322086792519e+01 1.088555903096349020e+01
1.382441264794205793e+01 1.087731212598874286e+01
1.383972207501619067e+01 1.086897655834391152e+01
1.385503150209032519e+01 1.086055071125594296e+01
1.387034092916445793e+01 1.085203294446161237e+01
1.388565035623858890e+01 1.084342159403177419e+01
1.390095978331272342e+01 1.083471497218465451e+01
1.391626921038685616e+01 1.082591136708739654e+01
1.393157863746098712e+01 1.081700904264498320e+01
1.394688806453512164e+01 1.080800623827555995e+01
1.396219749160925439e+01 1.079890116867116134e+01
1.397750691868338890e+01 1.078969202354269008e+01
1.399281634575752165e+01 1.078037696734793016e+01
1.400812577283165261e+01 1.077088017667578512e+01
1.402343519990578713e+01 1.076123486002012797e+01
1.403874462697991987e+01 1.075146149399544626e+01
1.405405405405405439e+01 1.074155705176085895e+01
1.406936348112818536e+01 1.073151845040846730e+01
1.408467290820232165e+01 1.072134255054307772e+01
1.409998233527645262e+01 1.071102615583137840e+01
1.411529176235058536e+01 1.070056601251790696e+01
1.413060118942471988e+01 1.068995880890495265e+01
1.414591061649885084e+01 1.067920117479316566e+01
1.416122004357298358e+01 1.066828968087937035e+01
1.417652947064711810e+01 1.065722083810769583e+01
1.419183889772124907e+01 1.064599109696972157e+01
1.420714832479538181e+01 1.063459684674887562e+01
1.422245775186951633e+01 1.062303441470384691e+01
1.423776717894364907e+01 1.061130006518510349e+01
1.425307660601778181e+01 1.059938999867805975e+01
1.426838603309191456e+01 1.058730035076564135e+01
1.428369546016604730e+01 1.057502719100214605e+01
1.429900488724018004e+01 1.056256652168943688e+01
1.431431431431431278e+01 1.054991427654532821e+01
1.432962374138844552e+01 1.053706631925292392e+01
1.434493316846257827e+01 1.052401844187819790e+01
1.436024259553671278e+01 1.051070777368792442e+01
1.437555202261084553e+01 1.049700249101663729e+01
1.439086144968497649e+01 1.048303629504257728e+01
1.440617087675911101e+01 1.046880051722834182e+01
1.442148030383324375e+01 1.045428626143584339e+01
1.443678973090737472e+01 1.043948440100100683e+01
1.445209915798150924e+01 1.042438557550601708e+01
1.446740858505564198e+01 1.040898018721172669e+01
1.448271801212977650e+01 1.039325839710737576e+01
1.449802743920390924e+01 1.037721012052853631e+01
1.451333686627804020e+01 1.036082502228673796e+01
1.452864629335217472e+01 1.034409251124558082e+01
1.454395572042630747e+01 1.032700173426793810e+01
1.455926514750043843e+01 1.030954156944673628e+01
1.457457457457457295e+01 1.029170061851751150e+01
1.458988400164870569e+01 1.027346719833400002e+01
1.460519342872284021e+01 1.025482933126757779e+01
1.462050285579697295e+01 1.023577473436712992e+01
1.463581228287110747e+01 1.021621969685314113e+01
1.465112170994523844e+01 1.019597081771224545e+01
1.466643113701937118e+01 1.017517123576095095e+01
1.468174056409350570e+01 1.015379495070712679e+01
1.469704999116763666e+01 1.013181493114302079e+01
1.471235941824176940e+01 1.010920308893220287e+01
1.472766884531590392e+01 1.008593024958688922e+01
1.474297827239003666e+01 1.006196611787297002e+01
1.475828769946417118e+01 1.003727923770740027e+01
1.477359712653830215e+01 1.001183694519391132e+01
1.478890655361243489e+01 nan
1.480421598068656941e+01 nan
1.481952540776070038e+01 nan
1.483483483483483312e+01 nan
1.485014426190896764e+01 nan
1.486545368898310038e+01 nan
1.488076311605723312e+01 nan
1.489607254313136586e+01 nan
1.491138197020549860e+01 nan
1.492669139727963135e+01 nan
1.494200082435376409e+01 nan
1.495731025142789683e+01 nan
1.497261967850202957e+01 nan
1.498792910557616409e+01 nan
1.500323853265029683e+01 nan
1.501854795972442780e+01 nan
1.503385738679856232e+01 nan
1.504916681387269506e+01 nan
1.506447624094682602e+01 nan
1.507978566802096054e+01 nan
1.509509509509509328e+01 nan
1.511040452216922780e+01 nan
1.512571394924336055e+01 nan
1.514102337631749151e+01 nan
1.515633280339162603e+01 nan
1.517164223046575877e+01 nan
1.518695165753989329e+01 nan
1.520226108461402426e+01 nan
1.521757051168815700e+01 nan
1.523287993876229152e+01 nan
1.524818936583642426e+01 nan
1.526349879291055878e+01 nan
1.527880821998468974e+01 nan
1.529411764705882248e+01 nan
