0.000000000000000000e+00 1.323300494515798320e+01
3.061885414826590913e-03 1.306000322367536626e+01
6.123770829653181827e-03 1.305616051823948887e+01
9.185656244479773608e-03 1.305271580772214080e+01
1.224754165930636365e-02 1.304940758539016699e+01
1.530942707413295370e-02 1.304609929902544785e+01
1.837131248895954722e-02 1.304279094850751264e+01
2.143319790378613726e-02 1.303952019107474669e+01
2.449508331861272731e-02 1.303642919938856970e+01
2.755696873343931735e-02 1.303341181484496047e+01
3.061885414826590740e-02 1.303046803651000829e+01
3.368073956309249745e-02 1.302759786328115510e+01
3.674262497791909443e-02 1.302470276779981795e+01
3.980451039274568448e-02 1.302182772952923528e+01
4.286639580757227452e-02 1.301900257206004063e+01
4.592828122239886457e-02 1.301622729471322160e+01
4.899016663722545462e-02 1.301350189673966007e+01
5.205205205205205160e-02 1.301082637732048930e+01
5.511393746687863471e-02 1.300820073556745982e+01
5.817582288170522475e-02 1.300562497052333200e+01
6.123770829653181480e-02 1.300309908116227398e+01
6.429959371135840485e-02 1.300062306639028087e+01
6.736147912618499489e-02 1.299815093018531442e+01
7.042336454101158494e-02 1.299565361964234178e+01
7.348524995583818886e-02 1.299318630978219069e+01
7.654713537066477891e-02 1.299074900029527768e+01
7.960902078549136895e-02 1.298834169085306378e+01
8.267090620031795900e-02 1.298596438110826412e+01
8.573279161514454905e-02 1.298361707069505400e+01
8.879467702997113909e-02 1.298129975922930157e+01
9.185656244479772914e-02 1.297901244630878637e+01
9.491844785962431919e-02 1.297675513151342841e+01
9.798033327445090923e-02 1.297452265272484340e+01
1.010422186892774854e-01 1.297227104329765801e+01
1.041041041041041032e-01 1.297003466789571391e+01
1.071659895189306794e-01 1.296781223507255554e+01
1.102278749337572694e-01 1.296560245345475693e+01
1.132897603485838595e-01 1.296340403174309053e+01
1.163516457634104495e-01 1.296121567871348290e+01
1.194135311782370396e-01 1.295903610321778743e+01
1.224754165930636296e-01 1.295686401418435985e+01
1.255373020078902335e-01 1.295469812061844728e+01
1.285991874227168097e-01 1.295253713160238540e+01
1.316610728375434136e-01 1.295041906852794966e+01
1.347229582523699898e-01 1.294832054470065152e+01
1.377848436671965937e-01 1.294623103254065910e+01
1.408467290820231699e-01 1.294414962086626275e+01
1.439086144968497738e-01 1.294207539854278188e+01
1.469704999116763777e-01 1.294000745448277456e+01
1.500323853265029539e-01 1.293794487764614587e+01
1.530942707413295578e-01 1.293588675704017632e+01
1.561561561561561340e-01 1.293383218171944904e+01
1.592180415709827379e-01 1.293178024078569699e+01
1.622799269858092863e-01 1.292973002338756139e+01
1.653418124006359180e-01 1.292768061872025775e+01
1.684036978154624942e-01 1.292563111602516557e+01
1.714655832302890981e-01 1.292358060458932201e+01
1.745274686451156743e-01 1.292152817374484819e+01
1.775893540599422782e-01 1.291947291286827237e+01
1.806512394747688544e-01 1.291741391137978390e+01
1.837131248895954583e-01 1.291535025874240716e+01
1.867750103044220344e-01 1.291328104446109037e+01
1.898368957192486384e-01 1.291124280103013966e+01
1.928987811340752145e-01 1.290923290364272091e+01
1.959606665489018185e-01 1.290722524902816559e+01
1.990225519637284224e-01 1.290521943312332631e+01
2.020844373785549708e-01 1.290321505186995132e+01
2.051463227933816025e-01 1.290121170121448380e+01
2.082082082082082064e-01 1.289920897710785397e+01
2.112700936230347826e-01 1.289720647550523225e+01
2.143319790378613587e-01 1.289520379236580006e+01
2.173938644526879627e-01 1.289320052365247804e+01
2.204557498675145388e-01 1.289119626533165608e+01
2.235176352823411428e-01 1.288919061337290017e+01
2.265795206971677189e-01 1.288718316374865935e+01
2.296414061119943228e-01 1.288517351243394060e+01
2.327032915268208990e-01 1.288316125540598733e+01
2.357651769416475029e-01 1.288114598864393479e+01
2.388270623564740791e-01 1.287912730812845830e+01
2.418889477713006830e-01 1.287710480984140382e+01
2.449508331861272592e-01 1.287507808976541490e+01
2.480127186009538909e-01 1.287306053508641845e+01
2.510746040157804670e-01 1.287106686762157004e+01
2.541364894306070710e-01 1.286907404246564113e+01
2.571983748454336194e-01 1.286708196046953034e+01
2.602602602602602233e-01 1.286509052247036244e+01
2.633221456750868272e-01 1.286309962929137107e+01
2.663840310899134312e-01 1.286110918174177442e+01
2.694459165047399796e-01 1.285911908061665088e+01
2.725078019195665835e-01 1.285712922669680225e+01
2.755696873343931874e-01 1.285513952074863120e+01
2.786315727492197913e-01 1.285314986352400446e+01
2.816934581640463398e-01 1.285116015576011606e+01
2.847553435788729437e-01 1.284917029817934875e+01
2.878172289936995476e-01 1.284718019148914081e+01
2.908791144085260960e-01 1.284518973638183859e+01
2.939409998233527554e-01 1.284319883353455083e+01
2.970028852381793039e-01 1.284120738360901193e+01
3.000647706530059078e-01 1.283921528725142380e+01
3.031266560678325117e-01 1.283722244509231381e+01
3.061885414826591156e-01 1.283522990906567784e+01
3.092504268974856640e-01 1.283324435359245186e+01
3.123123123123122680e-01 1.283125934753697805e+01
3.153741977271388719e-01 1.282927489094348061e+01
3.184360831419654758e-01 1.282729098385663669e+01
3.214979685567920242e-01 1.282530762632157284e+01
3.245598539716185726e-01 1.282332481838387395e+01
3.276217393864452321e-01 1.282134256008957607e+01
3.306836248012718360e-01 1.281936085148517890e+01
3.337455102160983844e-01 1.281737969261764043e+01
3.368073956309249883e-01 1.281539908353438761e+01
3.398692810457515923e-01 1.281341902428330926e+01
3.429311664605781962e-01 1.281143951491276667e+01
3.459930518754048001e-01 1.280946055547159190e+01
3.490549372902313485e-01 1.280748214600909307e+01
3.521168227050579524e-01 1.280550428657505080e+01
3.551787081198845564e-01 1.280352697721973598e+01
3.582405935347111603e-01 1.280155021799388848e+01
3.613024789495377087e-01 1.279957400894874375e+01
3.643643643643643126e-01 1.279759835013602220e+01
3.674262497791909166e-01 1.279561333277377955e+01
3.704881351940174650e-01 1.279362749600276494e+01
3.735500206088440689e-01 1.279164164066013321e+01
3.766119060236706728e-01 1.278965576676965377e+01
3.796737914384972767e-01 1.278766987435523816e+01
3.827356768533238807e-01 1.278568396344095071e+01
3.857975622681504291e-01 1.278369803405099958e+01
3.888594476829770330e-01 1.278171208620974575e+01
3.919213330978036369e-01 1.277972611994169938e+01
3.949832185126302408e-01 1.277774013527152519e+01
3.980451039274568448e-01 1.277575413222403355e+01
4.011069893422833932e-01 1.277376811082419295e+01
4.041688747571099416e-01 1.277178207109712460e+01
4.072307601719366010e-01 1.276979601306810075e+01
4.102926455867632050e-01 1.276780993676255349e+01
4.133545310015897534e-01 1.276582384220606770e+01
4.164164164164164128e-01 1.276383772942438632e+01
4.194783018312429612e-01 1.276185159844341221e+01
4.225401872460695651e-01 1.275986544928920452e+01
4.256020726608961136e-01 1.275787928198798227e+01
4.286639580757227175e-01 1.275589309656612613e+01
4.317258434905493214e-01 1.275390689305017489e+01
4.347877289053759253e-01 1.275192067146683605e+01
4.378496143202024737e-01 1.274993443184297348e+01
4.409114997350290777e-01 1.274794817420561976e+01
4.439733851498556816e-01 1.274596189858196915e+01
4.470352705646822855e-01 1.274397560499938464e+01
4.500971559795088894e-01 1.274198929348539089e+01
4.531590413943354378e-01 1.274000296406768840e+01
4.562209268091620418e-01 1.273801661677414110e+01
4.592828122239886457e-01 1.273603025163278168e+01
4.623446976388153051e-01 1.273404386867181692e+01
4.654065830536417980e-01 1.273205746791962234e+01
4.684684684684684020e-01 1.273007104940474754e+01
4.715303538832950059e-01 1.272808461315591444e+01
4.745922392981216098e-01 1.272609815920202081e+01
4.776541247129481582e-01 1.272411064221870092e+01
4.807160101277747621e-01 1.272211332171346143e+01
4.837778955426013661e-01 1.272011541351766262e+01
4.868397809574279700e-01 1.271811691763064189e+01
4.899016663722545184e-01 1.271611783405156082e+01
4.929635517870811223e-01 1.271411816277941753e+01
4.960254372019077818e-01 1.271211790381303430e+01
4.990873226167343302e-01 1.271011705715106643e+01
5.021492080315609341e-01 1.270811562279199336e+01
5.052110934463874825e-01 1.270611360073412932e+01
5.082729788612141419e-01 1.270411099097560914e+01
5.113348642760406904e-01 1.270210779351439356e+01
5.143967496908672388e-01 1.270010400834827458e+01
5.174586351056938982e-01 1.269809963547486120e+01
5.205205205205204466e-01 1.269609467489159371e+01
5.235824059353469950e-01 1.269408912659573296e+01
5.266442913501736545e-01 1.269208299058435863e+01
5.297061767650002029e-01 1.269007626685437629e+01
5.327680621798268623e-01 1.268806895540251212e+01
5.358299475946534107e-01 1.268606105622531111e+01
5.388918330094799591e-01 1.268405256931914060e+01
5.419537184243066186e-01 1.268204349468018144e+01
5.450156038391331670e-01 1.268003383230443504e+01
5.480774892539597154e-01 1.267802358218772341e+01
5.511393746687863748e-01 1.267601274432568026e+01
5.542012600836129232e-01 1.267400131871375457e+01
5.572631454984395827e-01 1.267198930534721413e+01
5.603250309132661311e-01 1.266997670422113487e+01
5.633869163280926795e-01 1.266796351533041332e+01
5.664488017429193389e-01 1.266594973866975238e+01
5.695106871577458874e-01 1.266393537423366844e+01
5.725725725725725468e-01 1.266192042201648782e+01
5.756344579873990952e-01 1.265990488201234854e+01
5.786963434022256436e-01 1.265788875421519499e+01
5.817582288170521920e-01 1.265587203861878152e+01
5.848201142318788515e-01 1.265385473521666881e+01
5.878819996467055109e-01 1.265183684400222397e+01
5.909438850615320593e-01 1.264981668134364767e+01
5.940057704763586077e-01 1.264779129145138903e+01
5.970676558911852672e-01 1.264576498385495462e+01
6.001295413060118156e-01 1.264373775851942483e+01
6.031914267208383640e-01 1.264170961540945903e+01
6.062533121356650234e-01 1.263968055448929029e+01
6.093151975504915718e-01 1.263765057572271644e+01
6.123770829653182313e-01 1.263561967907310901e+01
6.154389683801446687e-01 1.263358786450340432e+01
6.185008537949713281e-01 1.263155513197610524e+01
6.215627392097979875e-01 1.262952148145327058e+01
6.246246246246245359e-01 1.262748691289652392e+01
6.276865100394510844e-01 1.262545142626704653e+01
6.307483954542777438e-01 1.262341502152557027e+01
6.338102808691042922e-01 1.262137769863238645e+01
6.368721662839309516e-01 1.261933945754732989e+01
6.399340516987575000e-01 1.261730029822979127e+01
6.429959371135840485e-01 1.261526022063870300e+01
6.460578225284107079e-01 1.261321922473253920e+01
6.491197079432371453e-01 1.261117731046932278e+01
6.521815933580639157e-01 1.260913447780660768e+01
6.552434787728904642e-01 1.260709072670149133e+01
6.583053641877170126e-01 1.260504605711059867e+01
6.613672496025436720e-01 1.260300046899009097e+01
6.644291350173702204e-01 1.260095396229566056e+01
6.674910204321967688e-01 1.259890653698252194e+01
6.705529058470234283e-01 1.259685819300541709e+01
6.736147912618499767e-01 1.259480893031861193e+01
6.766766766766766361e-01 1.259275874887588564e+01
6.797385620915031845e-01 1.259070764863053959e+01
6.828004475063296219e-01 1.258865562953539019e+01
6.858623329211563924e-01 1.258660269154276179e+01
6.889242183359829408e-01 1.258454883460449381e+01
6.919861037508096002e-01 1.258249405867192472e+01
6.950479891656361486e-01 1.258043836369590274e+01
6.981098745804626970e-01 1.257838174962677869e+01
7.011717599952893565e-01 1.257632421641439713e+01
7.042336454101159049e-01 1.257426284041982179e+01
7.072955308249424533e-01 1.257219686052431840e+01
7.103574162397691127e-01 1.257012977860679115e+01
7.134193016545956612e-01 1.256806159460083450e+01
7.164811870694223206e-01 1.256599230843943360e+01
7.195430724842488690e-01 1.256392192005496966e+01
7.226049578990754174e-01 1.256185042937920215e+01
7.256668433139020769e-01 1.255977783634328304e+01
7.287287287287286253e-01 1.255770414087774078e+01
7.317906141435551737e-01 1.255562934291248034e+01
7.348524995583818331e-01 1.255355344237677961e+01
7.379143849732083815e-01 1.255147643919929124e+01
7.409762703880349299e-01 1.254939833330802834e+01
7.440381558028615894e-01 1.254731912463036814e+01
7.471000412176881378e-01 1.254523881309304834e+01
7.501619266325147972e-01 1.254315739862216361e+01
7.532238120473413456e-01 1.254107488114315494e+01
7.562856974621680051e-01 1.253899126058081670e+01
7.593475828769945535e-01 1.253690653685928424e+01
7.624094682918211019e-01 1.253482070990203745e+01
7.654713537066477613e-01 1.253273377963188651e+01
7.685332391214743097e-01 1.253064574597098435e+01
7.715951245363008582e-01 1.252855660884080180e+01
7.746570099511274066e-01 1.252646636816214532e+01
7.777188953659540660e-01 1.252437502385513390e+01
7.807807807807807254e-01 1.252228257583921156e+01
7.838426661956072738e-01 1.252018902403313128e+01
7.869045516104338223e-01 1.251809436835495681e+01
7.899664370252604817e-01 1.251599860872205738e+01
7.930283224400870301e-01 1.251390174505110586e+01
7.960902078549136895e-01 1.251180377725806814e+01
7.991520932697402380e-01 1.250970470525820488e+01
8.022139786845667864e-01 1.250760452896606978e+01
8.052758640993934458e-01 1.250550324829549709e+01
8.083377495142198832e-01 1.250340086315960342e+01
8.113996349290465426e-01 1.250129737347078240e+01
8.144615203438732021e-01 1.249919277914069760e+01
8.175234057586997505e-01 1.249708708008028424e+01
8.205852911735264099e-01 1.249498027619973683e+01
8.236471765883529583e-01 1.249287236740851448e+01
8.267090620031795067e-01 1.249076335361532486e+01
8.297709474180061662e-01 1.248865323472813316e+01
8.328328328328328256e-01 1.248654201065414249e+01
8.358947182476593740e-01 1.248442968129980279e+01
8.389566036624859224e-01 1.248231624657080197e+01
8.420184890773124708e-01 1.248020170637205339e+01
8.450803744921391303e-01 1.247808606060770487e+01
8.481422599069656787e-01 1.247596930918112434e+01
8.512041453217922271e-01 1.247385145199489642e+01
8.542660307366188865e-01 1.247173248895082409e+01
8.573279161514454350e-01 1.246961241994991454e+01
8.603898015662720944e-01 1.246749124489238092e+01
8.634516869810986428e-01 1.246536896367763525e+01
8.665135723959253022e-01 1.246324557620428308e+01
8.695754578107518507e-01 1.246112108237011995e+01
8.726373432255783991e-01 1.245899548207212426e+01
8.756992286404049475e-01 1.245686877520645730e+01
8.787611140552316069e-01 1.245474096166845079e+01
8.818229994700581553e-01 1.245261204135260868e+01
8.848848848848848148e-01 1.245048201415259648e+01
8.879467702997113632e-01 1.244835087996123946e+01
8.910086557145379116e-01 1.244621863867051736e+01
8.940705411293645710e-01 1.244408529017155729e+01
8.971324265441911194e-01 1.244195083435463189e+01
9.001943119590177789e-01 1.243981527110914698e+01
9.032561973738443273e-01 1.243767860032364503e+01
9.063180827886708757e-01 1.243554082188579279e+01
9.093799682034975351e-01 1.243340193568238305e+01
9.124418536183240835e-01 1.243126194159931863e+01
9.155037390331506320e-01 1.242912083952161595e+01
9.185656244479772914e-01 1.242697862933339792e+01
9.216275098628038398e-01 1.242482334320324533e+01
9.246893952776306103e-01 1.242266529763965899e+01
9.277512806924570476e-01 1.242050577208809337e+01
9.308131661072835961e-01 1.241834476641967733e+01
9.338750515221102555e-01 1.241618228050454675e+01
9.369369369369368039e-01 1.241401831421186053e+01
9.399988223517634633e-01 1.241185286740977034e+01
9.430607077665900118e-01 1.240968593996543667e+01
9.461225931814165602e-01 1.240751753174500394e+01
9.491844785962432196e-01 1.240534764261360756e+01
9.522463640110697680e-01 1.240317627243535625e+01
9.553082494258963164e-01 1.240100342107333375e+01
9.583701348407230869e-01 1.239882908838958997e+01
9.614320202555495243e-01 1.239665327424512853e+01
9.644939056703761837e-01 1.239447597849991034e+01
9.675557910852027321e-01 1.239229720101283760e+01
9.706176765000292805e-01 1.239011694164175026e+01
9.736795619148559400e-01 1.238793520024341888e+01
9.767414473296824884e-01 1.238575197667353933e+01
9.798033327445090368e-01 1.238356727078672215e+01
9.828652181593356962e-01 1.238138108243648716e+01
9.859271035741622446e-01 1.237919341147525820e+01
9.889889889889889041e-01 1.237700425775435242e+01
9.920508744038155635e-01 1.237481362112397498e+01
9.951127598186420009e-01 1.237262150143320838e+01
9.981746452334686603e-01 1.237042789853000890e+01
1.001236530648295320e+00 1.236823281226120130e+01
1.004298416063121868e+00 1.236603624247246103e+01
1.007360301477948417e+00 1.236383818900831955e+01
1.010422186892774965e+00 1.236163865171214482e+01
1.013484072307601513e+00 1.235943763042613952e+01
1.016545957722428284e+00 1.235723512499133570e+01
1.019607843137254832e+00 1.235503113524758234e+01
1.022669728552081381e+00 1.235282566103353474e+01
1.025731613966907929e+00 1.235061870218665447e+01
1.028793499381734478e+00 1.234841025854319341e+01
1.031855384796561248e+00 1.234620032993819372e+01
1.034917270211387796e+00 1.234398891620546834e+01
1.037979155626214345e+00 1.234177601717760453e+01
1.041041041041040893e+00 1.233956163268594608e+01
1.044102926455867442e+00 1.233734576256059334e+01
1.047164811870693990e+00 1.233512840663038368e+01
1.050226697285520761e+00 1.233290956472289324e+01
1.053288582700347309e+00 1.233068923666442274e+01
1.056350468115173857e+00 1.232846742227999037e+01
1.059412353530000406e+00 1.232624412139332115e+01
1.062474238944826954e+00 1.232401933382684156e+01
1.065536124359653725e+00 1.232179305940166358e+01
1.068598009774480273e+00 1.231956529793758470e+01
1.071659895189306821e+00 1.231733604925307191e+01
1.074721780604133370e+00 1.231510531316525459e+01
1.077783666018959918e+00 1.231287308948991566e+01
1.080845551433786689e+00 1.231063937804148090e+01
1.083907436848613237e+00 1.230840417863301006e+01
1.086969322263439786e+00 1.230616749107618624e+01
1.090031207678266334e+00 1.230392931518130872e+01
1.093093093093092882e+00 1.230168965075728060e+01
1.096154978507919431e+00 1.229944849761159986e+01
1.099216863922746201e+00 1.229720585555034695e+01
1.102278749337572750e+00 1.229496172437818480e+01
1.105340634752399076e+00 1.229271610389833036e+01
1.108402520167225846e+00 1.229046899391255998e+01
1.111464405582052395e+00 1.228822039422119872e+01
1.114526290996879165e+00 1.228597030462309547e+01
1.117588176411705714e+00 1.228371872491562655e+01
1.120650061826532262e+00 1.228146565489468500e+01
1.123711947241358811e+00 1.227921109435465929e+01
1.126773832656185359e+00 1.227695504308842978e+01
1.129835718071012129e+00 1.227469750088735800e+01
1.132897603485838678e+00 1.227243846754127254e+01
1.135959488900665226e+00 1.227017450161458711e+01
1.139021374315491775e+00 1.226790245244104050e+01
1.142083259730318323e+00 1.226562849188547055e+01
1.145145145145145094e+00 1.226335261389049158e+01
1.148207030559971642e+00 1.226107481239697350e+01
1.151268915974798190e+00 1.225879508134402052e+01
1.154330801389624739e+00 1.225651341466896405e+01
1.157392686804451287e+00 1.225422980630735204e+01
1.160454572219278058e+00 1.225194425019292410e+01
1.163516457634104384e+00 1.224965674025760975e+01
1.166578343048931155e+00 1.224736727043150886e+01
1.169640228463757703e+00 1.224507583464287741e+01
1.172702113878584029e+00 1.224278242681811690e+01
1.175763999293411022e+00 1.224048704088176009e+01
1.178825884708237570e+00 1.223818967075645148e+01
1.181887770123064119e+00 1.223589031036294017e+01
1.184949655537890667e+00 1.223358895362005860e+01
1.188011540952717215e+00 1.223128559444471186e+01
1.191073426367543764e+00 1.222898022675186702e+01
1.194135311782370534e+00 1.222667284445452651e+01
1.197197197197197083e+00 1.222436344146372278e+01
1.200259082612023631e+00 1.222205201168850586e+01
1.203320968026850180e+00 1.221973854903591139e+01
1.206382853441676728e+00 1.221742304741096774e+01
1.209444738856503498e+00 1.221510550071666046e+01
1.212506624271330047e+00 1.221278590285392873e+01
1.215568509686156595e+00 1.221046424772164585e+01
1.218630395100983144e+00 1.220814052921660320e+01
1.221692280515809692e+00 1.220581474123349253e+01
1.224754165930636463e+00 1.220348687766488993e+01
1.227816051345463011e+00 1.220115693240124344e+01
1.230877936760289337e+00 1.219882489933084813e+01
1.233939822175116108e+00 1.219649077233984080e+01
1.237001707589942656e+00 1.219415454531216980e+01
1.240063593004769427e+00 1.219181621212958788e+01
1.243125478419595975e+00 1.218947576667162913e+01
1.246187363834422523e+00 1.218713320281559653e+01
1.249249249249249072e+00 1.218478851443653710e+01
1.252311134664075620e+00 1.218244169540723298e+01
1.255373020078902169e+00 1.218009273959817307e+01
1.258434905493728939e+00 1.217774164087754407e+01
1.261496790908555488e+00 1.217538839311120746e+01
1.264558676323382036e+00 1.217303299016267992e+01
1.267620561738208584e+00 1.217067542589311735e+01
1.270682447153035133e+00 1.216831569416129355e+01
1.273744332567861903e+00 1.216595378882358602e+01
1.276806217982688452e+00 1.216358970373394577e+01
1.279868103397515000e+00 1.216122343274389195e+01
1.282929988812341549e+00 1.215885496970248170e+01
1.285991874227168097e+00 1.215648430845629058e+01
1.289053759641994645e+00 1.215411144284940193e+01
1.292115645056821416e+00 1.215173636672337132e+01
1.295177530471647964e+00 1.214935907391722303e+01
1.298239415886474291e+00 1.214697955826741449e+01
1.301301301301301061e+00 1.214459781360782387e+01
1.304363186716127831e+00 1.214221383376972518e+01
1.307425072130954380e+00 1.213982761258177057e+01
1.310486957545780928e+00 1.213743914386996536e+01
1.313548842960607477e+00 1.213504842145764684e+01
1.316610728375434025e+00 1.213265543916545930e+01
1.319672613790260574e+00 1.213026019081134166e+01
1.322734499205087344e+00 1.212786267021049369e+01
1.325796384619913892e+00 1.212546287117535826e+01
1.328858270034740441e+00 1.212306078751559824e+01
1.331920155449566989e+00 1.212065641303807340e+01
1.334982040864393538e+00 1.211824974154681556e+01
1.338043926279220308e+00 1.211584076684300548e+01
1.341105811694046857e+00 1.211342948272495335e+01
1.344167697108873405e+00 1.211101588298806497e+01
1.347229582523699953e+00 1.210859996142482409e+01
1.350291467938526502e+00 1.210618171182476921e+01
1.353353353353353272e+00 1.210375853197212415e+01
1.356415238768179599e+00 1.210133215310697707e+01
1.359477124183006369e+00 1.209890317336261489e+01
1.362539009597832917e+00 1.209647158024012370e+01
1.365600895012659244e+00 1.209403736123756978e+01
1.368662780427486236e+00 1.209160050384996232e+01
1.371724665842312785e+00 1.208916099556923385e+01
1.374786551257139333e+00 1.208671882388421537e+01
1.377848436671965882e+00 1.208427397628060085e+01
1.380910322086792430e+00 1.208182644024092944e+01
1.383972207501619200e+00 1.207937620324455530e+01
1.387034092916445749e+00 1.207692325276761736e+01
1.390095978331272297e+00 1.207446757628301448e+01
1.393157863746098846e+00 1.207200916126037704e+01
1.396219749160925394e+00 1.206954799516603671e+01
1.399281634575751943e+00 1.206708406546299983e+01
1.402343519990578713e+00 1.206461735961091897e+01
1.405405405405405261e+00 1.206214786506605741e+01
1.408467290820231810e+00 1.205967556928126783e+01
1.411529176235058358e+00 1.205720045970596033e+01
1.414591061649884907e+00 1.205472252378606512e+01
1.417652947064711677e+00 1.205224174896401124e+01
1.420714832479538225e+00 1.204975812267869095e+01
1.423776717894364552e+00 1.204727163236542964e+01
1.426838603309191322e+00 1.204478226545595021e+01
1.429900488724017871e+00 1.204229000937834826e+01
1.432962374138844641e+00 1.203979485155705476e+01
1.436024259553671190e+00 1.203729677941280585e+01
1.439086144968497738e+00 1.203479578036260556e+01
1.442148030383324286e+00 1.203229184181969913e+01
1.445209915798150835e+00 1.202978495119353397e+01
1.448271801212977605e+00 1.202727509588972765e+01
1.451333686627804154e+00 1.202476226331003062e+01
1.454395572042630702e+00 1.202224644085229777e+01
1.457457457457457251e+00 1.201972761591044581e+01
1.460519342872283799e+00 1.201720577587442307e+01
1.463581228287110347e+00 1.201468090813016865e+01
1.466643113701937118e+00 1.201215300005958042e+01
1.469704999116763666e+00 1.200962213661682298e+01
1.472766884531590215e+00 1.200708900375313704e+01
1.475828769946416763e+00 1.200455286068676486e+01
1.478890655361243311e+00 1.200201369648935845e+01
1.481952540776069860e+00 1.199947150022823195e+01
1.485014426190896630e+00 1.199692626096631543e+01
1.488076311605723179e+00 1.199437796776212117e+01
1.491138197020549505e+00 1.199182660966969749e+01
1.494200082435376276e+00 1.198927217573858961e+01
1.497261967850203046e+00 1.198671465501379529e+01
1.500323853265029594e+00 1.198415403653572575e+01
1.503385738679856143e+00 1.198159030934015945e+01
1.506447624094682691e+00 1.197902346245820127e+01
1.509509509509509240e+00 1.197645348491623807e+01
1.512571394924336010e+00 1.197388036573589254e+01
1.515633280339162559e+00 1.197130409393397876e+01
1.518695165753989107e+00 1.196872465852245782e+01
1.521757051168815655e+00 1.196614204850839158e+01
1.524818936583642204e+00 1.196355625289389657e+01
1.527880821998468974e+00 1.196096726067609239e+01
1.530942707413295523e+00 1.195837506084706270e+01
1.534004592828122071e+00 1.195577964239380009e+01
1.537066478242948619e+00 1.195318099429815817e+01
1.540128363657775168e+00 1.195057910553680536e+01
1.543190249072601716e+00 1.194797396508117338e+01
1.546252134487428487e+00 1.194536556189740217e+01
1.549314019902254813e+00 1.194275388494629908e+01
1.552375905317081584e+00 1.194013892318327663e+01
1.555437790731908132e+00 1.193752066555830815e+01
1.558499676146734458e+00 1.193489910101587093e+01
1.561561561561561451e+00 1.193227421849489112e+01
1.564623446976387999e+00 1.192964600692869404e+01
1.567685332391214548e+00 1.192701445524494730e+01
1.570747217806041096e+00 1.192437955236560221e+01
1.573809103220867645e+00 1.192174128720684401e+01
1.576870988635694415e+00 1.191909964867903149e+01
1.579932874050520963e+00 1.191645462568663660e+01
1.582994759465347512e+00 1.191380620712819294e+01
1.586056644880174060e+00 1.191115438189622999e+01
1.589118530295000609e+00 1.190849838797777238e+01
1.592180415709827379e+00 1.190583784853397908e+01
1.595242301124653928e+00 1.190317372905594873e+01
1.598304186539480476e+00 1.190050601491899407e+01
1.601366071954307024e+00 1.189783469149199746e+01
1.604427957369133573e+00 1.189515974413734511e+01
1.607489842783960121e+00 1.189248115821085428e+01
1.610551728198786892e+00 1.188979891906171460e+01
1.613613613613613440e+00 1.188711301203241355e+01
1.616675499028439766e+00 1.188442342245867778e+01
1.619737384443266537e+00 1.188173013566939318e+01
1.622799269858093085e+00 1.187903313698654628e+01
1.625861155272919856e+00 1.187633241172514431e+01
1.628923040687746404e+00 1.187362794519314946e+01
1.631984926102572953e+00 1.187091972269140605e+01
1.635046811517399501e+00 1.186820772951356062e+01
1.638108696932226049e+00 1.186549195094599973e+01
1.641170582347052820e+00 1.186277237226776471e+01
1.644232467761879368e+00 1.186004897875047881e+01
1.647294353176705917e+00 1.185732175565827440e+01
1.650356238591532465e+00 1.185459068824770412e+01
1.653418124006359013e+00 1.185185576176767697e+01
1.656480009421186006e+00 1.184911696145936411e+01
1.659541894836012332e+00 1.184637427255612607e+01
1.662603780250838881e+00 1.184362768028343105e+01
1.665665665665665651e+00 1.184087716985876781e+01
1.668727551080491978e+00 1.183812272649156050e+01
1.671789436495318748e+00 1.183536433538309218e+01
1.674851321910145296e+00 1.183260198172640898e+01
1.677913207324971845e+00 1.182983565070623477e+01
1.680975092739798393e+00 1.182706532749888950e+01
1.684036978154624942e+00 1.182429099727219146e+01
1.687098863569451490e+00 1.182151264518536671e+01
1.690160748984278261e+00 1.181873025638896380e+01
1.693222634399104809e+00 1.181594381602475607e+01
1.696284519813931357e+00 1.181315330922564399e+01
1.699346405228757906e+00 1.181035872111556984e+01
1.702408290643584454e+00 1.180756003680940580e+01
1.705470176058411225e+00 1.180475724141287053e+01
1.708532061473237773e+00 1.180194908902708306e+01
1.711593946888064321e+00 1.179913620920646267e+01
1.714655832302890870e+00 1.179631900521527221e+01
1.717717717717717418e+00 1.179349745688940132e+01
1.720779603132544189e+00 1.179067154405489681e+01
1.723841488547370959e+00 1.178784124652785792e+01
1.726903373962197286e+00 1.178500654411432258e+01
1.729965259377023834e+00 1.178216741661015909e+01
1.733027144791850604e+00 1.177932384380095598e+01
1.736089030206677153e+00 1.177647580546189587e+01
1.739150915621503701e+00 1.177362328135765779e+01
1.742212801036330250e+00 1.177076625124228393e+01
1.745274686451156798e+00 1.176790469485906598e+01
1.748336571865983347e+00 1.176503859194042789e+01
1.751398457280809895e+00 1.176216792220779972e+01
1.754460342695636665e+00 1.175929266537149509e+01
1.757522228110463214e+00 1.175641280113058684e+01
1.760584113525289762e+00 1.175352830917277558e+01
1.763645998940116311e+00 1.175063916917426177e+01
1.766707884354942859e+00 1.174774536079962139e+01
1.769769769769769630e+00 1.174484686370166209e+01
1.772831655184596178e+00 1.174194365752130231e+01
1.775893540599422726e+00 1.173903572188742039e+01
1.778955426014249275e+00 1.173612303641672483e+01
1.782017311429075823e+00 1.173320558071361575e+01
1.785079196843902594e+00 1.173028333437003567e+01
1.788141082258729142e+00 1.172735627696532923e+01
1.791202967673555912e+00 1.172442438806610099e+01
1.794264853088382239e+00 1.172148764722605918e+01
1.797326738503208787e+00 1.171854603398587003e+01
1.800388623918035558e+00 1.171559924620919269e+01
1.803450509332862106e+00 1.171264675032727354e+01
1.806512394747688655e+00 1.170968921806229979e+01
1.809574280162515203e+00 1.170672662566827427e+01
1.812636165577341751e+00 1.170375894938522876e+01
1.815698050992168522e+00 1.170078616543905881e+01
1.818759936406995070e+00 1.169780825004135671e+01
1.821821821821821619e+00 1.169482517938924282e+01
1.824883707236648167e+00 1.169183692966518961e+01
1.827945592651474715e+00 1.168884347703684945e+01
1.831007478066301264e+00 1.168584479765687156e+01
1.834069363481128034e+00 1.168284086766272800e+01
1.837131248895954583e+00 1.167983166317653065e+01
1.840193134310781131e+00 1.167681716030483585e+01
1.843255019725607680e+00 1.167379733513846674e+01
1.846316905140434228e+00 1.167077216375231785e+01
1.849378790555261221e+00 1.166774162220515976e+01
1.852440675970087547e+00 1.166470568653944540e+01
1.855502561384914095e+00 1.166166433278110581e+01
1.858564446799740866e+00 1.165861753693935121e+01
1.861626332214567192e+00 1.165556527500646311e+01
1.864688217629393963e+00 1.165250752295758829e+01
1.867750103044220511e+00 1.164944425675052209e+01
1.870811988459047059e+00 1.164637545232549520e+01
1.873873873873873608e+00 1.164330108560495702e+01
1.876935759288700156e+00 1.164022113249335355e+01
1.879997644703526927e+00 1.163713556887689826e+01
1.883059530118353475e+00 1.163404437062335006e+01
1.886121415533180024e+00 1.163094751358177348e+01
1.889183300948006572e+00 1.162784497358231306e+01
1.892245186362833120e+00 1.162473672643594469e+01
1.895307071777659669e+00 1.162162123350758591e+01
1.898368957192486439e+00 1.161849949302702356e+01
1.901430842607312988e+00 1.161537178783488855e+01
1.904492728022139536e+00 1.161223808793081069e+01
1.907554613436966084e+00 1.160909836329371103e+01
1.910616498851792633e+00 1.160595258388154605e+01
1.913678384266619403e+00 1.160280071963102699e+01
1.916740269681446174e+00 1.159964274045734633e+01
1.919802155096272500e+00 1.159647861625390775e+01
1.922864040511099049e+00 1.159330831689203123e+01
1.925925925925925819e+00 1.159013181222067068e+01
1.928987811340752367e+00 1.158694907206612257e+01
1.932049696755578916e+00 1.158376006623172749e+01
1.935111582170405464e+00 1.158056476449756467e+01
1.938173467585232013e+00 1.157736313662014993e+01
1.941235353000058561e+00 1.157415515233212133e+01
1.944297238414885332e+00 1.157094078134192472e+01
1.947359123829711880e+00 1.156771999333349399e+01
1.950421009244538428e+00 1.156449275796591358e+01
1.953482894659364977e+00 1.156125904487310230e+01
1.956544780074191525e+00 1.155801882366345978e+01
1.959606665489018074e+00 1.155477206391953615e+01
1.962668550903844844e+00 1.155151873519767669e+01
1.965730436318671392e+00 1.154825880702766661e+01
1.968792321733497941e+00 1.154499224891237574e+01
1.971854207148324489e+00 1.154171903032739088e+01
1.974916092563151038e+00 1.153843912072063915e+01
1.977977977977977808e+00 1.153515248951201499e+01
1.981039863392804357e+00 1.153185910609299469e+01
1.984101748807631127e+00 1.152855893982624025e+01
1.987163634222457453e+00 1.152525111082295517e+01
1.990225519637284002e+00 1.152193476947645756e+01
1.993287405052110772e+00 1.151861125892313886e+01
1.996349290466937321e+00 1.151528053308424582e+01
1.999411175881763869e+00 1.151194254552730811e+01
2.002473061296590640e+00 1.150859724946568363e+01
2.005534946711417188e+00 1.150524459775808594e+01
2.008596832126243736e+00 1.150188454290810292e+01
2.011658717541070285e+00 1.149851703706370465e+01
2.014720602955896833e+00 1.149514203201675322e+01
2.017782488370723382e+00 1.149175947920249463e+01
2.020844373785549930e+00 1.148836932969904367e+01
2.023906259200376478e+00 1.148497153422686345e+01
2.026968144615203027e+00 1.148156604314823070e+01
2.030030030030029575e+00 1.147815280646669400e+01
2.033091915444856568e+00 1.147473177382652842e+01
2.036153800859683116e+00 1.147130289451216534e+01
2.039215686274509665e+00 1.146786611744762929e+01
2.042277571689336213e+00 1.146442139119595538e+01
2.045339457104162761e+00 1.146096866395859237e+01
2.048401342518989310e+00 1.145750788357480943e+01
2.051463227933815858e+00 1.145403899752107790e+01
2.054525113348642407e+00 1.145056195291045142e+01
2.057586998763468955e+00 1.144707669649192283e+01
2.060648884178295503e+00 1.144358317464978647e+01
2.063710769593122496e+00 1.144008133340297917e+01
2.066772655007949044e+00 1.143657111840440344e+01
2.069834540422775593e+00 1.143305247494024890e+01
2.072896425837602141e+00 1.142952534792930130e+01
2.075958311252428690e+00 1.142598968192222486e+01
2.079020196667255238e+00 1.142244542110084993e+01
2.082082082082081786e+00 1.141889158785169478e+01
2.085143967496908335e+00 1.141532887849831290e+01
2.088205852911734883e+00 1.141175732214828820e+01
2.091267738326561432e+00 1.140817685868098152e+01
2.094329623741387980e+00 1.140458742756363897e+01
2.097391509156214973e+00 1.140098896785055338e+01
2.100453394571041521e+00 1.139738141818224548e+01
2.103515279985868069e+00 1.139376471678459168e+01
2.106577165400694618e+00 1.139013880146796787e+01
2.109639050815521166e+00 1.138650360962635411e+01
2.112700936230347715e+00 1.138285907823643939e+01
2.115762821645174263e+00 1.137920514385669080e+01
2.118824707060000812e+00 1.137554174262642093e+01
2.121886592474827360e+00 1.137186881026483043e+01
2.124948477889653908e+00 1.136818628207002746e+01
2.128010363304480901e+00 1.136449409291803647e+01
2.131072248719307449e+00 1.136079217726178392e+01
2.134134134134133998e+00 1.135708046913005731e+01
2.137196019548960546e+00 1.135335890212645893e+01
2.140257904963787094e+00 1.134962740942832404e+01
2.143319790378613643e+00 1.134588592378562488e+01
2.146381675793440191e+00 1.134213437751984621e+01
2.149443561208266740e+00 1.133837270252285201e+01
2.152505446623093288e+00 1.133460083025571485e+01
2.155567332037919837e+00 1.133081869174752576e+01
2.158629217452746385e+00 1.132702621759418449e+01
2.161691102867573377e+00 1.132322333795716141e+01
2.164752988282399926e+00 1.131940998256223274e+01
2.167814873697226474e+00 1.131558608069819272e+01
2.170876759112053023e+00 1.131175156121553904e+01
2.173938644526879571e+00 1.130790635252512999e+01
2.177000529941706120e+00 1.130405038259681305e+01
2.180062415356532668e+00 1.130018357895802339e+01
2.183124300771359216e+00 1.129630586869236453e+01
2.186186186186185765e+00 1.129241717843813575e+01
2.189248071601012313e+00 1.128851743438685951e+01
2.192309957015838862e+00 1.128460656228174841e+01
2.195371842430665854e+00 1.128068448741615448e+01
2.198433727845492403e+00 1.127675113463199175e+01
2.201495613260318507e+00 1.127280642831810376e+01
2.204557498675145499e+00 1.126885029240862046e+01
2.207619384089972048e+00 1.126488265038126180e+01
2.210681269504798152e+00 1.126090342525561105e+01
2.213743154919625145e+00 1.125691253959135274e+01
2.216805040334451693e+00 1.125290991548646602e+01
2.219866925749277797e+00 1.124889547457539329e+01
2.222928811164104790e+00 1.124486566825496325e+01
2.225990696578931782e+00 1.124081870990289822e+01
2.229052581993758331e+00 1.123675902926142278e+01
2.232114467408584879e+00 1.123268652306420456e+01
2.235176352823411428e+00 1.122860108724750816e+01
2.238238238238237976e+00 1.122450261694796758e+01
2.241300123653064524e+00 1.122039100650032317e+01
2.244362009067891073e+00 1.121626614943508748e+01
2.247423894482717621e+00 1.121212793847617917e+01
2.250485779897544170e+00 1.120797626553848758e+01
2.253547665312370718e+00 1.120381102172538768e+01
2.256609550727197711e+00 1.119963209732619447e+01
2.259671436142024259e+00 1.119543938181355713e+01
2.262733321556850807e+00 1.119123276384079624e+01
2.265795206971677356e+00 1.118701213123917704e+01
2.268857092386503904e+00 1.118277737101511349e+01
2.271918977801330453e+00 1.117852836934731720e+01
2.274980863216157001e+00 1.117426501158385932e+01
2.278042748630983549e+00 1.116998718223918630e+01
2.281104634045810098e+00 1.116569476499104674e+01
2.284166519460636646e+00 1.116138764267734906e+01
2.287228404875463195e+00 1.115706569729293740e+01
2.290290290290290187e+00 1.115272880998630711e+01
2.293352175705116736e+00 1.114837686105622083e+01
2.296414061119943284e+00 1.114400972994824279e+01
2.299475946534769832e+00 1.113962729525120388e+01
2.302537831949596381e+00 1.113522943469356186e+01
2.305599717364422929e+00 1.113081602513967638e+01
2.308661602779249478e+00 1.112638694258599870e+01
2.311723488194076026e+00 1.112194206215714942e+01
2.314785373608902574e+00 1.111748125810191823e+01
2.317847259023729123e+00 1.111300440378914089e+01
2.320909144438556115e+00 1.110851137170348757e+01
2.323971029853382664e+00 1.110400203344113379e+01
2.327032915268208768e+00 1.109947625970533025e+01
2.330094800683035761e+00 1.109493392030183756e+01
2.333156686097862309e+00 1.109037488413427397e+01
2.336218571512688413e+00 1.108579901919931388e+01
2.339280456927515406e+00 1.108120619258177086e+01
2.342342342342341954e+00 1.107659627044955997e+01
2.345404227757168059e+00 1.107196911804851247e+01
2.348466113171995051e+00 1.106732459969705751e+01
2.351527998586822044e+00 1.106266257878076864e+01
2.354589884001648592e+00 1.105798291774676123e+01
2.357651769416475140e+00 1.105328547809792283e+01
2.360713654831301689e+00 1.104857012038701924e+01
2.363775540246128237e+00 1.104383670421061048e+01
2.366837425660954786e+00 1.103906546021313950e+01
2.369899311075781334e+00 1.103427300353491347e+01
2.372961196490607882e+00 1.102946035990178508e+01
2.376023081905434431e+00 1.102462732685394897e+01
2.379084967320260979e+00 1.101977370012391333e+01
2.382146852735087528e+00 1.101489927362869281e+01
2.385208738149914520e+00 1.101000383946180072e+01
2.388270623564741069e+00 1.100508718788501206e+01
2.391332508979567617e+00 1.100014910731986006e+01
2.394394394394394165e+00 1.099518938433891790e+01
2.397456279809220714e+00 1.099020780365680494e+01
2.400518165224047262e+00 1.098520414812093016e+01
2.403580050638873811e+00 1.098017819870196554e+01
2.406641936053700359e+00 1.097512973448403883e+01
2.409703821468526908e+00 1.097005853265461717e+01
2.412765706883353456e+00 1.096496436849409761e+01
2.415827592298180448e+00 1.095984701536508688e+01
2.418889477713006997e+00 1.095470624470133991e+01
2.421951363127833545e+00 1.094954182599636816e+01
2.425013248542660094e+00 1.094435352679169071e+01
2.428075133957486642e+00 1.093914111266473910e+01
2.431137019372313191e+00 1.093390434721634819e+01
2.434198904787139739e+00 1.092864299205789891e+01
2.437260790201966287e+00 1.092335680679802223e+01
2.440322675616792836e+00 1.091804554902889102e+01
2.443384561031619384e+00 1.091270897431208020e+01
2.446446446446445933e+00 1.090734683616396694e+01
2.449508331861272925e+00 1.090195888604065644e+01
2.452570217276099029e+00 1.089654487332242816e+01
2.455632102690926022e+00 1.089110454529765448e+01
2.458693988105752570e+00 1.088563764714621662e+01
2.461755873520578675e+00 1.088014392192234325e+01
2.464817758935405667e+00 1.087462311053690200e+01
2.467879644350232216e+00 1.086907495173907456e+01
2.470941529765058320e+00 1.086349918209743848e+01
2.474003415179885312e+00 1.085789553598038104e+01
2.477065300594711861e+00 1.085226374553586304e+01
2.480127186009538853e+00 1.084660354067048083e+01
2.483189071424365402e+00 1.084091464902780011e+01
2.486250956839191950e+00 1.083519679596593832e+01
2.489312842254018499e+00 1.082944970453436540e+01
2.492374727668845047e+00 1.082367309544986966e+01
2.495436613083671595e+00 1.081786668707170307e+01
2.498498498498498144e+00 1.081203019537579202e+01
2.501560383913324692e+00 1.080616333392806006e+01
2.504622269328151241e+00 1.080026581385676465e+01
2.507684154742977789e+00 1.079430983404142097e+01
2.510746040157804337e+00 1.078828603480469006e+01
2.513807925572631330e+00 1.078222574902259900e+01
2.516869810987457878e+00 1.077612850672116274e+01
2.519931696402284427e+00 1.076999383288478462e+01
2.522993581817110975e+00 1.076382124741797597e+01
2.526055467231937524e+00 1.075761026510556206e+01
2.529117352646764072e+00 1.075136039557132150e+01
2.532179238061590620e+00 1.074507114323500367e+01
2.535241123476417169e+00 1.073874200726761607e+01
2.538303008891243717e+00 1.073237248154492107e+01
2.541364894306070266e+00 1.072596205459904972e+01
2.544426779720897258e+00 1.071951020956812783e+01
2.547488665135723807e+00 1.071301642414384858e+01
2.550550550550550355e+00 1.070648017051684953e+01
2.553612435965376903e+00 1.069990091531982301e+01
2.556674321380203452e+00 1.069327811956821250e+01
2.559736206795030000e+00 1.068661123859840423e+01
2.562798092209856549e+00 1.067989972200327031e+01
2.565859977624683097e+00 1.067314301356490347e+01
2.568921863039509645e+00 1.066634055118446156e+01
2.571983748454336194e+00 1.065949176680889998e+01
2.575045633869162742e+00 1.065259608635446575e+01
2.578107519283989291e+00 1.064565292962679166e+01
2.581169404698816283e+00 1.063866171023737017e+01
2.584231290113642832e+00 1.063162183551623308e+01
2.587293175528468936e+00 1.062453270642064673e+01
2.590355060943295928e+00 1.061739371743955829e+01
2.593416946358122477e+00 1.061020425649360455e+01
2.596478831772948581e+00 1.060296370483040640e+01
2.599540717187775574e+00 1.059567143691487701e+01
2.602602602602602122e+00 1.058832682031428618e+01
2.605664488017428226e+00 1.058092921557775945e+01
2.608726373432255663e+00 1.057347797610986895e+01
2.611788258847082211e+00 1.056597244803803015e+01
2.614850144261908760e+00 1.055841197007325327e+01
2.617912029676735308e+00 1.055079587336392422e+01
2.620973915091561857e+00 1.054312348134215327e+01
2.624035800506388405e+00 1.053539410956224387e+01
2.627097685921214953e+00 1.052760706553079295e+01
2.630159571336041502e+00 1.051976164852793261e+01
2.633221456750868050e+00 1.051185714941908778e+01
2.636283342165694599e+00 1.050389285045670995e+01
2.639345227580521147e+00 1.049586802507132077e+01
2.642407112995348140e+00 1.048778193765115141e+01
2.645468998410174688e+00 1.047963384330965120e+01
2.648530883825001236e+00 1.047142298764005197e+01
2.651592769239827785e+00 1.046305948870022995e+01
2.654654654654654333e+00 1.045450022370930299e+01
2.657716540069480882e+00 1.044586605097095244e+01
2.660778425484307430e+00 1.043720910988406558e+01
2.663840310899133978e+00 1.042853951013567304e+01
2.666902196313960527e+00 1.041969254748153162e+01
2.669964081728787075e+00 1.041076899062930927e+01
2.673025967143614068e+00 1.040175389601043854e+01
2.676087852558440616e+00 1.039264810018589102e+01
2.679149737973267165e+00 1.038344992769276409e+01
2.682211623388093713e+00 1.037416009978748122e+01
2.685273508802920261e+00 1.036477602851568136e+01
2.688335394217746810e+00 1.035528019728815075e+01
2.691397279632573358e+00 1.034568093075205475e+01
2.694459165047399907e+00 1.033597647398794095e+01
2.697521050462226455e+00 1.032616505720492484e+01
2.700582935877053004e+00 1.031623993572347686e+01
2.703644821291879552e+00 1.030619788692862215e+01
2.706706706706706544e+00 1.029603799617316184e+01
2.709768592121533093e+00 1.028575754183383140e+01
2.712830477536359197e+00 1.027535332929650558e+01
2.715892362951186190e+00 1.026481922633613308e+01
2.718954248366012738e+00 1.025415384031192190e+01
2.722016133780838842e+00 1.024335393107922521e+01
2.725078019195665835e+00 1.023241623231101016e+01
2.728139904610492383e+00 1.022131771598517780e+01
2.731201790025318488e+00 1.021005828354239853e+01
2.734263675440145480e+00 1.019864477485336351e+01
2.737325560854972473e+00 1.018707342927548076e+01
2.740387446269799021e+00 1.017534044904225610e+01
2.743449331684625569e+00 1.016344199653563862e+01
2.746511217099452118e+00 1.015137419130559415e+01
2.749573102514278666e+00 1.013913310680846180e+01
2.752634987929105215e+00 1.012671476683193994e+01
2.755696873343931763e+00 1.011411514157025771e+01
2.758758758758758312e+00 1.010133014330799561e+01
2.761820644173584860e+00 1.008835562166527566e+01
2.764882529588411408e+00 1.007518735835031087e+01
2.767944415003238401e+00 1.006182106135738508e+01
2.771006300418064949e+00 1.004825235853927801e+01
2.774068185832891498e+00 1.003445860911162768e+01
2.777130071247718046e+00 1.002023265212415026e+01
2.780191956662544595e+00 1.000574627548419926e+01
2.783253842077371143e+00 nan
2.786315727492197691e+00 nan
2.789377612907024240e+00 nan
2.792439498321850788e+00 nan
2.795501383736677337e+00 nan
2.798563269151503885e+00 nan
2.801625154566330878e+00 nan
2.804687039981157426e+00 nan
2.807748925395983974e+00 nan
2.810810810810810523e+00 nan
2.813872696225637071e+00 nan
2.816934581640463620e+00 nan
2.819996467055290168e+00 nan
2.823058352470116716e+00 nan
2.826120237884943265e+00 nan
2.829182123299769813e+00 nan
2.832244008714596806e+00 nan
2.835305894129423354e+00 nan
2.838367779544249458e+00 nan
2.841429664959076451e+00 nan
2.844491550373902999e+00 nan
2.847553435788729104e+00 nan
2.850615321203556096e+00 nan
2.853677206618382645e+00 nan
2.856739092033208749e+00 nan
2.859800977448035741e+00 nan
2.862862862862862290e+00 nan
2.865924748277689282e+00 nan
2.868986633692515831e+00 nan
2.872048519107342379e+00 nan
2.875110404522168928e+00 nan
2.878172289936995476e+00 nan
2.881234175351822024e+00 nan
2.884296060766648573e+00 nan
2.887357946181475121e+00 nan
2.890419831596301670e+00 nan
2.893481717011128218e+00 nan
2.896543602425955211e+00 nan
2.899605487840781759e+00 nan
2.902667373255608307e+00 nan
2.905729258670434856e+00 nan
2.908791144085261404e+00 nan
2.911853029500087953e+00 nan
2.914914914914914501e+00 nan
2.917976800329741049e+00 nan
2.921038685744567598e+00 nan
2.924100571159394146e+00 nan
2.927162456574220695e+00 nan
2.930224341989047687e+00 nan
2.933286227403874236e+00 nan
2.936348112818700784e+00 nan
2.939409998233527332e+00 nan
2.942471883648353881e+00 nan
2.945533769063180429e+00 nan
2.948595654478006978e+00 nan
2.951657539892833526e+00 nan
2.954719425307660075e+00 nan
2.957781310722486623e+00 nan
2.960843196137313615e+00 nan
2.963905081552139720e+00 nan
2.966966966966966712e+00 nan
2.970028852381793261e+00 nan
2.973090737796619365e+00 nan
2.976152623211446357e+00 nan
2.979214508626272906e+00 nan
2.982276394041099010e+00 nan
2.985338279455926003e+00 nan
2.988400164870752551e+00 nan
2.991462050285579544e+00 nan
2.994523935700406092e+00 nan
2.997585821115232640e+00 nan
3.000647706530059189e+00 nan
3.003709591944885737e+00 nan
3.006771477359712286e+00 nan
3.009833362774538834e+00 nan
3.012895248189365383e+00 nan
3.015957133604191931e+00 nan
3.019019019019018479e+00 nan
3.022080904433845028e+00 nan
3.025142789848672020e+00 nan
3.028204675263498569e+00 nan
3.031266560678325117e+00 nan
3.034328446093151666e+00 nan
3.037390331507978214e+00 nan
3.040452216922804762e+00 nan
3.043514102337631311e+00 nan
3.046575987752457859e+00 nan
3.049637873167284408e+00 nan
3.052699758582110956e+00 nan
3.055761643996937948e+00 nan
3.058823529411764497e+00 nan
