0.000000000000000000e+00 1.323300494515798320e+01
1.530942707413295457e-03 1.290898002795498378e+01
3.061885414826590913e-03 1.290482651637642064e+01
4.592828122239886804e-03 1.290084036190310357e+01
6.123770829653181827e-03 1.289717198605127990e+01
7.654713537066476850e-03 1.289356142457967280e+01
9.185656244479773608e-03 1.288995077352551455e+01
1.071659895189306863e-02 1.288634003275886997e+01
1.224754165930636365e-02 1.288272920214924966e+01
1.377848436671965868e-02 1.287919760396437674e+01
1.530942707413295370e-02 1.287578556278361219e+01
1.684036978154624872e-02 1.287242759259184766e+01
1.837131248895954722e-02 1.286912369183660232e+01
1.990225519637284224e-02 1.286587385879170142e+01
2.143319790378613726e-02 1.286266306424837857e+01
2.296414061119943228e-02 1.285941599089464660e+01
2.449508331861272731e-02 1.285620718595641243e+01
2.602602602602602580e-02 1.285303664808758839e+01
2.755696873343931735e-02 1.284990437585907230e+01
2.908791144085261238e-02 1.284681036775902285e+01
3.061885414826590740e-02 1.284375462219317399e+01
3.214979685567920242e-02 1.284073713748514756e+01
3.368073956309249745e-02 1.283775791187678728e+01
3.521168227050579247e-02 1.283481694352849090e+01
3.674262497791909443e-02 1.283191423051957258e+01
3.827356768533238945e-02 1.282904977084861464e+01
3.980451039274568448e-02 1.282621367703400139e+01
4.133545310015897950e-02 1.282334103456146579e+01
4.286639580757227452e-02 1.282049389324700606e+01
4.439733851498556955e-02 1.281767225183263292e+01
4.592828122239886457e-02 1.281487610902452445e+01
4.745922392981215959e-02 1.281210546349323032e+01
4.899016663722545462e-02 1.280936031387385654e+01
5.052110934463874270e-02 1.280664065876627333e+01
5.205205205205205160e-02 1.280394649673530871e+01
5.358299475946533968e-02 1.280127782631096878e+01
5.511393746687863471e-02 1.279863464598863310e+01
5.664488017429192973e-02 1.279601695422928387e+01
5.817582288170522475e-02 1.279342107160682929e+01
5.970676558911851978e-02 1.279081199591469442e+01
6.123770829653181480e-02 1.278821841590945674e+01
6.276865100394511676e-02 1.278563956982972805e+01
6.429959371135840485e-02 1.278307469599005231e+01
6.583053641877170681e-02 1.278052303278274593e+01
6.736147912618499489e-02 1.277798381867961020e+01
6.889242183359829685e-02 1.277545629223352464e+01
7.042336454101158494e-02 1.277293969207989832e+01
7.195430724842488690e-02 1.277043325693800746e+01
7.348524995583818886e-02 1.276793622561219976e+01
7.501619266325147695e-02 1.276544783699297625e+01
7.654713537066477891e-02 1.276296960187947249e+01
7.807807807807806699e-02 1.276053082239513614e+01
7.960902078549136895e-02 1.275810288854703956e+01
8.113996349290464316e-02 1.275568522957950179e+01
8.267090620031795900e-02 1.275327727480234863e+01
8.420184890773124708e-02 1.275087845359180783e+01
8.573279161514454905e-02 1.274848819539132094e+01
8.726373432255783713e-02 1.274610592971229117e+01
8.879467702997113909e-02 1.274373108613476901e+01
9.032561973738442718e-02 1.274136309430804737e+01
9.185656244479772914e-02 1.273900138395121573e+01
9.338750515221101722e-02 1.273664538485362030e+01
9.491844785962431919e-02 1.273429452687527075e+01
9.644939056703760727e-02 1.273194823994717773e+01
9.798033327445090923e-02 1.272960595407162288e+01
9.951127598186421119e-02 1.272726709932236133e+01
1.010422186892774854e-01 1.272493110584476383e+01
1.025731613966908012e-01 1.272259740385588600e+01
1.041041041041041032e-01 1.272026542364448254e+01
1.056350468115173913e-01 1.271793459557095396e+01
1.071659895189306794e-01 1.271560435006722756e+01
1.086969322263439813e-01 1.271327411763657977e+01
1.102278749337572694e-01 1.271094332885339462e+01
1.117588176411705714e-01 1.270863893301977754e+01
1.132897603485838595e-01 1.270635809588426390e+01
1.148207030559971614e-01 1.270408155567722730e+01
1.163516457634104495e-01 1.270180901529497675e+01
1.178825884708237515e-01 1.269954017766850463e+01
1.194135311782370396e-01 1.269727474576357906e+01
1.209444738856503415e-01 1.269501242258080964e+01
1.224754165930636296e-01 1.269275291115569892e+01
1.240063593004769454e-01 1.269049591455867798e+01
1.255373020078902335e-01 1.268824113589511882e+01
1.270682447153035355e-01 1.268598827830532549e+01
1.285991874227168097e-01 1.268373704496451637e+01
1.301301301301301117e-01 1.268148713908277792e+01
1.316610728375434136e-01 1.267923826390500253e+01
1.331920155449567156e-01 1.267699012271081749e+01
1.347229582523699898e-01 1.267474241881448016e+01
1.362539009597832917e-01 1.267249485556476607e+01
1.377848436671965937e-01 1.267024713634484456e+01
1.393157863746098957e-01 1.266799896457211894e+01
1.408467290820231699e-01 1.266575004369807012e+01
1.423776717894364718e-01 1.266350007720806481e+01
1.439086144968497738e-01 1.266124876862116722e+01
1.454395572042630480e-01 1.265899830567269291e+01
1.469704999116763777e-01 1.265677619011182564e+01
1.485014426190896519e-01 1.265455608599441462e+01
1.500323853265029539e-01 1.265233787653914987e+01
1.515633280339162559e-01 1.265012144497073621e+01
1.530942707413295578e-01 1.264790667451987716e+01
1.546252134487428320e-01 1.264569344842324483e+01
1.561561561561561340e-01 1.264348164992345325e+01
1.576870988635694359e-01 1.264127116226902459e+01
1.592180415709827379e-01 1.263906186871435011e+01
1.607489842783960121e-01 1.263685365251965464e+01
1.622799269858092863e-01 1.263464639695095393e+01
1.638108696932226160e-01 1.263243998528000134e+01
1.653418124006359180e-01 1.263023430078424703e+01
1.668727551080491922e-01 1.262802922674678285e+01
1.684036978154624942e-01 1.262582464645628022e+01
1.699346405228757961e-01 1.262362044320694032e+01
1.714655832302890981e-01 1.262141650029842666e+01
1.729965259377024001e-01 1.261921270103580284e+01
1.745274686451156743e-01 1.261700892872946156e+01
1.760584113525289762e-01 1.261480506669505530e+01
1.775893540599422782e-01 1.261260099825342174e+01
1.791202967673555801e-01 1.261039660673051088e+01
1.806512394747688544e-01 1.260819859686851530e+01
1.821821821821821563e-01 1.260600605428092891e+01
1.837131248895954583e-01 1.260381443422688896e+01
1.852440675970087325e-01 1.260162368617847406e+01
1.867750103044220344e-01 1.259943375960363099e+01
1.883059530118353364e-01 1.259724460396614276e+01
1.898368957192486384e-01 1.259505616872558598e+01
1.913678384266619403e-01 1.259286840333728996e+01
1.928987811340752145e-01 1.259068125725230836e+01
1.944297238414885165e-01 1.258849467991737292e+01
1.959606665489018185e-01 1.258630862077485091e+01
1.974916092563151204e-01 1.258412302926270421e+01
1.990225519637284224e-01 1.258193785481444849e+01
2.005534946711416966e-01 1.257975304685910345e+01
2.020844373785549708e-01 1.257756855482115199e+01
2.036153800859683005e-01 1.257538432812048868e+01
2.051463227933816025e-01 1.257320031617237532e+01
2.066772655007948767e-01 1.257101646838738773e+01
2.082082082082082064e-01 1.256883273417137303e+01
2.097391509156214806e-01 1.256664906292538575e+01
2.112700936230347826e-01 1.256446540404564871e+01
2.128010363304480568e-01 1.256228170692348556e+01
2.143319790378613587e-01 1.256009852151774098e+01
2.158629217452746607e-01 1.255792139210902469e+01
2.173938644526879627e-01 1.255574461180086487e+01
2.189248071601012369e-01 1.255356814409478972e+01
2.204557498675145388e-01 1.255139195248885997e+01
2.219866925749278408e-01 1.254921600047760855e+01
2.235176352823411428e-01 1.254704025155202451e+01
2.250485779897544447e-01 1.254486466919949805e+01
2.265795206971677189e-01 1.254268921690378846e+01
2.281104634045810209e-01 1.254051385814498332e+01
2.296414061119943228e-01 1.253833855639944872e+01
2.311723488194076526e-01 1.253616327513980444e+01
2.327032915268208990e-01 1.253398797783486174e+01
2.342342342342342010e-01 1.253181262794959139e+01
2.357651769416475029e-01 1.252963718894508105e+01
2.372961196490608049e-01 1.252746162427847842e+01
2.388270623564740791e-01 1.252528589740295750e+01
2.403580050638873811e-01 1.252310997176766882e+01
2.418889477713006830e-01 1.252093381081768797e+01
2.434198904787139850e-01 1.251875737799397115e+01
2.449508331861272592e-01 1.251658063673330723e+01
2.464817758935405612e-01 1.251440355046826625e+01
2.480127186009538909e-01 1.251222608262714964e+01
2.495436613083671651e-01 1.251004819663393874e+01
2.510746040157804670e-01 1.250786985590824862e+01
2.526055467231937413e-01 1.250569102386526588e+01
2.541364894306070710e-01 1.250351166391570423e+01
2.556674321380203452e-01 1.250133173946574416e+01
2.571983748454336194e-01 1.249915121391698491e+01
2.587293175528469491e-01 1.249697005066638233e+01
2.602602602602602233e-01 1.249478821310619914e+01
2.617912029676734975e-01 1.249260566462394451e+01
2.633221456750868272e-01 1.249042236860231370e+01
2.648530883825001014e-01 1.248823828841913652e+01
2.663840310899134312e-01 1.248605338744731519e+01
2.679149737973267054e-01 1.248386762905476388e+01
2.694459165047399796e-01 1.248168097660434839e+01
2.709768592121533093e-01 1.247949339345382391e+01
2.725078019195665835e-01 1.247731077318477766e+01
2.740387446269798577e-01 1.247512801845562969e+01
2.755696873343931874e-01 1.247294474016861265e+01
2.771006300418064616e-01 1.247076091494685812e+01
2.786315727492197913e-01 1.246857651941107115e+01
2.801625154566330655e-01 1.246639153017950008e+01
2.816934581640463398e-01 1.246420592386790460e+01
2.832244008714596695e-01 1.246201967708951486e+01
2.847553435788729437e-01 1.245983276645500304e+01
2.862862862862862734e-01 1.245764516857244608e+01
2.878172289936995476e-01 1.245545686004728303e+01
2.893481717011128218e-01 1.245326781748228839e+01
2.908791144085260960e-01 1.245107801747753484e+01
2.924100571159394257e-01 1.244888743663034703e+01
2.939409998233527554e-01 1.244669605153527847e+01
2.954719425307660297e-01 1.244450383878406008e+01
2.970028852381793039e-01 1.244231077496557170e+01
2.985338279455926336e-01 1.244011683666580304e+01
3.000647706530059078e-01 1.243792200046780927e+01
3.015957133604191820e-01 1.243572624295168083e+01
3.031266560678325117e-01 1.243352954069449368e+01
3.046575987752457859e-01 1.243133187027028086e+01
3.061885414826591156e-01 1.242913320824998458e+01
3.077194841900723343e-01 1.242693353120141886e+01
3.092504268974856640e-01 1.242473281568923049e+01
3.107813696048989938e-01 1.242253103827485283e+01
3.123123123123122680e-01 1.242032817551647028e+01
3.138432550197255422e-01 1.241812420396897565e+01
3.153741977271388719e-01 1.241591910018392220e+01
3.169051404345521461e-01 1.241371284070948811e+01
3.184360831419654758e-01 1.241150540209043029e+01
3.199670258493787500e-01 1.240929676086804712e+01
3.214979685567920242e-01 1.240708689358012151e+01
3.230289112642053539e-01 1.240487577676089082e+01
3.245598539716185726e-01 1.240266338694099879e+01
3.260907966790319579e-01 1.240044970064744589e+01
3.276217393864452321e-01 1.239823469440354664e+01
3.291526820938585063e-01 1.239602195717089472e+01
3.306836248012718360e-01 1.239380915893543822e+01
3.322145675086851102e-01 1.239159534707502530e+01
3.337455102160983844e-01 1.238938050780894429e+01
3.352764529235117141e-01 1.238716462735446022e+01
3.368073956309249883e-01 1.238494769192679712e+01
3.383383383383383181e-01 1.238272968773910776e+01
3.398692810457515923e-01 1.238051060100245415e+01
3.414002237531648110e-01 1.237829041792577556e+01
3.429311664605781962e-01 1.237606912471587783e+01
3.444621091679914704e-01 1.237384670757739613e+01
3.459930518754048001e-01 1.237162315271277713e+01
3.475239945828180743e-01 1.236939844632225416e+01
3.490549372902313485e-01 1.236717257460381525e+01
3.505858799976446782e-01 1.236494552375319245e+01
3.521168227050579524e-01 1.236271727996381919e+01
3.536477654124712267e-01 1.236048782942681612e+01
3.551787081198845564e-01 1.235825715833096439e+01
3.567096508272978306e-01 1.235602525286267550e+01
3.582405935347111603e-01 1.235379209920596821e+01
3.597715362421244345e-01 1.235155768354244188e+01
3.613024789495377087e-01 1.234932199205124803e+01
3.628334216569510384e-01 1.234708501090906729e+01
3.643643643643643126e-01 1.234484672629008273e+01
3.658953070717775868e-01 1.234260712436594609e+01
3.674262497791909166e-01 1.234036619130576007e+01
3.689571924866041908e-01 1.233812391327604274e+01
3.704881351940174650e-01 1.233588027644070451e+01
3.720190779014307947e-01 1.233363526696102141e+01
3.735500206088440689e-01 1.233138887099560321e+01
3.750809633162573986e-01 1.232914107470036669e+01
3.766119060236706728e-01 1.232689186422850725e+01
3.781428487310840025e-01 1.232464122573047227e+01
3.796737914384972767e-01 1.232238914535392915e+01
3.812047341459105509e-01 1.232013560924373863e+01
3.827356768533238807e-01 1.231788060354192460e+01
3.842666195607371549e-01 1.231562411438764393e+01
3.857975622681504291e-01 1.231336748874874232e+01
3.873285049755637033e-01 1.231111027688917048e+01
3.888594476829770330e-01 1.230885171639771336e+01
3.903903903903903627e-01 1.230659179796428049e+01
3.919213330978036369e-01 1.230433051227656804e+01
3.934522758052169111e-01 1.230206785002004644e+01
3.949832185126302408e-01 1.229980380187793720e+01
3.965141612200435151e-01 1.229753835853119526e+01
3.980451039274568448e-01 1.229527151065849111e+01
3.995760466348701190e-01 1.229300324893618956e+01
4.011069893422833932e-01 1.229073356403833372e+01
4.026379320496967229e-01 1.228846244663662191e+01
4.041688747571099416e-01 1.228618988740039342e+01
4.056998174645232713e-01 1.228391587699659837e+01
4.072307601719366010e-01 1.228164040608979413e+01
4.087617028793498752e-01 1.227936346534210799e+01
4.102926455867632050e-01 1.227708504541323009e+01
4.118235882941764792e-01 1.227480513696038322e+01
4.133545310015897534e-01 1.227252373063831570e+01
4.148854737090030831e-01 1.227024081709926051e+01
4.164164164164164128e-01 1.226795638699293711e+01
4.179473591238296870e-01 1.226567043096651233e+01
4.194783018312429612e-01 1.226338293966459148e+01
4.210092445386562354e-01 1.226109390372918639e+01
4.225401872460695651e-01 1.225880331379970478e+01
4.240711299534828393e-01 1.225651116051292178e+01
4.256020726608961136e-01 1.225421743450295864e+01
4.271330153683094433e-01 1.225192212640126144e+01
4.286639580757227175e-01 1.224962522683658328e+01
4.301949007831360472e-01 1.224732672643495235e+01
4.317258434905493214e-01 1.224502661581965945e+01
4.332567861979626511e-01 1.224272488561122962e+01
4.347877289053759253e-01 1.224042152642740078e+01
4.363186716127891995e-01 1.223811652888309887e+01
4.378496143202024737e-01 1.223580988359041832e+01
4.393805570276158035e-01 1.223350158115859543e+01
4.409114997350290777e-01 1.223119161219398521e+01
4.424424424424424074e-01 1.222888097556869980e+01
4.439733851498556816e-01 1.222656981030472778e+01
4.455043278572689558e-01 1.222425704929205104e+01
4.470352705646822855e-01 1.222194268464175870e+01
4.485662132720955597e-01 1.221962670846234289e+01
4.500971559795088894e-01 1.221730911285968091e+01
4.516280986869221636e-01 1.221498988993701396e+01
4.531590413943354378e-01 1.221266903179492047e+01
4.546899841017487676e-01 1.221034653053130903e+01
4.562209268091620418e-01 1.220802237824138103e+01
4.577518695165753160e-01 1.220569656701762185e+01
4.592828122239886457e-01 1.220336908894977412e+01
4.608137549314019199e-01 1.220103993612481830e+01
4.623446976388153051e-01 1.219870910062694591e+01
4.638756403462285238e-01 1.219637657453754542e+01
4.654065830536417980e-01 1.219404234993517555e+01
4.669375257610551277e-01 1.219170641889554219e+01
4.684684684684684020e-01 1.218936877349147707e+01
4.699994111758817317e-01 1.218702940579291827e+01
4.715303538832950059e-01 1.218468830786688351e+01
4.730612965907082801e-01 1.218234547177744531e+01
4.745922392981216098e-01 1.218000088958571325e+01
4.761231820055348840e-01 1.217765455334980906e+01
4.776541247129481582e-01 1.217530645512484000e+01
4.791850674203615434e-01 1.217295658696287575e+01
4.807160101277747621e-01 1.217060494091292711e+01
4.822469528351880919e-01 1.216825150902091934e+01
4.837778955426013661e-01 1.216589628332967266e+01
4.853088382500146403e-01 1.216353925587886486e+01
4.868397809574279700e-01 1.216118041870502431e+01
4.883707236648412442e-01 1.215881976384148899e+01
4.899016663722545184e-01 1.215645728331839059e+01
4.914326090796678481e-01 1.215409296916262605e+01
4.929635517870811223e-01 1.215172681339783267e+01
4.944944944944944520e-01 1.214935880804435797e+01
4.960254372019077818e-01 1.214698894511924188e+01
4.975563799093210005e-01 1.214461721663618299e+01
4.990873226167343302e-01 1.214224361460551194e+01
5.006182653241476599e-01 1.213986813103417184e+01
5.021492080315609341e-01 1.213749075792568277e+01
5.036801507389742083e-01 1.213511148728011868e+01
5.052110934463874825e-01 1.213273031109408251e+01
5.067420361538007567e-01 1.213034722136066712e+01
5.082729788612141419e-01 1.212796221006944286e+01
5.098039215686274161e-01 1.212557526920641848e+01
5.113348642760406904e-01 1.212318639075401450e+01
5.128658069834539646e-01 1.212079556669103653e+01
5.143967496908672388e-01 1.211840278899264334e+01
5.159276923982806240e-01 1.211600804963032374e+01
5.174586351056938982e-01 1.211361134057185751e+01
5.189895778131071724e-01 1.211121265378129053e+01
5.205205205205204466e-01 1.210881198121890989e+01
5.220514632279337208e-01 1.210640931484120486e+01
5.235824059353469950e-01 1.210400464660083664e+01
5.251133486427603803e-01 1.210159796844661706e+01
5.266442913501736545e-01 1.209918927232346419e+01
5.281752340575869287e-01 1.209677855017238102e+01
5.297061767650002029e-01 1.209436579393041988e+01
5.312371194724134771e-01 1.209195099553065056e+01
5.327680621798268623e-01 1.208953414690212469e+01
5.342990048872401365e-01 1.208711523996985271e+01
5.358299475946534107e-01 1.208469426665475766e+01
5.373608903020666849e-01 1.208227121887365207e+01
5.388918330094799591e-01 1.207984608853920250e+01
5.404227757168933444e-01 1.207741895503671614e+01
5.419537184243066186e-01 1.207499009398289047e+01
5.434846611317198928e-01 1.207255914753792858e+01
5.450156038391331670e-01 1.207012610794531149e+01
5.465465465465464412e-01 1.206769096744488579e+01
5.480774892539597154e-01 1.206525371827283166e+01
5.496084319613731006e-01 1.206281435266163804e+01
5.511393746687863748e-01 1.206037286284007592e+01
5.526703173761995380e-01 1.205792924103315755e+01
5.542012600836129232e-01 1.205548347946211507e+01
5.557322027910261975e-01 1.205303557034437567e+01
5.572631454984395827e-01 1.205058550589351896e+01
5.587940882058528569e-01 1.204813327831925207e+01
5.603250309132661311e-01 1.204567887982738483e+01
5.618559736206794053e-01 1.204322230261978532e+01
5.633869163280926795e-01 1.204076353889436213e+01
5.649178590355060647e-01 1.203830258084502525e+01
5.664488017429193389e-01 1.203583942066165235e+01
5.679797444503326131e-01 1.203337405053006393e+01
5.695106871577458874e-01 1.203090646263198416e+01
5.710416298651591616e-01 1.202843664914501076e+01
5.725725725725725468e-01 1.202596460224257768e+01
5.741035152799858210e-01 1.202349031409393021e+01
5.756344579873990952e-01 1.202101377686408235e+01
5.771654006948123694e-01 1.201853498271378839e+01
5.786963434022256436e-01 1.201605392379950388e+01
5.802272861096390288e-01 1.201357059227335533e+01
5.817582288170521920e-01 1.201108498028309945e+01
5.832891715244655773e-01 1.200859707997209469e+01
5.848201142318788515e-01 1.200610688347926036e+01
5.863510569392920146e-01 1.200361438293903760e+01
5.878819996467055109e-01 1.200111957048136269e+01
5.894129423541187851e-01 1.199862243823162267e+01
5.909438850615320593e-01 1.199612297831061625e+01
5.924748277689453335e-01 1.199362118283452361e+01
5.940057704763586077e-01 1.199111704391486377e+01
5.955367131837718819e-01 1.198861055365845552e+01
5.970676558911852672e-01 1.198610170416737830e+01
5.985985985985985414e-01 1.198359048753894029e+01
6.001295413060118156e-01 1.198107689586563041e+01
6.016604840134250898e-01 1.197856092123507743e+01
6.031914267208383640e-01 1.197604255573001986e+01
6.047223694282517492e-01 1.197352179142825790e+01
6.062533121356650234e-01 1.197099862040261087e+01
6.077842548430782976e-01 1.196847303472088164e+01
6.093151975504915718e-01 1.196594502644580693e+01
6.108461402579048460e-01 1.196341458763502708e+01
6.123770829653182313e-01 1.196088171034102743e+01
6.139080256727315055e-01 1.195834638661110993e+01
6.154389683801446687e-01 1.195580860848733984e+01
6.169699110875580539e-01 1.195326836800650838e+01
6.185008537949713281e-01 1.195072565720007951e+01
6.200317965023847133e-01 1.194818046809415790e+01
6.215627392097979875e-01 1.194563279270942857e+01
6.230936819172112617e-01 1.194308262306112489e+01
6.246246246246245359e-01 1.194052995115897353e+01
6.261555673320378101e-01 1.193797476900715004e+01
6.276865100394510844e-01 1.193541706860423268e+01
6.292174527468644696e-01 1.193285684194315444e+01
6.307483954542777438e-01 1.193029408101115330e+01
6.322793381616910180e-01 1.192772877778972607e+01
6.338102808691042922e-01 1.192516092425457686e+01
6.353412235765175664e-01 1.192259051237556911e+01
6.368721662839309516e-01 1.192001753411667408e+01
6.384031089913442258e-01 1.191744198143592293e+01
6.399340516987575000e-01 1.191486178399530615e+01
6.414649944061707743e-01 1.191227869309883047e+01
6.429959371135840485e-01 1.190969289730769098e+01
6.445268798209973227e-01 1.190710438696465268e+01
6.460578225284107079e-01 1.190451315240678376e+01
6.475887652358239821e-01 1.190191918396540594e+01
6.491197079432371453e-01 1.189932247196604997e+01
6.506506506506505305e-01 1.189672300672839889e+01
6.521815933580639157e-01 1.189412077856625061e+01
6.537125360654771900e-01 1.189151577778744873e+01
6.552434787728904642e-01 1.188890799469385051e+01
6.567744214803037384e-01 1.188629741958125763e+01
6.583053641877170126e-01 1.188368404273937706e+01
6.598363068951302868e-01 1.188106785445175895e+01
6.613672496025436720e-01 1.187844884499575215e+01
6.628981923099569462e-01 1.187582700464243857e+01
6.644291350173702204e-01 1.187320232365659223e+01
6.659600777247834946e-01 1.187057479229660828e+01
6.674910204321967688e-01 1.186794440081446211e+01
6.690219631396101541e-01 1.186531113945564186e+01
6.705529058470234283e-01 1.186267499845909867e+01
6.720838485544367025e-01 1.186003596805718630e+01
6.736147912618499767e-01 1.185739403847559714e+01
6.751457339692632509e-01 1.185474919993331611e+01
6.766766766766766361e-01 1.185210144264255128e+01
6.782076193840897993e-01 1.184945075680867177e+01
6.797385620915031845e-01 1.184679713263015621e+01
6.812695047989164587e-01 1.184414056029852524e+01
6.828004475063296219e-01 1.184148102999827934e+01
6.843313902137431182e-01 1.183881853190683664e+01
6.858623329211563924e-01 1.183615305619447255e+01
6.873932756285696666e-01 1.183348459302425049e+01
6.889242183359829408e-01 1.183081313255195610e+01
6.904551610433962150e-01 1.182813866492604049e+01
6.919861037508096002e-01 1.182546118028754378e+01
6.935170464582228744e-01 1.182278066877003297e+01
6.950479891656361486e-01 1.182009712049953620e+01
6.965789318730494228e-01 1.181741052559446636e+01
6.981098745804626970e-01 1.181472087416555894e+01
6.996408172878759713e-01 1.181202815631579917e+01
7.011717599952893565e-01 1.180933236214035453e+01
7.027027027027026307e-01 1.180663348172649307e+01
7.042336454101159049e-01 1.180393150515352474e+01
7.057645881175291791e-01 1.180122642249271614e+01
7.072955308249424533e-01 1.179851822380722304e+01
7.088264735323558385e-01 1.179580689915201397e+01
7.103574162397691127e-01 1.179309243857379386e+01
7.118883589471822759e-01 1.179037483211092763e+01
7.134193016545956612e-01 1.178765406979336205e+01
7.149502443620089354e-01 1.178493014164254760e+01
7.164811870694223206e-01 1.178220303767136024e+01
7.180121297768355948e-01 1.177947274788401799e+01
7.195430724842488690e-01 1.177673926227600631e+01
7.210740151916621432e-01 1.177400257083398749e+01
7.226049578990754174e-01 1.177126266353572248e+01
7.241359006064888026e-01 1.176851953034998743e+01
7.256668433139020769e-01 1.176577316123649020e+01
7.271977860213153511e-01 1.176302354614577617e+01
7.287287287287286253e-01 1.176027067501915191e+01
7.302596714361418995e-01 1.175751453778858924e+01
7.317906141435551737e-01 1.175475512437663994e+01
7.333215568509685589e-01 1.175199242469634697e+01
7.348524995583818331e-01 1.174922642865115208e+01
7.363834422657951073e-01 1.174645712613479986e+01
7.379143849732083815e-01 1.174368172803976762e+01
7.394453276806216557e-01 1.174090116596327249e+01
7.409762703880349299e-01 1.173811705735863065e+01
7.425072130954483152e-01 1.173532938890321198e+01
7.440381558028615894e-01 1.173253814726436062e+01
7.455690985102747526e-01 1.172974331909930612e+01
7.471000412176881378e-01 1.172694489105506044e+01
7.486309839251015230e-01 1.172414284976832199e+01
7.501619266325147972e-01 1.172133718186537088e+01
7.516928693399280714e-01 1.171852787396196938e+01
7.532238120473413456e-01 1.171571491266325715e+01
7.547547547547546198e-01 1.171289828456364290e+01
7.562856974621680051e-01 1.171007797624670665e+01
7.578166401695812793e-01 1.170725397428508785e+01
7.593475828769945535e-01 1.170442626524037344e+01
7.608785255844078277e-01 1.170159483566299485e+01
7.624094682918211019e-01 1.169875967209211431e+01
7.639404109992344871e-01 1.169592076105550404e+01
7.654713537066477613e-01 1.169307808906945034e+01
7.670022964140610355e-01 1.169023164263862036e+01
7.685332391214743097e-01 1.168738140825595551e+01
7.700641818288875839e-01 1.168452737240254713e+01
7.715951245363008582e-01 1.168166952154752636e+01
7.731260672437142434e-01 1.167880784214792911e+01
7.746570099511274066e-01 1.167594232064858772e+01
7.761879526585407918e-01 1.167307294348199420e+01
7.777188953659540660e-01 1.167019969706818827e+01
7.792498380733672292e-01 1.166732256781461352e+01
7.807807807807807254e-01 1.166444154211600193e+01
7.823117234881939996e-01 1.166155660635424240e+01
7.838426661956072738e-01 1.165866774689823870e+01
7.853736089030205481e-01 1.165577495010378506e+01
7.869045516104338223e-01 1.165287820231342764e+01
7.884354943178472075e-01 1.164997748985632775e+01
7.899664370252604817e-01 1.164707279904812331e+01
7.914973797326737559e-01 1.164416411619078495e+01
7.930283224400870301e-01 1.164125142757247922e+01
7.945592651475003043e-01 1.163833471946742115e+01
7.960902078549136895e-01 1.163541397813572686e+01
7.976211505623269638e-01 1.163248918982326963e+01
7.991520932697402380e-01 1.162956034076152179e+01
8.006830359771535122e-01 1.162662741716741444e+01
8.022139786845667864e-01 1.162369040524317754e+01
8.037449213919800606e-01 1.162074929117618005e+01
8.052758640993934458e-01 1.161780406113878072e+01
8.068068068068067200e-01 1.161485470128816111e+01
8.083377495142198832e-01 1.161190119776617102e+01
8.098686922216332684e-01 1.160894353669915446e+01
8.113996349290465426e-01 1.160598170419779329e+01
8.129305776364599279e-01 1.160301568635693314e+01
8.144615203438732021e-01 1.160004546925541469e+01
8.159924630512864763e-01 1.159707103895589952e+01
8.175234057586997505e-01 1.159409238150469790e+01
8.190543484661130247e-01 1.159110948293159105e+01
8.205852911735264099e-01 1.158812232924964292e+01
8.221162338809396841e-01 1.158513090645503496e+01
8.236471765883529583e-01 1.158213520052686185e+01
8.251781192957662325e-01 1.157913519742696273e+01
8.267090620031795067e-01 1.157613088309971694e+01
8.282400047105930030e-01 1.157312224347185925e+01
8.297709474180061662e-01 1.157010926445228804e+01
8.313018901254194404e-01 1.156709193193185925e+01
8.328328328328328256e-01 1.156407023178319271e+01
8.343637755402459888e-01 1.156104414986046969e+01
8.358947182476593740e-01 1.155801026435071321e+01
8.374256609550726482e-01 1.155496502386349356e+01
8.389566036624859224e-01 1.155191490279486288e+01
8.404875463698991966e-01 1.154885988021082355e+01
8.420184890773124708e-01 1.154579993515664604e+01
8.435494317847257451e-01 1.154273504665664696e+01
8.450803744921391303e-01 1.153966519371392963e+01
8.466113171995524045e-01 1.153659035531015498e+01
8.481422599069656787e-01 1.153351051040528397e+01
8.496732026143789529e-01 1.153042563793733244e+01
8.512041453217922271e-01 1.152733571682211355e+01
8.527350880292056123e-01 1.152424072595297311e+01
8.542660307366188865e-01 1.152114064420054440e+01
8.557969734440321607e-01 1.151803545041246046e+01
8.573279161514454350e-01 1.151492512341310359e+01
8.588588588588587092e-01 1.151180964200331935e+01
8.603898015662720944e-01 1.150868898496014481e+01
8.619207442736854796e-01 1.150556313103652251e+01
8.634516869810986428e-01 1.150243205896101983e+01
8.649826296885119170e-01 1.149929574743753591e+01
8.665135723959253022e-01 1.149615417514501203e+01
8.680445151033385764e-01 1.149300732073712261e+01
8.695754578107518507e-01 1.148985516284198738e+01
8.711064005181651249e-01 1.148669768006185166e+01
8.726373432255783991e-01 1.148353485097278259e+01
8.741682859329916733e-01 1.148036665412434587e+01
8.756992286404049475e-01 1.147719306803929484e+01
8.772301713478183327e-01 1.147401407121323480e+01
8.787611140552316069e-01 1.147082964211429612e+01
8.802920567626448811e-01 1.146763975918280387e+01
8.818229994700581553e-01 1.146444440083092609e+01
8.833539421774714295e-01 1.146124354544234158e+01
8.848848848848848148e-01 1.145803717137187760e+01
8.864158275922980890e-01 1.145482525694515985e+01
8.879467702997113632e-01 1.145160778045825190e+01
8.894777130071246374e-01 1.144838472017728392e+01
8.910086557145379116e-01 1.144515605433807970e+01
8.925395984219512968e-01 1.144192176114578707e+01
8.940705411293645710e-01 1.143868181877448542e+01
8.956014838367779562e-01 1.143543620536679661e+01
8.971324265441911194e-01 1.143218489903349244e+01
8.986633692516043936e-01 1.142892787785308961e+01
9.001943119590177789e-01 1.142566511987144651e+01
9.017252546664310531e-01 1.142239660310134042e+01
9.032561973738443273e-01 1.141912230552205720e+01
9.047871400812576015e-01 1.141584220507895076e+01
9.063180827886708757e-01 1.141255627968302200e+01
9.078490254960842609e-01 1.140926450721046947e+01
9.093799682034975351e-01 1.140596686550224170e+01
9.109109109109108093e-01 1.140266333236358598e+01
9.124418536183240835e-01 1.139935388556358653e+01
9.139727963257373577e-01 1.139603850283469022e+01
9.155037390331506320e-01 1.139271716187222871e+01
9.170346817405640172e-01 1.138938984033394242e+01
9.185656244479772914e-01 1.138605651583948308e+01
9.200965671553905656e-01 1.138271716596990579e+01
9.216275098628038398e-01 1.137937176826717511e+01
9.231584525702171140e-01 1.137602030023363753e+01
9.246893952776306103e-01 1.137266273933150096e+01
9.262203379850437734e-01 1.136929906298230186e+01
9.277512806924570476e-01 1.136592924856635989e+01
9.292822233998704329e-01 1.136255327342222721e+01
9.308131661072835961e-01 1.135917111484613251e+01
9.323441088146969813e-01 1.135578275009140548e+01
9.338750515221102555e-01 1.135238815636790477e+01
9.354059942295235297e-01 1.134898731084142476e+01
9.369369369369368039e-01 1.134558019063309864e+01
9.384678796443500781e-01 1.134215882824617871e+01
9.399988223517634633e-01 1.133871605762574575e+01
9.415297650591767376e-01 1.133526592803596955e+01
9.430607077665900118e-01 1.133180840142788703e+01
9.445916504740032860e-01 1.132834343969983948e+01
9.461225931814165602e-01 1.132487100469672470e+01
9.476535358888298344e-01 1.132139105820923319e+01
9.491844785962432196e-01 1.131790356197307545e+01
9.507154213036564938e-01 1.131440847766819324e+01
9.522463640110697680e-01 1.131090576691795491e+01
9.537773067184830422e-01 1.130739539128834004e+01
9.553082494258963164e-01 1.130387731228710635e+01
9.568391921333097017e-01 1.130035149136294770e+01
9.583701348407230869e-01 1.129681788990462366e+01
9.599010775481362501e-01 1.129327646924009798e+01
9.614320202555495243e-01 1.128972719063562913e+01
9.629629629629629095e-01 1.128617001529487318e+01
9.644939056703761837e-01 1.128260490435795305e+01
9.660248483777894579e-01 1.127903181890051876e+01
9.675557910852027321e-01 1.127545071993278825e+01
9.690867337926160063e-01 1.127186156839856856e+01
9.706176765000292805e-01 1.126826432517426291e+01
9.721486192074426658e-01 1.126465895106785808e+01
9.736795619148559400e-01 1.126104540681789068e+01
9.752105046222692142e-01 1.125742365309239723e+01
9.767414473296824884e-01 1.125379365048784308e+01
9.782723900370957626e-01 1.125015535952803347e+01
9.798033327445090368e-01 1.124650874066300155e+01
9.813342754519224220e-01 1.124285375426787326e+01
9.828652181593356962e-01 1.123919036064171983e+01
9.843961608667489704e-01 1.123551852000637474e+01
9.859271035741622446e-01 1.123183819250524706e+01
9.874580462815755189e-01 1.122814933820209049e+01
9.889889889889889041e-01 1.122445191707976520e+01
9.905199316964021783e-01 1.122074588903896419e+01
9.920508744038155635e-01 1.121703121389693258e+01
9.935818171112287267e-01 1.121330785138613706e+01
9.951127598186420009e-01 1.120957576115293186e+01
9.966437025260553861e-01 1.120583490275618210e+01
9.981746452334686603e-01 1.120208523566587466e+01
9.997055879408819345e-01 1.119832671926169532e+01
1.001236530648295320e+00 1.119455931283156858e+01
1.002767473355708594e+00 1.119078297557018509e+01
1.004298416063121868e+00 1.118699766657748818e+01
1.005829358770535142e+00 1.118320334485713730e+01
1.007360301477948417e+00 1.117939996931493418e+01
1.008891244185361691e+00 1.117558749875722235e+01
1.010422186892774965e+00 1.117176589188924751e+01
1.011953129600188239e+00 1.116793510731350025e+01
1.013484072307601513e+00 1.116409510352800183e+01
1.015015015015014788e+00 1.116024583892457933e+01
1.016545957722428284e+00 1.115638727178708400e+01
1.018076900429841558e+00 1.115251936028958823e+01
1.019607843137254832e+00 1.114864206249453993e+01
1.021138785844668107e+00 1.114475533635087245e+01
1.022669728552081381e+00 1.114085913969208974e+01
1.024200671259494655e+00 1.113695343023429452e+01
1.025731613966907929e+00 1.113303816557419168e+01
1.027262556674321203e+00 1.112911330318703484e+01
1.028793499381734478e+00 1.112517880042453733e+01
1.030324442089147752e+00 1.112123461451274054e+01
1.031855384796561248e+00 1.111728070254982903e+01
1.033386327503974522e+00 1.111331702150391010e+01
1.034917270211387796e+00 1.110934352821073112e+01
1.036448212918801071e+00 1.110536017937136322e+01
1.037979155626214345e+00 1.110136693154982268e+01
1.039510098333627619e+00 1.109736374117064450e+01
1.041041041041040893e+00 1.109334354404655976e+01
1.042571983748454167e+00 1.108929985115158345e+01
1.044102926455867442e+00 1.108524367094569563e+01
1.045633869163280716e+00 1.108117486493580728e+01
1.047164811870693990e+00 1.107709329446297986e+01
1.048695754578107486e+00 1.107299882069932551e+01
1.050226697285520761e+00 1.106889130464487359e+01
1.051757639992934035e+00 1.106477060712432348e+01
1.053288582700347309e+00 1.106063658878375122e+01
1.054819525407760583e+00 1.105648911008723090e+01
1.056350468115173857e+00 1.105232803131336716e+01
1.057881410822587132e+00 1.104815321255176030e+01
1.059412353530000406e+00 1.104396451369937182e+01
1.060943296237413680e+00 1.103976179445682604e+01
1.062474238944826954e+00 1.103554491432459628e+01
1.064005181652240450e+00 1.103131373259911463e+01
1.065536124359653725e+00 1.102706810836879114e+01
1.067067067067066999e+00 1.102280790050992820e+01
1.068598009774480273e+00 1.101853296768253010e+01
1.070128952481893547e+00 1.101424316832602912e+01
1.071659895189306821e+00 1.100993836065488729e+01
1.073190837896720096e+00 1.100561840265409863e+01
1.074721780604133370e+00 1.100128315207457419e+01
1.076252723311546644e+00 1.099693246642842404e+01
1.077783666018959918e+00 1.099256686542998374e+01
1.079314608726373192e+00 1.098819083982634126e+01
1.080845551433786689e+00 1.098379966216280224e+01
1.082376494141199963e+00 1.097939321647050193e+01
1.083907436848613237e+00 1.097497138646919268e+01
1.085438379556026511e+00 1.097053405556041916e+01
1.086969322263439786e+00 1.096608110682048753e+01
1.088500264970853060e+00 1.096161242299325345e+01
1.090031207678266334e+00 1.095712788648270397e+01
1.091562150385679608e+00 1.095262737934533881e+01
1.093093093093092882e+00 1.094811078328232945e+01
1.094624035800506157e+00 1.094357797963147227e+01
1.096154978507919431e+00 1.093902884935889830e+01
1.097685921215332927e+00 1.093446327305056087e+01
1.099216863922746201e+00 1.092988113090347646e+01
1.100747806630159253e+00 1.092528230271670786e+01
1.102278749337572750e+00 1.092066666788209162e+01
1.103809692044986024e+00 1.091603410537470253e+01
1.105340634752399076e+00 1.091138449374303221e+01
1.106871577459812572e+00 1.090671771109888155e+01
1.108402520167225846e+00 1.090203363510695489e+01
1.109933462874638899e+00 1.089733214297414676e+01
1.111464405582052395e+00 1.089261311143850719e+01
1.112995348289465891e+00 1.088787641675788009e+01
1.114526290996879165e+00 1.088312193469819533e+01
1.116057233704292440e+00 1.087833886633873171e+01
1.117588176411705714e+00 1.087353470877651773e+01
1.119119119119118988e+00 1.086871083027992491e+01
1.120650061826532262e+00 1.086386704485282451e+01
1.122181004533945536e+00 1.085900316594122117e+01
1.123711947241358811e+00 1.085411900641920546e+01
1.125242889948772085e+00 1.084921437857448900e+01
1.126773832656185359e+00 1.084428909409346709e+01
1.128304775363598855e+00 1.083934296404582298e+01
1.129835718071012129e+00 1.083437579886861890e+01
1.131366660778425404e+00 1.082938740834990199e+01
1.132897603485838678e+00 1.082437760161176854e+01
1.134428546193251952e+00 1.081934618709286688e+01
1.135959488900665226e+00 1.081429297253035315e+01
1.137490431608078501e+00 1.080921776494123776e+01
1.139021374315491775e+00 1.080412037060311370e+01
1.140552317022905049e+00 1.079900059503424714e+01
1.142083259730318323e+00 1.079385824297300545e+01
1.143614202437731597e+00 1.078869311835658173e+01
1.145145145145145094e+00 1.078350502429900715e+01
1.146676087852558368e+00 1.077829376306840636e+01
1.148207030559971642e+00 1.077305913606346977e+01
1.149737973267384916e+00 1.076780094378911912e+01
1.151268915974798190e+00 1.076251898583131883e+01
1.152799858682211465e+00 1.075720150368776551e+01
1.154330801389624739e+00 1.075185068788569431e+01
1.155861744097038013e+00 1.074647309778285020e+01
1.157392686804451287e+00 1.074106843523916410e+01
1.158923629511864561e+00 1.073563640096681837e+01
1.160454572219278058e+00 1.073017669449563982e+01
1.161985514926691332e+00 1.072468901413718889e+01
1.163516457634104384e+00 1.071917305694749523e+01
1.165047400341517880e+00 1.071362851868837751e+01
1.166578343048931155e+00 1.070805509378726406e+01
1.168109285756344207e+00 1.070245247529548571e+01
1.169640228463757703e+00 1.069682035484492211e+01
1.171171171171170977e+00 1.069115842260295679e+01
1.172702113878584029e+00 1.068546636722566667e+01
1.174233056585997526e+00 1.067974387580912499e+01
1.175763999293411022e+00 1.067399063383877333e+01
1.177294942000824296e+00 1.066820632513674738e+01
1.178825884708237570e+00 1.066239063180704960e+01
1.180356827415650844e+00 1.065654323417848204e+01
1.181887770123064119e+00 1.065066381074523250e+01
1.183418712830477393e+00 1.064475203810496851e+01
1.184949655537890667e+00 1.063880759089435912e+01
1.186480598245303941e+00 1.063283014172185226e+01
1.188011540952717215e+00 1.062681936109760272e+01
1.189542483660130490e+00 1.062075227715541992e+01
1.191073426367543764e+00 1.061460754531361239e+01
1.192604369074957260e+00 1.060842331973863750e+01
1.194135311782370534e+00 1.060219912554364008e+01
1.195666254489783809e+00 1.059593448505123270e+01
1.197197197197197083e+00 1.058962891768856274e+01
1.198728139904610357e+00 1.058328193987748911e+01
1.200259082612023631e+00 1.057689306491957382e+01
1.201790025319436905e+00 1.057046180287560766e+01
1.203320968026850180e+00 1.056398766043938053e+01
1.204851910734263454e+00 1.055747014080533042e+01
1.206382853441676728e+00 1.055090874352974240e+01
1.207913796149090224e+00 1.054430296438513004e+01
1.209444738856503498e+00 1.053765229520738522e+01
1.210975681563916773e+00 1.053095622373525053e+01
1.212506624271330047e+00 1.052421423344171991e+01
1.214037566978743321e+00 1.051742580335680444e+01
1.215568509686156595e+00 1.051059040788119248e+01
1.217099452393569869e+00 1.050370751659022517e+01
1.218630395100983144e+00 1.049677659402759744e+01
1.220161337808396418e+00 1.048979709948813088e+01
1.221692280515809692e+00 1.048276848678894169e+01
1.223223223223222966e+00 1.047569020402826645e+01
1.224754165930636463e+00 1.046856169333113407e+01
1.226285108638049515e+00 1.046138239058107366e+01
1.227816051345463011e+00 1.045415172513687629e+01
1.229346994052876285e+00 1.044686911953350616e+01
1.230877936760289337e+00 1.043953398916603348e+01
1.232408879467702834e+00 1.043214574195548039e+01
1.233939822175116108e+00 1.042470377799532955e+01
1.235470764882529160e+00 1.041720748917740202e+01
1.237001707589942656e+00 1.040965625879560719e+01
1.238532650297355930e+00 1.040204946112607409e+01
1.240063593004769427e+00 1.039438646098195740e+01
1.241594535712182701e+00 1.038666661324108986e+01
1.243125478419595975e+00 1.037888926234456122e+01
1.244656421127009249e+00 1.037105374176402428e+01
1.246187363834422523e+00 1.036315937343548299e+01
1.247718306541835798e+00 1.035504951784272976e+01
1.249249249249249072e+00 1.034681943554670269e+01
1.250780191956662346e+00 1.033850344752603689e+01
1.252311134664075620e+00 1.033009982736031773e+01
1.253842077371488894e+00 1.032160682967323773e+01
1.255373020078902169e+00 1.031302268900056163e+01
1.256903962786315665e+00 1.030434561857463294e+01
1.258434905493728939e+00 1.029557380901810149e+01
1.259965848201142213e+00 1.028670542693877366e+01
1.261496790908555488e+00 1.027773861341678341e+01
1.263027733615968762e+00 1.026867148237419869e+01
1.264558676323382036e+00 1.025950211881626117e+01
1.266089619030795310e+00 1.025022857693222988e+01
1.267620561738208584e+00 1.024084887804253086e+01
1.269151504445621859e+00 1.023136100837741935e+01
1.270682447153035133e+00 1.022176291667074111e+01
1.272213389860448629e+00 1.021205251155049964e+01
1.273744332567861903e+00 1.020222765870582471e+01
1.275275275275275177e+00 1.019228617780760615e+01
1.276806217982688452e+00 1.018222583915730617e+01
1.278337160690101726e+00 1.017204436003544998e+01
1.279868103397515000e+00 1.016173940071780812e+01
1.281399046104928274e+00 1.015130856012328664e+01
1.282929988812341549e+00 1.014074937105307761e+01
1.284460931519754823e+00 1.012980225422261960e+01
1.285991874227168097e+00 1.011857949765177800e+01
1.287522816934581371e+00 1.010717395696918786e+01
1.289053759641994645e+00 1.009558093736364981e+01
1.290584702349408142e+00 1.008379563062219120e+01
1.292115645056821416e+00 1.007181310493274218e+01
1.293646587764234468e+00 1.005962829355832433e+01
1.295177530471647964e+00 1.004723598223401559e+01
1.296708473179061238e+00 1.003463079511520561e+01
1.298239415886474291e+00 1.002180717907867979e+01
1.299770358593887787e+00 1.000875938614644234e+01
1.301301301301301061e+00 nan
1.302832244008714113e+00 nan
1.304363186716127831e+00 nan
1.305894129423541106e+00 nan
1.307425072130954380e+00 nan
1.308956014838367654e+00 nan
1.310486957545780928e+00 nan
1.312017900253194203e+00 nan
1.313548842960607477e+00 nan
1.315079785668020751e+00 nan
1.316610728375434025e+00 nan
1.318141671082847299e+00 nan
1.319672613790260574e+00 nan
1.321203556497674070e+00 nan
1.322734499205087344e+00 nan
1.324265441912500618e+00 nan
1.325796384619913892e+00 nan
1.327327327327327167e+00 nan
1.328858270034740441e+00 nan
1.330389212742153715e+00 nan
1.331920155449566989e+00 nan
1.333451098156980263e+00 nan
1.334982040864393538e+00 nan
1.336512983571807034e+00 nan
1.338043926279220308e+00 nan
1.339574868986633582e+00 nan
1.341105811694046857e+00 nan
1.342636754401460131e+00 nan
1.344167697108873405e+00 nan
1.345698639816286679e+00 nan
1.347229582523699953e+00 nan
1.348760525231113228e+00 nan
1.350291467938526502e+00 nan
1.351822410645939776e+00 nan
1.353353353353353272e+00 nan
1.354884296060766546e+00 nan
1.356415238768179599e+00 nan
1.357946181475593095e+00 nan
1.359477124183006369e+00 nan
1.361008066890419421e+00 nan
1.362539009597832917e+00 nan
1.364069952305246192e+00 nan
1.365600895012659244e+00 nan
1.367131837720072740e+00 nan
1.368662780427486236e+00 nan
1.370193723134899511e+00 nan
1.371724665842312785e+00 nan
1.373255608549726059e+00 nan
1.374786551257139333e+00 nan
1.376317493964552607e+00 nan
1.377848436671965882e+00 nan
1.379379379379379156e+00 nan
1.380910322086792430e+00 nan
1.382441264794205704e+00 nan
1.383972207501619200e+00 nan
1.385503150209032475e+00 nan
1.387034092916445749e+00 nan
1.388565035623859023e+00 nan
1.390095978331272297e+00 nan
1.391626921038685571e+00 nan
1.393157863746098846e+00 nan
1.394688806453512120e+00 nan
1.396219749160925394e+00 nan
1.397750691868338668e+00 nan
1.399281634575751943e+00 nan
1.400812577283165439e+00 nan
1.402343519990578713e+00 nan
1.403874462697991987e+00 nan
1.405405405405405261e+00 nan
1.406936348112818536e+00 nan
1.408467290820231810e+00 nan
1.409998233527645084e+00 nan
1.411529176235058358e+00 nan
1.413060118942471632e+00 nan
1.414591061649884907e+00 nan
1.416122004357298403e+00 nan
1.417652947064711677e+00 nan
1.419183889772124729e+00 nan
1.420714832479538225e+00 nan
1.422245775186951500e+00 nan
1.423776717894364552e+00 nan
1.425307660601778048e+00 nan
1.426838603309191322e+00 nan
1.428369546016604374e+00 nan
1.429900488724017871e+00 nan
1.431431431431431145e+00 nan
1.432962374138844641e+00 nan
1.434493316846257915e+00 nan
1.436024259553671190e+00 nan
1.437555202261084464e+00 nan
1.439086144968497738e+00 nan
1.440617087675911012e+00 nan
1.442148030383324286e+00 nan
1.443678973090737561e+00 nan
1.445209915798150835e+00 nan
1.446740858505564109e+00 nan
1.448271801212977605e+00 nan
1.449802743920390879e+00 nan
1.451333686627804154e+00 nan
1.452864629335217428e+00 nan
1.454395572042630702e+00 nan
1.455926514750043976e+00 nan
1.457457457457457251e+00 nan
1.458988400164870525e+00 nan
1.460519342872283799e+00 nan
1.462050285579697073e+00 nan
1.463581228287110347e+00 nan
1.465112170994523844e+00 nan
1.466643113701937118e+00 nan
1.468174056409350392e+00 nan
1.469704999116763666e+00 nan
1.471235941824176940e+00 nan
1.472766884531590215e+00 nan
1.474297827239003489e+00 nan
1.475828769946416763e+00 nan
1.477359712653830037e+00 nan
1.478890655361243311e+00 nan
1.480421598068656808e+00 nan
1.481952540776069860e+00 nan
1.483483483483483356e+00 nan
1.485014426190896630e+00 nan
1.486545368898309682e+00 nan
1.488076311605723179e+00 nan
1.489607254313136453e+00 nan
1.491138197020549505e+00 nan
1.492669139727963001e+00 nan
1.494200082435376276e+00 nan
1.495731025142789772e+00 nan
1.497261967850203046e+00 nan
1.498792910557616320e+00 nan
1.500323853265029594e+00 nan
1.501854795972442869e+00 nan
1.503385738679856143e+00 nan
1.504916681387269417e+00 nan
1.506447624094682691e+00 nan
1.507978566802095965e+00 nan
1.509509509509509240e+00 nan
1.511040452216922514e+00 nan
1.512571394924336010e+00 nan
1.514102337631749284e+00 nan
1.515633280339162559e+00 nan
1.517164223046575833e+00 nan
1.518695165753989107e+00 nan
1.520226108461402381e+00 nan
1.521757051168815655e+00 nan
1.523287993876228930e+00 nan
1.524818936583642204e+00 nan
1.526349879291055478e+00 nan
1.527880821998468974e+00 nan
1.529411764705882248e+00 nan
