0.000000000000000000e+00 1.323300494515798320e+01
7.654713537066477284e-04 1.266768642545694412e+01
1.530942707413295457e-03 1.266328335460844912e+01
2.296414061119943402e-03 1.265902711004166115e+01
3.061885414826590913e-03 1.265489313350562917e+01
3.827356768533238425e-03 1.265103077886776006e+01
4.592828122239886804e-03 1.264719612116515002e+01
5.358299475946534315e-03 1.264336132046661199e+01
6.123770829653181827e-03 1.263952637661630618e+01
6.889242183359829338e-03 1.263569128945740871e+01
7.654713537066476850e-03 1.263188648433119354e+01
8.420184890773124362e-03 1.262820184666110457e+01
9.185656244479773608e-03 1.262455921835979922e+01
9.951127598186421119e-03 1.262095859790187902e+01
1.071659895189306863e-02 1.261739998355909620e+01
1.148207030559971614e-02 1.261388337340071075e+01
1.224754165930636365e-02 1.261036077784436138e+01
1.301301301301301290e-02 1.260683646410108771e+01
1.377848436671965868e-02 1.260334251133538430e+01
1.454395572042630619e-02 1.259987891788889769e+01
1.530942707413295370e-02 1.259644568200079640e+01
1.607489842783960121e-02 1.259304280180803737e+01
1.684036978154624872e-02 1.258967027534564842e+01
1.760584113525289623e-02 1.258632810054702489e+01
1.837131248895954722e-02 1.258301627524422450e+01
1.913678384266619473e-02 1.257973479716828891e+01
1.990225519637284224e-02 1.257648366394956518e+01
2.066772655007948975e-02 1.257326287311803981e+01
2.143319790378613726e-02 1.257007242210369036e+01
2.219866925749278477e-02 1.256691230823683370e+01
2.296414061119943228e-02 1.256371711650297129e+01
2.372961196490607980e-02 1.256054241608250699e+01
2.449508331861272731e-02 1.255738896564238161e+01
2.526055467231937135e-02 1.255425676318310657e+01
2.602602602602602580e-02 1.255114580665348711e+01
2.679149737973266984e-02 1.254805609395081412e+01
2.755696873343931735e-02 1.254498762292106839e+01
2.832244008714596487e-02 1.254194039135914274e+01
2.908791144085261238e-02 1.253891439700904264e+01
2.985338279455925989e-02 1.253590963756411547e+01
3.061885414826590740e-02 1.253292611066726181e+01
3.138432550197255838e-02 1.252996381391116998e+01
3.214979685567920242e-02 1.252702274483853451e+01
3.291526820938585340e-02 1.252409040212399916e+01
3.368073956309249745e-02 1.252115515300246429e+01
3.444621091679914843e-02 1.251823372756623165e+01
3.521168227050579247e-02 1.251532563047932811e+01
3.597715362421244345e-02 1.251243036646253515e+01
3.674262497791909443e-02 1.250954744029522026e+01
3.750809633162573847e-02 1.250667635681704404e+01
3.827356768533238945e-02 1.250381662092956603e+01
3.903903903903903350e-02 1.250096773759773328e+01
3.980451039274568448e-02 1.249812921185126235e+01
4.056998174645232158e-02 1.249530054878590057e+01
4.133545310015897950e-02 1.249248125356458949e+01
4.210092445386562354e-02 1.248967083141851475e+01
4.286639580757227452e-02 1.248686878764804398e+01
4.363186716127891857e-02 1.248409432074365455e+01
4.439733851498556955e-02 1.248133480215937041e+01
4.516280986869221359e-02 1.247858520293663176e+01
4.592828122239886457e-02 1.247584514145419199e+01
4.669375257610550861e-02 1.247311423614986126e+01
4.745922392981215959e-02 1.247039210552154742e+01
4.822469528351880363e-02 1.246767836812820995e+01
4.899016663722545462e-02 1.246497264259078186e+01
4.975563799093210560e-02 1.246227454759300990e+01
5.052110934463874270e-02 1.245958370188223974e+01
5.128658069834540062e-02 1.245689972427016201e+01
5.205205205205205160e-02 1.245422223363347136e+01
5.281752340575869564e-02 1.245155084891448638e+01
5.358299475946533968e-02 1.244888518912171271e+01
5.434846611317199067e-02 1.244622487333033511e+01
5.511393746687863471e-02 1.244356952068267397e+01
5.587940882058528569e-02 1.244091875038856543e+01
5.664488017429192973e-02 1.243827218172569538e+01
5.741035152799858071e-02 1.243562943403988541e+01
5.817582288170522475e-02 1.243299012674531134e+01
5.894129423541187573e-02 1.243035387932466840e+01
5.970676558911851978e-02 1.242772031132929733e+01
6.047223694282517076e-02 1.242508904237923950e+01
6.123770829653181480e-02 1.242245969216324575e+01
6.200317965023847272e-02 1.241983188043873554e+01
6.276865100394511676e-02 1.241723769981055447e+01
6.353412235765176774e-02 1.241465442278406073e+01
6.429959371135840485e-02 1.241207625612161181e+01
6.506506506506505583e-02 1.240950299526073941e+01
6.583053641877170681e-02 1.240693443568437893e+01
6.659600777247835779e-02 1.240437037292121403e+01
6.736147912618499489e-02 1.240181060254599466e+01
6.812695047989164587e-02 1.239925492017985320e+01
6.889242183359829685e-02 1.239670312149058873e+01
6.965789318730494784e-02 1.239415500219293520e+01
7.042336454101158494e-02 1.239161035804881195e+01
7.118883589471823592e-02 1.238906898486756347e+01
7.195430724842488690e-02 1.238653067850616907e+01
7.271977860213152400e-02 1.238399523486944176e+01
7.348524995583818886e-02 1.238146244991020417e+01
7.425072130954482597e-02 1.237893211962946260e+01
7.501619266325147695e-02 1.237640404007653494e+01
7.578166401695812793e-02 1.237387800734919452e+01
7.654713537066477891e-02 1.237135381759376429e+01
7.731260672437141601e-02 1.236883126700522695e+01
7.807807807807806699e-02 1.236631015182728888e+01
7.884354943178471797e-02 1.236379026835244588e+01
7.960902078549136895e-02 1.236127141292202580e+01
8.037449213919800606e-02 1.235875338192621520e+01
8.113996349290464316e-02 1.235623597180407174e+01
8.190543484661130802e-02 1.235373952726885705e+01
8.267090620031795900e-02 1.235124837475591519e+01
8.343637755402459610e-02 1.234876005703324786e+01
8.420184890773124708e-02 1.234627447552224311e+01
8.496732026143789807e-02 1.234379153166768539e+01
8.573279161514454905e-02 1.234131112693787458e+01
8.649826296885120003e-02 1.233883316282473785e+01
8.726373432255783713e-02 1.233635754084392566e+01
8.802920567626448811e-02 1.233388416253492004e+01
8.879467702997113909e-02 1.233141292946111633e+01
8.956014838367779007e-02 1.232894374320992981e+01
9.032561973738442718e-02 1.232647650539285955e+01
9.109109109109107816e-02 1.232401111764557733e+01
9.185656244479772914e-02 1.232154748162800217e+01
9.262203379850436624e-02 1.231908549902436256e+01
9.338750515221101722e-02 1.231662507154326036e+01
9.415297650591766820e-02 1.231416610091773300e+01
9.491844785962431919e-02 1.231170848890530500e+01
9.568391921333097017e-02 1.230925213728803769e+01
9.644939056703760727e-02 1.230679694787256651e+01
9.721486192074425825e-02 1.230434282249014899e+01
9.798033327445090923e-02 1.230188966299669140e+01
9.874580462815756021e-02 1.229943737127278425e+01
9.951127598186421119e-02 1.229698584922372717e+01
1.002767473355708483e-01 1.229453499877953959e+01
1.010422186892774854e-01 1.229209408796173086e+01
1.018076900429841503e-01 1.228965542064870498e+01
1.025731613966908012e-01 1.228721835337359813e+01
1.033386327503974383e-01 1.228478283336313481e+01
1.041041041041041032e-01 1.228234880785226579e+01
1.048695754578107403e-01 1.227991622408418948e+01
1.056350468115173913e-01 1.227748502931037500e+01
1.064005181652240284e-01 1.227505517079058173e+01
1.071659895189306794e-01 1.227262659579287174e+01
1.079314608726373304e-01 1.227019925159362757e+01
1.086969322263439813e-01 1.226777308547756817e+01
1.094624035800506184e-01 1.226534804473775964e+01
1.102278749337572694e-01 1.226292407667562756e+01
1.109933462874639204e-01 1.226050112860096064e+01
1.117588176411705714e-01 1.225807914783192309e+01
1.125242889948772224e-01 1.225565808169506354e+01
1.132897603485838595e-01 1.225323787752530613e+01
1.140552317022905104e-01 1.225081848266597184e+01
1.148207030559971614e-01 1.224839984446876073e+01
1.155861744097038263e-01 1.224598191029376970e+01
1.163516457634104495e-01 1.224356462750947117e+01
1.171171171171171005e-01 1.224114794349272906e+01
1.178825884708237515e-01 1.223873180562877749e+01
1.186480598245304025e-01 1.223631616131122435e+01
1.194135311782370396e-01 1.223390095794204235e+01
1.201790025319436905e-01 1.223149021156236849e+01
1.209444738856503415e-01 1.222908020363398407e+01
1.217099452393569925e-01 1.222667082349242484e+01
1.224754165930636296e-01 1.222426202745589485e+01
1.232408879467702806e-01 1.222185377184646882e+01
1.240063593004769454e-01 1.221944601299008681e+01
1.247718306541835825e-01 1.221703870721653118e+01
1.255373020078902335e-01 1.221463181085943539e+01
1.263027733615968706e-01 1.221222528025625742e+01
1.270682447153035355e-01 1.220981907174827086e+01
1.278337160690101726e-01 1.220741314168055602e+01
1.285991874227168097e-01 1.220500744640198221e+01
1.293646587764234746e-01 1.220260194226519523e+01
1.301301301301301117e-01 1.220019658562659792e+01
1.308956014838367488e-01 1.219779133284633410e+01
1.316610728375434136e-01 1.219538614028827439e+01
1.324265441912500507e-01 1.219298096431999490e+01
1.331920155449567156e-01 1.219057576131275233e+01
1.339574868986633527e-01 1.218817048764147870e+01
1.347229582523699898e-01 1.218576509968474042e+01
1.354884296060766546e-01 1.218335955382473301e+01
1.362539009597832917e-01 1.218095380644724912e+01
1.370193723134899288e-01 1.217854781394165542e+01
1.377848436671965937e-01 1.217614153270087129e+01
1.385503150209032308e-01 1.217373491912133865e+01
1.393157863746098957e-01 1.217132792960300058e+01
1.400812577283165328e-01 1.216892052054926765e+01
1.408467290820231699e-01 1.216651264836699831e+01
1.416122004357298347e-01 1.216410426946646339e+01
1.423776717894364718e-01 1.216169534026131416e+01
1.431431431431431367e-01 1.215928581716856272e+01
1.439086144968497738e-01 1.215687565660853942e+01
1.446740858505564109e-01 1.215446481500486264e+01
1.454395572042630480e-01 1.215205324878441218e+01
1.462050285579697129e-01 1.214964091437728655e+01
1.469704999116763777e-01 1.214722776821677819e+01
1.477359712653830148e-01 1.214481816906071820e+01
1.485014426190896519e-01 1.214241099855548534e+01
1.492669139727963168e-01 1.214000349403484336e+01
1.500323853265029539e-01 1.213759562789806523e+01
1.507978566802095910e-01 1.213518737254471169e+01
1.515633280339162559e-01 1.213277870037461348e+01
1.523287993876228930e-01 1.213036958378784647e+01
1.530942707413295578e-01 1.212795999518469969e+01
1.538597420950361672e-01 1.212554990696565227e+01
1.546252134487428320e-01 1.212313929153135028e+01
1.553906848024494969e-01 1.212072812128256949e+01
1.561561561561561340e-01 1.211831636862020112e+01
1.569216275098627711e-01 1.211590400594520922e+01
1.576870988635694359e-01 1.211349100565861292e+01
1.584525702172760731e-01 1.211107734016145088e+01
1.592180415709827379e-01 1.210866298185475465e+01
1.599835129246893750e-01 1.210624790313951493e+01
1.607489842783960121e-01 1.210383207641665493e+01
1.615144556321026770e-01 1.210141547408699658e+01
1.622799269858092863e-01 1.209899806855122684e+01
1.630453983395159789e-01 1.209657983220986921e+01
1.638108696932226160e-01 1.209416073746324649e+01
1.645763410469292531e-01 1.209174075671145232e+01
1.653418124006359180e-01 1.208931986235431388e+01
1.661072837543425551e-01 1.208689802679135994e+01
1.668727551080491922e-01 1.208447522242177996e+01
1.676382264617558571e-01 1.208205142164439749e+01
1.684036978154624942e-01 1.207962659685762929e+01
1.691691691691691590e-01 1.207720072045944981e+01
1.699346405228757961e-01 1.207477376484734855e+01
1.707001118765824055e-01 1.207234570241830696e+01
1.714655832302890981e-01 1.206991650556874696e+01
1.722310545839957352e-01 1.206748614669449360e+01
1.729965259377024001e-01 1.206505459819074844e+01
1.737619972914090372e-01 1.206262183245203445e+01
1.745274686451156743e-01 1.206018782187216587e+01
1.752929399988223391e-01 1.205775375836166496e+01
1.760584113525289762e-01 1.205532272483942968e+01
1.768238827062356133e-01 1.205289080917409450e+01
1.775893540599422782e-01 1.205045799556247310e+01
1.783548254136489153e-01 1.204802426819877859e+01
1.791202967673555801e-01 1.204558961127459504e+01
1.798857681210622173e-01 1.204315400897883137e+01
1.806512394747688544e-01 1.204071744549770173e+01
1.814167108284755192e-01 1.203827990501468648e+01
1.821821821821821563e-01 1.203584137171049306e+01
1.829476535358887934e-01 1.203340182976302586e+01
1.837131248895954583e-01 1.203096126334735416e+01
1.844785962433020954e-01 1.202851965663566602e+01
1.852440675970087325e-01 1.202607699379724515e+01
1.860095389507153973e-01 1.202363325899841939e+01
1.867750103044220344e-01 1.202118843640254120e+01
1.875404816581286993e-01 1.201874251016993256e+01
1.883059530118353364e-01 1.201629546445786190e+01
1.890714243655420013e-01 1.201384728342049790e+01
1.898368957192486384e-01 1.201139795120886866e+01
1.906023670729552755e-01 1.200894745197083324e+01
1.913678384266619403e-01 1.200649576985103018e+01
1.921333097803685774e-01 1.200404288899084548e+01
1.928987811340752145e-01 1.200158879352836649e+01
1.936642524877818516e-01 1.199913346759834809e+01
1.944297238414885165e-01 1.199667689533216475e+01
1.951951951951951814e-01 1.199421906085777323e+01
1.959606665489018185e-01 1.199175994829966463e+01
1.967261379026084556e-01 1.198929954177883062e+01
1.974916092563151204e-01 1.198683782541271370e+01
1.982570806100217575e-01 1.198437478331516637e+01
1.990225519637284224e-01 1.198191039959640136e+01
1.997880233174350595e-01 1.197944465836295969e+01
2.005534946711416966e-01 1.197697754371765377e+01
2.013189660248483615e-01 1.197450903975952485e+01
2.020844373785549708e-01 1.197203913058380209e+01
2.028499087322616357e-01 1.196956780028185108e+01
2.036153800859683005e-01 1.196709594462006265e+01
2.043808514396749376e-01 1.196462287143172532e+01
2.051463227933816025e-01 1.196214841849107025e+01
2.059117941470882396e-01 1.195967257219311186e+01
2.066772655007948767e-01 1.195719531892834198e+01
2.074427368545015415e-01 1.195471664508268539e+01
2.082082082082082064e-01 1.195223653703745903e+01
2.089736795619148435e-01 1.194975498116932577e+01
2.097391509156214806e-01 1.194727196385025358e+01
2.105046222693281177e-01 1.194478747144746578e+01
2.112700936230347826e-01 1.194230149032340371e+01
2.120355649767414197e-01 1.193981400683567173e+01
2.128010363304480568e-01 1.193732500733699808e+01
2.135665076841547216e-01 1.193483447817518872e+01
2.143319790378613587e-01 1.193234240569307403e+01
2.150974503915680236e-01 1.192984877622847328e+01
2.158629217452746607e-01 1.192735357611412894e+01
2.166283930989813256e-01 1.192485679167767820e+01
2.173938644526879627e-01 1.192235840924159085e+01
2.181593358063945998e-01 1.191985841512312128e+01
2.189248071601012369e-01 1.191735679563426764e+01
2.196902785138079017e-01 1.191485353708170969e+01
2.204557498675145388e-01 1.191234862576676612e+01
2.212212212212212037e-01 1.190984204798533952e+01
2.219866925749278408e-01 1.190733379002786485e+01
2.227521639286344779e-01 1.190482383817926149e+01
2.235176352823411428e-01 1.190231217871887459e+01
2.242831066360477799e-01 1.189979879792042183e+01
2.250485779897544447e-01 1.189728368205194364e+01
2.258140493434610818e-01 1.189476681737574815e+01
2.265795206971677189e-01 1.189224819014834900e+01
2.273449920508743838e-01 1.188972778662042273e+01
2.281104634045810209e-01 1.188720559303673774e+01
2.288759347582876580e-01 1.188468159563610982e+01
2.296414061119943228e-01 1.188215578065133649e+01
2.304068774657009600e-01 1.187962813430914721e+01
2.311723488194076526e-01 1.187709912785421906e+01
2.319378201731142619e-01 1.187456882649402701e+01
2.327032915268208990e-01 1.187203670159963487e+01
2.334687628805275639e-01 1.186950274014555973e+01
2.342342342342342010e-01 1.186696692910019202e+01
2.349997055879408658e-01 1.186442925542575644e+01
2.357651769416475029e-01 1.186188970607824089e+01
2.365306482953541400e-01 1.185934826800734854e+01
2.372961196490608049e-01 1.185680492815643028e+01
2.380615910027674420e-01 1.185425967346243326e+01
2.388270623564740791e-01 1.185171249085583334e+01
2.395925337101807717e-01 1.184916336726058006e+01
2.403580050638873811e-01 1.184661228959403623e+01
2.411234764175940459e-01 1.184405924476691041e+01
2.418889477713006830e-01 1.184150421968320188e+01
2.426544191250073201e-01 1.183894720124013133e+01
2.434198904787139850e-01 1.183638817632807694e+01
2.441853618324206221e-01 1.183382713183051749e+01
2.449508331861272592e-01 1.183126405462395958e+01
2.457163045398339241e-01 1.182869893157787722e+01
2.464817758935405612e-01 1.182613174955464252e+01
2.472472472472472260e-01 1.182356249540945647e+01
2.480127186009538909e-01 1.182099115599028849e+01
2.487781899546605002e-01 1.181841771813780007e+01
2.495436613083671651e-01 1.181584216868528081e+01
2.503091326620738299e-01 1.181326449445857740e+01
2.510746040157804670e-01 1.181068468227602430e+01
2.518400753694871042e-01 1.180810271894836383e+01
2.526055467231937413e-01 1.180551859127868930e+01
2.533710180769003784e-01 1.180293228606235978e+01
2.541364894306070710e-01 1.180034379008693080e+01
2.549019607843137081e-01 1.179775309013208151e+01
2.556674321380203452e-01 1.179516017296953656e+01
2.564329034917269823e-01 1.179256502536299145e+01
2.571983748454336194e-01 1.178996763406803616e+01
2.579638461991403120e-01 1.178736798583208056e+01
2.587293175528469491e-01 1.178476606739426913e+01
2.594947889065535862e-01 1.178216186548540634e+01
2.602602602602602233e-01 1.177955536682788029e+01
2.610257316139668604e-01 1.177694655813557034e+01
2.617912029676734975e-01 1.177433542611377781e+01
2.625566743213801901e-01 1.177172195745913896e+01
2.633221456750868272e-01 1.176910613885953794e+01
2.640876170287934643e-01 1.176648795699402683e+01
2.648530883825001014e-01 1.176386739853273866e+01
2.656185597362067385e-01 1.176124445013680209e+01
2.663840310899134312e-01 1.175861909845825437e+01
2.671495024436200683e-01 1.175599133013995257e+01
2.679149737973267054e-01 1.175336113181548292e+01
2.686804451510333425e-01 1.175072849010907561e+01
2.694459165047399796e-01 1.174809339163551059e+01
2.702113878584466722e-01 1.174545582300002522e+01
2.709768592121533093e-01 1.174281577079822192e+01
2.717423305658599464e-01 1.174017322161597932e+01
2.725078019195665835e-01 1.173752816202934568e+01
2.732732732732732206e-01 1.173488057860445721e+01
2.740387446269798577e-01 1.173223045789742791e+01
2.748042159806865503e-01 1.172957778645426430e+01
2.755696873343931874e-01 1.172692255081075352e+01
2.763351586880997690e-01 1.172426473749237097e+01
2.771006300418064616e-01 1.172160433301418081e+01
2.778661013955130987e-01 1.171894132388072407e+01
2.786315727492197913e-01 1.171627569658592449e+01
2.793970441029264284e-01 1.171360726005355701e+01
2.801625154566330655e-01 1.171093613269735201e+01
2.809279868103397027e-01 1.170826233634482172e+01
2.816934581640463398e-01 1.170558585729335732e+01
2.824589295177530324e-01 1.170290668182946092e+01
2.832244008714596695e-01 1.170022479622864786e+01
2.839898722251663066e-01 1.169754018675533125e+01
2.847553435788729437e-01 1.169485283966271716e+01
2.855208149325795808e-01 1.169216274119269983e+01
2.862862862862862734e-01 1.168946987757573730e+01
2.870517576399929105e-01 1.168677423503075907e+01
2.878172289936995476e-01 1.168407579976503108e+01
2.885827003474061847e-01 1.168137455797405622e+01
2.893481717011128218e-01 1.167867049584145356e+01
2.901136430548195144e-01 1.167596359953883933e+01
2.908791144085260960e-01 1.167325385522570969e+01
2.916445857622327886e-01 1.167054124904931811e+01
2.924100571159394257e-01 1.166782576714455999e+01
2.931755284696460073e-01 1.166510739563383758e+01
2.939409998233527554e-01 1.166238612062695168e+01
2.947064711770593926e-01 1.165966192822096303e+01
2.954719425307660297e-01 1.165693480450006803e+01
2.962374138844726668e-01 1.165420473553547076e+01
2.970028852381793039e-01 1.165147170738525340e+01
2.977683565918859410e-01 1.164873570609424291e+01
2.985338279455926336e-01 1.164599671769387612e+01
2.992992992992992707e-01 1.164325472820206819e+01
3.000647706530059078e-01 1.164050972362307057e+01
3.008302420067125449e-01 1.163776168994733773e+01
3.015957133604191820e-01 1.163501061315138330e+01
3.023611847141258746e-01 1.163225647919763794e+01
3.031266560678325117e-01 1.162949927403431083e+01
3.038921274215391488e-01 1.162673898359523683e+01
3.046575987752457859e-01 1.162397559379973799e+01
3.054230701289524230e-01 1.162120909055246365e+01
3.061885414826591156e-01 1.161843945974325187e+01
3.069540128363657527e-01 1.161566668724696960e+01
3.077194841900723343e-01 1.161289075892335632e+01
3.084849555437790269e-01 1.161011166061687661e+01
3.092504268974856640e-01 1.160732937815655141e+01
3.100158982511923567e-01 1.160454389735580527e+01
3.107813696048989938e-01 1.160175520401230465e+01
3.115468409586056309e-01 1.159896328390778386e+01
3.123123123123122680e-01 1.159616812280789233e+01
3.130777836660189051e-01 1.159336970646201515e+01
3.138432550197255422e-01 1.159056802060310964e+01
3.146087263734322348e-01 1.158776305094752956e+01
3.153741977271388719e-01 1.158495478319485272e+01
3.161396690808455090e-01 1.158214320302769984e+01
3.169051404345521461e-01 1.157932829611155867e+01
3.176706117882587832e-01 1.157651004809460460e+01
3.184360831419654758e-01 1.157368844460751056e+01
3.192015544956721129e-01 1.157086347126326764e+01
3.199670258493787500e-01 1.156803511365698789e+01
3.207324972030853871e-01 1.156520335736572846e+01
3.214979685567920242e-01 1.156236818794828025e+01
3.222634399104986613e-01 1.155952959094498489e+01
3.230289112642053539e-01 1.155668755187753227e+01
3.237943826179119911e-01 1.155384205624875626e+01
3.245598539716185726e-01 1.155099308954243753e+01
3.253253253253252653e-01 1.154814063722309569e+01
3.260907966790319579e-01 1.154528468473577441e+01
3.268562680327385950e-01 1.154242448516379760e+01
3.276217393864452321e-01 1.153955733349014956e+01
3.283872107401518692e-01 1.153668644142301858e+01
3.291526820938585063e-01 1.153381179123989675e+01
3.299181534475651434e-01 1.153093336519736134e+01
3.306836248012718360e-01 1.152805114553084387e+01
3.314490961549784731e-01 1.152516511445438852e+01
3.322145675086851102e-01 1.152227525416042475e+01
3.329800388623917473e-01 1.151938154681951865e+01
3.337455102160983844e-01 1.151648397458012774e+01
3.345109815698050770e-01 1.151358251956836298e+01
3.352764529235117141e-01 1.151067716388772588e+01
3.360419242772183512e-01 1.150776788961885977e+01
3.368073956309249883e-01 1.150485467881929402e+01
3.375728669846316254e-01 1.150193751352317761e+01
3.383383383383383181e-01 1.149901637574101620e+01
3.391038096920448996e-01 1.149609124745940392e+01
3.398692810457515923e-01 1.149316211064074622e+01
3.406347523994582294e-01 1.149022894722299171e+01
3.414002237531648110e-01 1.148729173911934254e+01
3.421656951068715591e-01 1.148435046821797911e+01
3.429311664605781962e-01 1.148140511638176342e+01
3.436966378142848333e-01 1.147845566544795126e+01
3.444621091679914704e-01 1.147550209722789560e+01
3.452275805216981075e-01 1.147254439350674282e+01
3.459930518754048001e-01 1.146958253604313072e+01
3.467585232291114372e-01 1.146661650656887765e+01
3.475239945828180743e-01 1.146364628678867170e+01
3.482894659365247114e-01 1.146067185837974556e+01
3.490549372902313485e-01 1.145769320299155858e+01
3.498204086439379856e-01 1.145471030224547171e+01
3.505858799976446782e-01 1.145172313773440465e+01
3.513513513513513153e-01 1.144873169102251076e+01
3.521168227050579524e-01 1.144573594364482716e+01
3.528822940587645896e-01 1.144273587710693185e+01
3.536477654124712267e-01 1.143973147288458492e+01
3.544132367661779193e-01 1.143672271242338212e+01
3.551787081198845564e-01 1.143370957713837832e+01
3.559441794735911380e-01 1.143069204841373399e+01
3.567096508272978306e-01 1.142767010760232615e+01
3.574751221810044677e-01 1.142464373602538430e+01
3.582405935347111603e-01 1.142161291497209596e+01
3.590060648884177974e-01 1.141857762569921775e+01
3.597715362421244345e-01 1.141553784943068273e+01
3.605370075958310716e-01 1.141249356735719189e+01
3.613024789495377087e-01 1.140944476063581270e+01
3.620679503032444013e-01 1.140639141038955984e+01
3.628334216569510384e-01 1.140333349770697424e+01
3.635988930106576755e-01 1.140027100364169854e+01
3.643643643643643126e-01 1.139720390921203830e+01
3.651298357180709497e-01 1.139413219540053035e+01
3.658953070717775868e-01 1.139105584315348452e+01
3.666607784254842795e-01 1.138797483338053951e+01
3.674262497791909166e-01 1.138488914695419219e+01
3.681917211328975537e-01 1.138179876470933927e+01
3.689571924866041908e-01 1.137870366744279416e+01
3.697226638403108279e-01 1.137560383591280555e+01
3.704881351940174650e-01 1.137249925083856894e+01
3.712536065477241576e-01 1.136938989289972923e+01
3.720190779014307947e-01 1.136627574273587094e+01
3.727845492551373763e-01 1.136315678094600301e+01
3.735500206088440689e-01 1.136003298808804374e+01
3.743154919625507615e-01 1.135690434467828425e+01
3.750809633162573986e-01 1.135376469759894036e+01
3.758464346699640357e-01 1.135061435341752123e+01
3.766119060236706728e-01 1.134745854058301084e+01
3.773773773773773099e-01 1.134429723063014883e+01
3.781428487310840025e-01 1.134113039504548581e+01
3.789083200847906396e-01 1.133795800526672615e+01
3.796737914384972767e-01 1.133478003268206891e+01
3.804392627922039138e-01 1.133159644862952931e+01
3.812047341459105509e-01 1.132840722439625480e+01
3.819702054996172436e-01 1.132521233121782700e+01
3.827356768533238807e-01 1.132201174027754398e+01
3.835011482070305178e-01 1.131880542270570800e+01
3.842666195607371549e-01 1.131559334957888474e+01
3.850320909144437920e-01 1.131237549191915903e+01
3.857975622681504291e-01 1.130915182069337277e+01
3.865630336218571217e-01 1.130592230681235222e+01
3.873285049755637033e-01 1.130268692113012108e+01
3.880939763292703959e-01 1.129944563444310290e+01
3.888594476829770330e-01 1.129619841748930043e+01
3.896249190366836146e-01 1.129294524094747665e+01
3.903903903903903627e-01 1.128968607543629865e+01
3.911558617440969998e-01 1.128642089151349559e+01
3.919213330978036369e-01 1.128314965967497407e+01
3.926868044515102740e-01 1.127987235035392999e+01
3.934522758052169111e-01 1.127658893391995498e+01
3.942177471589236037e-01 1.127329938067810211e+01
3.949832185126302408e-01 1.127000366086795502e+01
3.957486898663368780e-01 1.126670174466268293e+01
3.965141612200435151e-01 1.126339360216805119e+01
3.972796325737501522e-01 1.126007920342144963e+01
3.980451039274568448e-01 1.125675851839087827e+01
3.988105752811634819e-01 1.125343151697392763e+01
3.995760466348701190e-01 1.125009816899672543e+01
4.003415179885767561e-01 1.124675844421289028e+01
4.011069893422833932e-01 1.124341231230243210e+01
4.018724606959900303e-01 1.124005974287066500e+01
4.026379320496967229e-01 1.123670070544707578e+01
4.034034034034033600e-01 1.123333516948418698e+01
4.041688747571099416e-01 1.122996310435638811e+01
4.049343461108166342e-01 1.122658447935875081e+01
4.056998174645232713e-01 1.122319926370582444e+01
4.064652888182299639e-01 1.121980742653039798e+01
4.072307601719366010e-01 1.121640893688225304e+01
4.079962315256432381e-01 1.121300376372688135e+01
4.087617028793498752e-01 1.120959187594418438e+01
4.095271742330565123e-01 1.120617324232714473e+01
4.102926455867632050e-01 1.120274783158047782e+01
4.110581169404698421e-01 1.119931561231924633e+01
4.118235882941764792e-01 1.119587655306746221e+01
4.125890596478831163e-01 1.119243062225665142e+01
4.133545310015897534e-01 1.118897778822439371e+01
4.141200023552965015e-01 1.118551801921283584e+01
4.148854737090030831e-01 1.118205128336717458e+01
4.156509450627097202e-01 1.117857754873410592e+01
4.164164164164164128e-01 1.117509678326024947e+01
4.171818877701229944e-01 1.117160895479054616e+01
4.179473591238296870e-01 1.116811403106660272e+01
4.187128304775363241e-01 1.116461197972503783e+01
4.194783018312429612e-01 1.116110276829575554e+01
4.202437731849495983e-01 1.115758636420022043e+01
4.210092445386562354e-01 1.115406273474967236e+01
4.217747158923628725e-01 1.115053184714332168e+01
4.225401872460695651e-01 1.114699366846649475e+01
4.233056585997762022e-01 1.114341794854257550e+01
4.240711299534828393e-01 1.113982959700333453e+01
4.248366013071894765e-01 1.113623245585704424e+01
4.256020726608961136e-01 1.113262647286084039e+01
4.263675440146028062e-01 1.112901159562849251e+01
4.271330153683094433e-01 1.112538777162784243e+01
4.278984867220160804e-01 1.112175494817820365e+01
4.286639580757227175e-01 1.111811307244769687e+01
4.294294294294293546e-01 1.111446209145053210e+01
4.301949007831360472e-01 1.111080195204421805e+01
4.309603721368427398e-01 1.110713260092672883e+01
4.317258434905493214e-01 1.110345398463358535e+01
4.324913148442559585e-01 1.109976604953489066e+01
4.332567861979626511e-01 1.109606874183228875e+01
4.340222575516692882e-01 1.109236200755585067e+01
4.347877289053759253e-01 1.108864579256090543e+01
4.355532002590825624e-01 1.108492004252477869e+01
4.363186716127891995e-01 1.108118470294347091e+01
4.370841429664958366e-01 1.107743971912825565e+01
4.378496143202024737e-01 1.107368503620219968e+01
4.386150856739091664e-01 1.106992059909659787e+01
4.393805570276158035e-01 1.106614635254733514e+01
4.401460283813224406e-01 1.106236224109114730e+01
4.409114997350290777e-01 1.105856820906181781e+01
4.416769710887357148e-01 1.105476420058626275e+01
4.424424424424424074e-01 1.105095015958052684e+01
4.432079137961490445e-01 1.104712602974570679e+01
4.439733851498556816e-01 1.104329175456374301e+01
4.447388565035623187e-01 1.103944727729314046e+01
4.455043278572689558e-01 1.103559254096456499e+01
4.462697992109756484e-01 1.103172748837634920e+01
4.470352705646822855e-01 1.102785206208988278e+01
4.478007419183889781e-01 1.102396620442488384e+01
4.485662132720955597e-01 1.102006985745457435e+01
4.493316846258021968e-01 1.101616296300070985e+01
4.500971559795088894e-01 1.101224546262851689e+01
4.508626273332155265e-01 1.100831729764147582e+01
4.516280986869221636e-01 1.100437840907600417e+01
4.523935700406288007e-01 1.100042873769597129e+01
4.531590413943354378e-01 1.099646822398711343e+01
4.539245127480421305e-01 1.099249680815128372e+01
4.546899841017487676e-01 1.098851443010056173e+01
4.554554554554554047e-01 1.098452102945121922e+01
4.562209268091620418e-01 1.098051654551752421e+01
4.569863981628686789e-01 1.097650091730539401e+01
4.577518695165753160e-01 1.097247408350588138e+01
4.585173408702820086e-01 1.096843598248849005e+01
4.592828122239886457e-01 1.096438655229431980e+01
4.600482835776952828e-01 1.096032573062903559e+01
4.608137549314019199e-01 1.095625345485564850e+01
4.615792262851085570e-01 1.095216966198710651e+01
4.623446976388153051e-01 1.094807428867868637e+01
4.631101689925218867e-01 1.094396727122020252e+01
4.638756403462285238e-01 1.093984854552797792e+01
4.646411116999352164e-01 1.093571804713662665e+01
4.654065830536417980e-01 1.093157571119060378e+01
4.661720544073484906e-01 1.092742147243552431e+01
4.669375257610551277e-01 1.092325526520925294e+01
4.677029971147617649e-01 1.091907702343275233e+01
4.684684684684684020e-01 1.091488668060067013e+01
4.692339398221750391e-01 1.091068416977167921e+01
4.699994111758817317e-01 1.090646942355854243e+01
4.707648825295883688e-01 1.090224237411790931e+01
4.715303538832950059e-01 1.089800295313981593e+01
4.722958252370016430e-01 1.089375109183690604e+01
4.730612965907082801e-01 1.088948672093333414e+01
4.738267679444149172e-01 1.088520977065336481e+01
4.745922392981216098e-01 1.088092017070964168e+01
4.753577106518282469e-01 1.087661785029112771e+01
4.761231820055348840e-01 1.087230273805068492e+01
4.768886533592415211e-01 1.086797476209232016e+01
4.776541247129481582e-01 1.086363384995803649e+01
4.784195960666548508e-01 1.085927992861431335e+01
4.791850674203615434e-01 1.085491292443819411e+01
4.799505387740681250e-01 1.085050924353668655e+01
4.807160101277747621e-01 1.084607040798227828e+01
4.814814814814814548e-01 1.084161080774423880e+01
4.822469528351880919e-01 1.083712995437298687e+01
4.830124241888947290e-01 1.083262735822111011e+01
4.837778955426013661e-01 1.082810252840710774e+01
4.845433668963080032e-01 1.082355497277776024e+01
4.853088382500146403e-01 1.081898419786904419e+01
4.860743096037213329e-01 1.081438970886557094e+01
4.868397809574279700e-01 1.080977100955843895e+01
4.876052523111346071e-01 1.080512760230146263e+01
4.883707236648412442e-01 1.080045898796568160e+01
4.891361950185478813e-01 1.079576466589208650e+01
4.899016663722545184e-01 1.079104413384247430e+01
4.906671377259612110e-01 1.078629688794834607e+01
4.914326090796678481e-01 1.078152242265776550e+01
4.921980804333744852e-01 1.077672023068006268e+01
4.929635517870811223e-01 1.077192200136353151e+01
4.937290231407877594e-01 1.076710465365127156e+01
4.944944944944944520e-01 1.076226470210487207e+01
4.952599658482010891e-01 1.075740199486202009e+01
4.960254372019077818e-01 1.075251637862465337e+01
4.967909085556143634e-01 1.074760769861537035e+01
4.975563799093210005e-01 1.074267579853222543e+01
4.983218512630276931e-01 1.073772052050185799e+01
4.990873226167343302e-01 1.073274170503088953e+01
4.998527939704409673e-01 1.072773919095549289e+01
5.006182653241476599e-01 1.072271281538905896e+01
5.013837366778542970e-01 1.071766241366790418e+01
5.021492080315609341e-01 1.071258781929488357e+01
5.029146793852675712e-01 1.070748886388086341e+01
5.036801507389742083e-01 1.070236537708392355e+01
5.044456220926808454e-01 1.069721718654621334e+01
5.052110934463874825e-01 1.069204092289214003e+01
5.059765648000941196e-01 1.068682555790865862e+01
5.067420361538007567e-01 1.068158200593678764e+01
5.075075075075073938e-01 1.067630991795985551e+01
5.082729788612141419e-01 1.067100894221508511e+01
5.090384502149207790e-01 1.066567872409619255e+01
5.098039215686274161e-01 1.066031890605178312e+01
5.105693929223340533e-01 1.065492912747935250e+01
5.113348642760406904e-01 1.064950902461466598e+01
5.121003356297473275e-01 1.064405823041628452e+01
5.128658069834539646e-01 1.063857637444497861e+01
5.136312783371606017e-01 1.063306308273776679e+01
5.143967496908672388e-01 1.062751797767631956e+01
5.151622210445738759e-01 1.062194067784938767e+01
5.159276923982806240e-01 1.061633079790900247e+01
5.166931637519872611e-01 1.061068794842004692e+01
5.174586351056938982e-01 1.060501173570288991e+01
5.182241064594005353e-01 1.059928902821653907e+01
5.189895778131071724e-01 1.059351669467045376e+01
5.197550491668138095e-01 1.058770511300482831e+01
5.205205205205204466e-01 1.058185360837803302e+01
5.212859918742270837e-01 1.057596150004621016e+01
5.220514632279337208e-01 1.057002810111327840e+01
5.228169345816403579e-01 1.056405271826812253e+01
5.235824059353469950e-01 1.055803465150817821e+01
5.243478772890537432e-01 1.055197319384855525e+01
5.251133486427603803e-01 1.054586763101588076e+01
5.258788199964670174e-01 1.053971724112584241e+01
5.266442913501736545e-01 1.053352129434349216e+01
5.274097627038802916e-01 1.052727905252516649e+01
5.281752340575869287e-01 1.052098976884089865e+01
5.289407054112935658e-01 1.051465268737606173e+01
5.297061767650002029e-01 1.050826704271089262e+01
5.304716481187068400e-01 1.050183205947648979e+01
5.312371194724134771e-01 1.049530591180269212e+01
5.320025908261202252e-01 1.048871492065295463e+01
5.327680621798268623e-01 1.048206659739451929e+01
5.335335335335334994e-01 1.047535992235831870e+01
5.342990048872401365e-01 1.046859386227926692e+01
5.350644762409467736e-01 1.046176736960681808e+01
5.358299475946534107e-01 1.045487938177318732e+01
5.365954189483600478e-01 1.044792882041622661e+01
5.373608903020666849e-01 1.044091459055361604e+01
5.381263616557733220e-01 1.043383557970482833e+01
5.388918330094799591e-01 1.042669065695694641e+01
5.396573043631865962e-01 1.041947867197014865e+01
5.404227757168933444e-01 1.041219845391825238e+01
5.411882470705999815e-01 1.040484881035936482e+01
5.419537184243066186e-01 1.039742852603118273e+01
5.427191897780132557e-01 1.038993636156505929e+01
5.434846611317198928e-01 1.038237105211238465e+01
5.442501324854265299e-01 1.037473130587622805e+01
5.450156038391331670e-01 1.036701580254059252e+01
5.457810751928398041e-01 1.035922319158883198e+01
5.465465465465464412e-01 1.035135209050206484e+01
5.473120179002530783e-01 1.034340108282747295e+01
5.480774892539597154e-01 1.033536871610542462e+01
5.488429606076664635e-01 1.032725349964328743e+01
5.496084319613731006e-01 1.031905390212253693e+01
5.503739033150796267e-01 1.031076834902446748e+01
5.511393746687863748e-01 1.030239521985831175e+01
5.519048460224930119e-01 1.029387921782411475e+01
5.526703173761995380e-01 1.028501326502099289e+01
5.534357887299062861e-01 1.027602106455388942e+01
5.542012600836129232e-01 1.026689950947440799e+01
5.549667314373194493e-01 1.025764541496168469e+01
5.557322027910261975e-01 1.024825551254234490e+01
5.564976741447329456e-01 1.023872644378901597e+01
5.572631454984395827e-01 1.022905475344178683e+01
5.580286168521462198e-01 1.021923688189010093e+01
5.587940882058528569e-01 1.020926915694476556e+01
5.595595595595594940e-01 1.019914778482075235e+01
5.603250309132661311e-01 1.018886884024113293e+01
5.610905022669727682e-01 1.017842825556079056e+01
5.618559736206794053e-01 1.016782180879481601e+01
5.626214449743860424e-01 1.015704511042093294e+01
5.633869163280926795e-01 1.014609358880708179e+01
5.641523876817994276e-01 1.013496247409436002e+01
5.649178590355060647e-01 1.012364678034104415e+01
5.656833303892127018e-01 1.011214128570507498e+01
5.664488017429193389e-01 1.010044051040914859e+01
5.672142730966259760e-01 1.008853869219376165e+01
5.679797444503326131e-01 1.007642975891792148e+01
5.687452158040392503e-01 1.006410729791355507e+01
5.695106871577458874e-01 1.005156452163617509e+01
5.702761585114525245e-01 1.003879422907929708e+01
5.710416298651591616e-01 1.002578876233068073e+01
5.718071012188657987e-01 1.001253995754197135e+01
5.725725725725725468e-01 nan
5.733380439262791839e-01 nan
5.741035152799858210e-01 nan
5.748689866336924581e-01 nan
5.756344579873990952e-01 nan
5.763999293411057323e-01 nan
5.771654006948123694e-01 nan
5.779308720485190065e-01 nan
5.786963434022256436e-01 nan
5.794618147559322807e-01 nan
5.802272861096390288e-01 nan
5.809927574633456659e-01 nan
5.817582288170521920e-01 nan
5.825237001707589402e-01 nan
5.832891715244655773e-01 nan
5.840546428781721033e-01 nan
5.848201142318788515e-01 nan
5.855855855855854886e-01 nan
5.863510569392920146e-01 nan
5.871165282929987628e-01 nan
5.878819996467055109e-01 nan
5.886474710004121480e-01 nan
5.894129423541187851e-01 nan
5.901784137078254222e-01 nan
5.909438850615320593e-01 nan
5.917093564152386964e-01 nan
5.924748277689453335e-01 nan
5.932402991226519706e-01 nan
5.940057704763586077e-01 nan
5.947712418300652448e-01 nan
5.955367131837718819e-01 nan
5.963021845374786301e-01 nan
5.970676558911852672e-01 nan
5.978331272448919043e-01 nan
5.985985985985985414e-01 nan
5.993640699523051785e-01 nan
6.001295413060118156e-01 nan
6.008950126597184527e-01 nan
6.016604840134250898e-01 nan
6.024259553671317269e-01 nan
6.031914267208383640e-01 nan
6.039568980745451121e-01 nan
6.047223694282517492e-01 nan
6.054878407819583863e-01 nan
6.062533121356650234e-01 nan
6.070187834893716605e-01 nan
6.077842548430782976e-01 nan
6.085497261967849347e-01 nan
6.093151975504915718e-01 nan
6.100806689041982089e-01 nan
6.108461402579048460e-01 nan
6.116116116116114831e-01 nan
6.123770829653182313e-01 nan
6.131425543190247573e-01 nan
6.139080256727315055e-01 nan
6.146734970264381426e-01 nan
6.154389683801446687e-01 nan
6.162044397338514168e-01 nan
6.169699110875580539e-01 nan
6.177353824412645800e-01 nan
6.185008537949713281e-01 nan
6.192663251486779652e-01 nan
6.200317965023847133e-01 nan
6.207972678560913504e-01 nan
6.215627392097979875e-01 nan
6.223282105635046246e-01 nan
6.230936819172112617e-01 nan
6.238591532709178988e-01 nan
6.246246246246245359e-01 nan
6.253900959783311730e-01 nan
6.261555673320378101e-01 nan
6.269210386857444472e-01 nan
6.276865100394510844e-01 nan
6.284519813931578325e-01 nan
6.292174527468644696e-01 nan
6.299829241005711067e-01 nan
6.307483954542777438e-01 nan
6.315138668079843809e-01 nan
6.322793381616910180e-01 nan
6.330448095153976551e-01 nan
6.338102808691042922e-01 nan
6.345757522228109293e-01 nan
6.353412235765175664e-01 nan
6.361066949302243145e-01 nan
6.368721662839309516e-01 nan
6.376376376376375887e-01 nan
6.384031089913442258e-01 nan
6.391685803450508629e-01 nan
6.399340516987575000e-01 nan
6.406995230524641372e-01 nan
6.414649944061707743e-01 nan
6.422304657598774114e-01 nan
6.429959371135840485e-01 nan
6.437614084672906856e-01 nan
6.445268798209973227e-01 nan
6.452923511747040708e-01 nan
6.460578225284107079e-01 nan
6.468232938821172340e-01 nan
6.475887652358239821e-01 nan
6.483542365895306192e-01 nan
6.491197079432371453e-01 nan
6.498851792969438934e-01 nan
6.506506506506505305e-01 nan
6.514161220043570566e-01 nan
6.521815933580639157e-01 nan
6.529470647117705528e-01 nan
6.537125360654771900e-01 nan
6.544780074191838271e-01 nan
6.552434787728904642e-01 nan
6.560089501265971013e-01 nan
6.567744214803037384e-01 nan
6.575398928340103755e-01 nan
6.583053641877170126e-01 nan
6.590708355414236497e-01 nan
6.598363068951302868e-01 nan
6.606017782488370349e-01 nan
6.613672496025436720e-01 nan
6.621327209562503091e-01 nan
6.628981923099569462e-01 nan
6.636636636636635833e-01 nan
6.644291350173702204e-01 nan
6.651946063710768575e-01 nan
6.659600777247834946e-01 nan
6.667255490784901317e-01 nan
6.674910204321967688e-01 nan
6.682564917859035170e-01 nan
6.690219631396101541e-01 nan
6.697874344933167912e-01 nan
6.705529058470234283e-01 nan
6.713183772007300654e-01 nan
6.720838485544367025e-01 nan
6.728493199081433396e-01 nan
6.736147912618499767e-01 nan
6.743802626155566138e-01 nan
6.751457339692632509e-01 nan
6.759112053229698880e-01 nan
6.766766766766766361e-01 nan
6.774421480303832732e-01 nan
6.782076193840897993e-01 nan
6.789730907377965474e-01 nan
6.797385620915031845e-01 nan
6.805040334452097106e-01 nan
6.812695047989164587e-01 nan
6.820349761526230958e-01 nan
6.828004475063296219e-01 nan
6.835659188600363700e-01 nan
6.843313902137431182e-01 nan
6.850968615674497553e-01 nan
6.858623329211563924e-01 nan
6.866278042748630295e-01 nan
6.873932756285696666e-01 nan
6.881587469822763037e-01 nan
6.889242183359829408e-01 nan
6.896896896896895779e-01 nan
6.904551610433962150e-01 nan
6.912206323971028521e-01 nan
6.919861037508096002e-01 nan
6.927515751045162373e-01 nan
6.935170464582228744e-01 nan
6.942825178119295115e-01 nan
6.950479891656361486e-01 nan
6.958134605193427857e-01 nan
6.965789318730494228e-01 nan
6.973444032267560599e-01 nan
6.981098745804626970e-01 nan
6.988753459341693341e-01 nan
6.996408172878759713e-01 nan
7.004062886415827194e-01 nan
7.011717599952893565e-01 nan
7.019372313489959936e-01 nan
7.027027027027026307e-01 nan
7.034681740564092678e-01 nan
7.042336454101159049e-01 nan
7.049991167638225420e-01 nan
7.057645881175291791e-01 nan
7.065300594712358162e-01 nan
7.072955308249424533e-01 nan
7.080610021786492014e-01 nan
7.088264735323558385e-01 nan
7.095919448860623646e-01 nan
7.103574162397691127e-01 nan
7.111228875934757498e-01 nan
7.118883589471822759e-01 nan
7.126538303008890241e-01 nan
7.134193016545956612e-01 nan
7.141847730083021872e-01 nan
7.149502443620089354e-01 nan
7.157157157157155725e-01 nan
7.164811870694223206e-01 nan
7.172466584231289577e-01 nan
7.180121297768355948e-01 nan
7.187776011305422319e-01 nan
7.195430724842488690e-01 nan
7.203085438379555061e-01 nan
7.210740151916621432e-01 nan
7.218394865453687803e-01 nan
7.226049578990754174e-01 nan
7.233704292527820545e-01 nan
7.241359006064888026e-01 nan
7.249013719601954397e-01 nan
7.256668433139020769e-01 nan
7.264323146676087140e-01 nan
7.271977860213153511e-01 nan
7.279632573750219882e-01 nan
7.287287287287286253e-01 nan
7.294942000824352624e-01 nan
7.302596714361418995e-01 nan
7.310251427898485366e-01 nan
7.317906141435551737e-01 nan
7.325560854972619218e-01 nan
7.333215568509685589e-01 nan
7.340870282046751960e-01 nan
7.348524995583818331e-01 nan
7.356179709120884702e-01 nan
7.363834422657951073e-01 nan
7.371489136195017444e-01 nan
7.379143849732083815e-01 nan
7.386798563269150186e-01 nan
7.394453276806216557e-01 nan
7.402107990343284039e-01 nan
7.409762703880349299e-01 nan
7.417417417417416781e-01 nan
7.425072130954483152e-01 nan
7.432726844491548412e-01 nan
7.440381558028615894e-01 nan
7.448036271565682265e-01 nan
7.455690985102747526e-01 nan
7.463345698639815007e-01 nan
7.471000412176881378e-01 nan
7.478655125713948859e-01 nan
7.486309839251015230e-01 nan
7.493964552788081601e-01 nan
7.501619266325147972e-01 nan
7.509273979862214343e-01 nan
7.516928693399280714e-01 nan
7.524583406936347085e-01 nan
7.532238120473413456e-01 nan
7.539892834010479827e-01 nan
7.547547547547546198e-01 nan
7.555202261084612569e-01 nan
7.562856974621680051e-01 nan
7.570511688158746422e-01 nan
7.578166401695812793e-01 nan
7.585821115232879164e-01 nan
7.593475828769945535e-01 nan
7.601130542307011906e-01 nan
7.608785255844078277e-01 nan
7.616439969381144648e-01 nan
7.624094682918211019e-01 nan
7.631749396455277390e-01 nan
7.639404109992344871e-01 nan
7.647058823529411242e-01 nan
