0.000000000000000000e+00 1.323300494515798320e+01
2.602602602602602580e-02 1.318822820220748504e+01
5.205205205205205160e-02 1.318645214340595828e+01
7.807807807807808087e-02 1.318467592677708389e+01
1.041041041041041032e-01 1.318289955157570148e+01
1.301301301301301117e-01 1.318112301705440537e+01
1.561561561561561340e-01 1.317934632246353743e+01
1.821821821821821563e-01 1.317756946705117471e+01
2.082082082082081509e-01 1.317579245006311872e+01
2.342342342342341732e-01 1.317401527074288126e+01
2.602602602602601678e-01 1.317223792833168261e+01
2.862862862862862179e-01 1.317046042206842671e+01
3.123123123123122125e-01 1.316868275118970111e+01
3.383383383383382070e-01 1.316690491492975568e+01
3.643643643643642571e-01 1.316512691252050082e+01
3.903903903903902517e-01 1.316334874319148618e+01
4.164164164164162463e-01 1.316157040616989882e+01
4.424424424424422964e-01 1.315979190068054194e+01
4.684684684684682909e-01 1.315801322594583134e+01
4.944944944944942855e-01 1.315623438118577404e+01
5.205205205205203356e-01 1.315445536561796480e+01
5.465465465465464412e-01 1.315267617845756831e+01
5.725725725725725468e-01 1.315089681891731566e+01
5.985985985985985414e-01 1.314911728620747411e+01
6.246246246246246470e-01 1.314733757953585780e+01
6.506506506506507526e-01 1.314555769810779573e+01
6.766766766766767471e-01 1.314377764112613356e+01
7.027027027027028527e-01 1.314199740779120695e+01
7.287287287287289583e-01 1.314021699730084691e+01
7.547547547547549529e-01 1.313843640885034603e+01
7.807807807807810585e-01 1.313665564163246202e+01
8.068068068068071641e-01 1.313487469483740000e+01
8.328328328328331587e-01 1.313309356765279468e+01
8.588588588588592643e-01 1.313131225926370504e+01
8.848848848848853699e-01 1.312953076885259307e+01
9.109109109109113644e-01 1.312774909559932013e+01
9.369369369369374700e-01 1.312596723868112214e+01
9.629629629629635756e-01 1.312418519727260424e+01
9.889889889889894592e-01 1.312240297054572835e+01
1.015015015015015454e+00 1.312062055766979363e+01
1.041041041041041559e+00 1.311883795781142226e+01
1.067067067067067665e+00 1.311705517013455591e+01
1.093093093093093771e+00 1.311527219380042908e+01
1.119119119119119876e+00 1.311348902796756555e+01
1.145145145145145982e+00 1.311170567179175350e+01
1.171171171171171865e+00 1.310992212442604554e+01
1.197197197197197971e+00 1.310813838502072670e+01
1.223223223223224077e+00 1.310635445272331978e+01
1.249249249249250182e+00 1.310457032667855515e+01
1.275275275275276288e+00 1.310278600602836363e+01
1.301301301301302393e+00 1.310100148991185876e+01
1.327327327327328277e+00 1.309921677746532609e+01
1.353353353353354382e+00 1.309743186782220548e+01
1.379379379379380488e+00 1.309564676011307505e+01
1.405405405405406594e+00 1.309386145346564057e+01
1.431431431431432699e+00 1.309207594700471233e+01
1.457457457457458805e+00 1.309029023985220519e+01
1.483483483483484688e+00 1.308850433112710121e+01
1.509509509509510794e+00 1.308671821994545503e+01
1.535535535535536900e+00 1.308493190542036366e+01
1.561561561561563005e+00 1.308314538666196469e+01
1.587587587587589111e+00 1.308135866277740611e+01
1.613613613613615216e+00 1.307957173287083918e+01
1.639639639639641100e+00 1.307778459604340071e+01
1.665665665665667206e+00 1.307599725139319524e+01
1.691691691691693311e+00 1.307420969801528621e+01
1.717717717717719417e+00 1.307242193500166749e+01
1.743743743743745522e+00 1.307063396144125988e+01
1.769769769769771628e+00 1.306884577641987910e+01
1.795795795795797511e+00 1.306705737902023934e+01
1.821821821821823617e+00 1.306526876832192130e+01
1.847847847847849723e+00 1.306347994340135621e+01
1.873873873873875828e+00 1.306169090333181870e+01
1.899899899899901934e+00 1.305990164718340196e+01
1.925925925925927817e+00 1.305811217402299995e+01
1.951951951951953923e+00 1.305632248291429676e+01
1.977977977977979807e+00 1.305453257291774172e+01
2.004004004004005690e+00 1.305274244309053699e+01
2.030030030030031352e+00 1.305095209248661980e+01
2.056056056056057457e+00 1.304916152015664110e+01
2.082082082082083119e+00 1.304737072514794960e+01
2.108108108108109224e+00 1.304557970650457932e+01
2.134134134134134886e+00 1.304378846326721941e+01
2.160160160160160991e+00 1.304199699447320882e+01
2.186186186186186653e+00 1.304020529915650783e+01
2.212212212212212314e+00 1.303841337634768927e+01
2.238238238238238420e+00 1.303662122507390997e+01
2.264264264264264082e+00 1.303482884435889666e+01
2.290290290290290187e+00 1.303303623322293348e+01
2.316316316316315849e+00 1.303124339068283000e+01
2.342342342342341954e+00 1.302945031575191415e+01
2.368368368368367616e+00 1.302765700744000377e+01
2.394394394394393277e+00 1.302586346475339418e+01
2.420420420420419383e+00 1.302406968669483867e+01
2.446446446446445044e+00 1.302227567226351823e+01
2.472472472472471150e+00 1.302048142045503809e+01
2.498498498498496811e+00 1.301868693026139745e+01
2.524524524524522917e+00 1.301689220067096997e+01
2.550550550550548579e+00 1.301509723066848601e+01
2.576576576576574240e+00 1.301330201923501306e+01
2.602602602602600346e+00 1.301150656534793093e+01
2.628628628628626007e+00 1.300971086798092102e+01
2.654654654654652113e+00 1.300791492610393085e+01
2.680680680680677774e+00 1.300611873868316692e+01
2.706706706706703436e+00 1.300432230468106631e+01
2.732732732732729541e+00 1.300252562305627713e+01
2.758758758758755203e+00 1.300072869276364074e+01
2.784784784784781309e+00 1.299893151275415804e+01
2.810810810810806970e+00 1.299713408197498765e+01
2.836836836836833076e+00 1.299533639936941043e+01
2.862862862862858737e+00 1.299353846387680633e+01
2.888888888888884399e+00 1.299174027443264023e+01
2.914914914914910504e+00 1.298994182996843705e+01
2.940940940940936166e+00 1.298814312941175864e+01
2.966966966966962271e+00 1.298634417168617716e+01
2.992992992992987933e+00 1.298454495571126266e+01
3.019019019019014038e+00 1.298274548040255105e+01
3.045045045045039700e+00 1.298094574467152285e+01
3.071071071071065361e+00 1.297914574742558536e+01
3.097097097097091467e+00 1.297734548756804074e+01
3.123123123123117129e+00 1.297554496399807356e+01
3.149149149149143234e+00 1.297374417561071525e+01
3.175175175175168896e+00 1.297194312129682814e+01
3.201201201201195001e+00 1.297014179994308236e+01
3.227227227227220663e+00 1.296834021043192209e+01
3.253253253253246324e+00 1.296653835164155488e+01
3.279279279279272430e+00 1.296473622244591795e+01
3.305305305305298091e+00 1.296293382171465147e+01
3.331331331331324197e+00 1.296113114831308266e+01
3.357357357357349859e+00 1.295932820110219907e+01
3.383383383383375964e+00 1.295752497893861310e+01
3.409409409409401626e+00 1.295572148067455132e+01
3.435435435435427287e+00 1.295391770515781360e+01
3.461461461461453393e+00 1.295211365123176606e+01
3.487487487487479054e+00 1.295030931773529659e+01
3.513513513513505160e+00 1.294850470350279714e+01
3.539539539539530821e+00 1.294669980736414061e+01
3.565565565565556927e+00 1.294489462814465064e+01
3.591591591591582588e+00 1.294308916466507320e+01
3.617617617617608250e+00 1.294128341574155172e+01
3.643643643643634356e+00 1.293947738018560401e+01
3.669669669669660017e+00 1.293767105680408314e+01
3.695695695695686123e+00 1.293586444439916505e+01
3.721721721721711784e+00 1.293405754176831124e+01
3.747747747747737446e+00 1.293225034770424564e+01
3.773773773773763551e+00 1.293044286099491913e+01
3.799799799799789213e+00 1.292863508042349174e+01
3.825825825825815318e+00 1.292682700476829716e+01
3.851851851851840980e+00 1.292501863280281604e+01
3.877877877877867085e+00 1.292320996329564586e+01
3.903903903903892747e+00 1.292140099501047601e+01
3.929929929929918853e+00 1.291959172670604872e+01
3.955955955955944958e+00 1.291778215713614841e+01
3.981981981981970620e+00 1.291597228504954664e+01
4.008008008007996281e+00 1.291416210918999141e+01
4.034034034034022831e+00 1.291235162829617522e+01
4.060060060060048492e+00 1.291054084110169242e+01
4.086086086086074154e+00 1.290872974633501968e+01
4.112112112112099815e+00 1.290691834271948402e+01
4.138138138138125477e+00 1.290510662897322725e+01
4.164164164164152027e+00 1.290329460380917936e+01
4.190190190190177688e+00 1.290148226593502301e+01
4.216216216216203350e+00 1.289966961405316326e+01
4.242242242242229011e+00 1.289785664686069921e+01
4.268268268268254673e+00 1.289604336304938137e+01
4.294294294294281222e+00 1.289422976130559384e+01
4.320320320320306884e+00 1.289241584031030996e+01
4.346346346346332545e+00 1.289060159873906386e+01
4.372372372372358207e+00 1.288878703526191671e+01
4.398398398398384757e+00 1.288697214854342477e+01
4.424424424424410418e+00 1.288515693724260203e+01
4.450450450450436080e+00 1.288334140001288830e+01
4.476476476476461741e+00 1.288152553550211543e+01
4.502502502502487403e+00 1.287970934235247356e+01
4.528528528528513952e+00 1.287789281920047380e+01
4.554554554554539614e+00 1.287607596467691629e+01
4.580580580580565275e+00 1.287425877740684932e+01
4.606606606606590937e+00 1.287244125600954092e+01
4.632632632632616598e+00 1.287062339909844155e+01
4.658658658658643148e+00 1.286880520528114147e+01
4.684684684684668809e+00 1.286698667315934408e+01
4.710710710710694471e+00 1.286516780132881976e+01
4.736736736736720133e+00 1.286334858837937389e+01
4.762762762762746682e+00 1.286152903289481664e+01
4.788788788788772344e+00 1.285970913345290612e+01
4.814814814814798005e+00 1.285788888862533419e+01
4.840840840840823667e+00 1.285606829697766784e+01
4.866866866866849328e+00 1.285424735706932786e+01
4.892892892892875878e+00 1.285242606745353378e+01
4.918918918918901539e+00 1.285060442667728076e+01
4.944944944944927201e+00 1.284878243328128633e+01
4.970970970970952862e+00 1.284696008579996374e+01
4.996996996996978524e+00 1.284513738276137218e+01
5.023023023023005074e+00 1.284331432268717776e+01
5.049049049049030735e+00 1.284149090409262151e+01
5.075075075075056397e+00 1.283966712548646782e+01
5.101101101101082058e+00 1.283784298537096902e+01
5.127127127127107720e+00 1.283601848224182618e+01
5.153153153153134269e+00 1.283419361458813768e+01
5.179179179179159931e+00 1.283236838089236720e+01
5.205205205205185592e+00 1.283054277963030110e+01
5.231231231231211254e+00 1.282871680927099689e+01
5.257257257257237804e+00 1.282689046827674773e+01
5.283283283283263465e+00 1.282506375510303620e+01
5.309309309309289127e+00 1.282323666819848995e+01
5.335335335335314788e+00 1.282140920600484435e+01
5.361361361361340450e+00 1.281958136695688921e+01
5.387387387387366999e+00 1.281775314948242084e+01
5.413413413413392661e+00 1.281592455200221359e+01
5.439439439439418322e+00 1.281409557292995949e+01
5.465465465465443984e+00 1.281226621067222737e+01
5.491491491491469645e+00 1.281043646362841493e+01
5.517517517517496195e+00 1.280860633019070605e+01
5.543543543543521857e+00 1.280677580874402111e+01
5.569569569569547518e+00 1.280494489766596544e+01
5.595595595595573180e+00 1.280311359532679205e+01
5.621621621621599729e+00 1.280128190008934475e+01
5.647647647647625391e+00 1.279944981030901197e+01
5.673673673673651052e+00 1.279761732433367882e+01
5.699699699699676714e+00 1.279578444050367736e+01
5.725725725725702375e+00 1.279395115715173858e+01
5.751751751751728925e+00 1.279211747260293563e+01
5.777777777777754586e+00 1.279028338517464647e+01
5.803803803803780248e+00 1.278844889317648637e+01
5.829829829829805909e+00 1.278661399491027240e+01
5.855855855855831571e+00 1.278477868866996126e+01
5.881881881881858121e+00 1.278294297274160130e+01
5.907907907907883782e+00 1.278110684540327568e+01
5.933933933933909444e+00 1.277927030492506155e+01
5.959959959959935105e+00 1.277743334956895893e+01
5.985985985985960767e+00 1.277559597758885346e+01
6.012012012011987316e+00 1.277375818723044887e+01
6.038038038038012978e+00 1.277191997673122437e+01
6.064064064064038639e+00 1.277008134432036712e+01
6.090090090090064301e+00 1.276824228821872609e+01
6.116116116116090851e+00 1.276640280663875338e+01
6.142142142142116512e+00 1.276456289778444742e+01
6.168168168168142174e+00 1.276272255985129433e+01
6.194194194194167835e+00 1.276088179102621289e+01
6.220220220220193497e+00 1.275904058948749586e+01
6.246246246246220046e+00 1.275719895340475141e+01
6.272272272272245708e+00 1.275535688093884445e+01
6.298298298298271369e+00 1.275351437024183809e+01
6.324324324324297031e+00 1.275167141945692961e+01
6.350350350350322692e+00 1.274982802671839899e+01
6.376376376376349242e+00 1.274798419015153783e+01
6.402402402402374904e+00 1.274613990787259610e+01
6.428428428428400565e+00 1.274429517798871636e+01
6.454454454454426227e+00 1.274244999859786986e+01
6.480480480480452776e+00 1.274060436778879790e+01
6.506506506506478438e+00 1.273875828364094787e+01
6.532532532532504099e+00 1.273691174422440398e+01
6.558558558558529761e+00 1.273506474759983220e+01
6.584584584584555422e+00 1.273321729181840389e+01
6.610610610610581972e+00 1.273136937492174248e+01
6.636636636636607633e+00 1.272952099494184530e+01
6.662662662662633295e+00 1.272767214990102858e+01
6.688688688688658956e+00 1.272582283781184920e+01
6.714714714714684618e+00 1.272397305667704437e+01
6.740740740740711168e+00 1.272212280448946409e+01
6.766766766766736829e+00 1.272027207923199654e+01
6.792792792792762491e+00 1.271842087887749884e+01
6.818818818818788152e+00 1.271656920138873481e+01
6.844844844844814702e+00 1.271471704471829689e+01
6.870870870870840363e+00 1.271286440680853680e+01
6.896896896896866025e+00 1.271101128559149274e+01
6.922922922922891686e+00 1.270915767898882009e+01
6.948948948948917348e+00 1.270730358491171685e+01
6.974974974974943898e+00 1.270544900126084542e+01
7.001001001000969559e+00 1.270359392592626868e+01
7.027027027026995221e+00 1.270173835678736296e+01
7.053053053053020882e+00 1.269988229171275051e+01
7.079079079079046544e+00 1.269802572856021783e+01
7.105105105105073093e+00 1.269616866517664633e+01
7.131131131131098755e+00 1.269431109939792890e+01
7.157157157157124416e+00 1.269245302904888639e+01
7.183183183183150078e+00 1.269059445194320368e+01
7.209209209209175739e+00 1.268873536588333906e+01
7.235235235235202289e+00 1.268687576866044253e+01
7.261261261261227951e+00 1.268501565805428299e+01
7.287287287287253612e+00 1.268315503183316117e+01
7.313313313313279274e+00 1.268129388775382438e+01
7.339339339339305823e+00 1.267943222356139366e+01
7.365365365365331485e+00 1.267757003698926788e+01
7.391391391391357146e+00 1.267570732575904735e+01
7.417417417417382808e+00 1.267384408758044501e+01
7.443443443443408469e+00 1.267198032015120468e+01
7.469469469469435019e+00 1.267011602115700697e+01
7.495495495495460681e+00 1.266825118827138397e+01
7.521521521521486342e+00 1.266638581915563755e+01
7.547547547547512004e+00 1.266451991145874345e+01
7.573573573573537665e+00 1.266265346281725890e+01
7.599599599599564215e+00 1.266078647085524445e+01
7.625625625625589876e+00 1.265891893318415917e+01
7.651651651651615538e+00 1.265705084740277009e+01
7.677677677677641199e+00 1.265518221109707042e+01
7.703703703703667749e+00 1.265331302184017126e+01
7.729729729729693410e+00 1.265144327719221451e+01
7.755755755755719072e+00 1.264957297470028053e+01
7.781781781781744733e+00 1.264770211189827975e+01
7.807807807807770395e+00 1.264583068630686569e+01
7.833833833833796945e+00 1.264395869543333717e+01
7.859859859859822606e+00 1.264208613677153181e+01
7.885885885885849156e+00 1.264021300780173007e+01
7.911911911911875706e+00 1.263833930599055577e+01
7.937937937937902255e+00 1.263646502879087663e+01
7.963963963963929693e+00 1.263459017364169057e+01
7.989989989989956243e+00 1.263271473796803512e+01
8.016016016015981904e+00 1.263083871918087375e+01
8.042042042042009342e+00 1.262896211467699992e+01
8.068068068068036780e+00 1.262708492183891629e+01
8.094094094094062442e+00 1.262520713803474415e+01
8.120120120120089879e+00 1.262332876061810261e+01
8.146146146146115541e+00 1.262144978692800201e+01
8.172172172172142979e+00 1.261957021428874093e+01
8.198198198198170417e+00 1.261769004000978356e+01
8.224224224224196078e+00 1.261580926138565317e+01
8.250250250250223516e+00 1.261392787569582552e+01
8.276276276276249177e+00 1.261204588020459738e+01
8.302302302302276615e+00 1.261016327216098887e+01
8.328328328328304053e+00 1.260828004879861730e+01
8.354354354354329715e+00 1.260639620733557820e+01
8.380380380380357153e+00 1.260451174497433691e+01
8.406406406406382814e+00 1.260262665890159717e+01
8.432432432432410252e+00 1.260074094628818386e+01
8.458458458458437690e+00 1.259885460428893111e+01
8.484484484484463351e+00 1.259696763004254194e+01
8.510510510510490789e+00 1.259508002067147814e+01
8.536536536536516451e+00 1.259319177328182526e+01
8.562562562562543889e+00 1.259130288496317540e+01
8.588588588588571326e+00 1.258941335278849394e+01
8.614614614614596988e+00 1.258752317381398811e+01
8.640640640640624426e+00 1.258563234507898443e+01
8.666666666666650087e+00 1.258374086360579192e+01
8.692692692692677525e+00 1.258184872639957064e+01
8.718718718718704963e+00 1.257995593044820026e+01
8.744744744744730625e+00 1.257806247272214328e+01
8.770770770770758062e+00 1.257616835017430645e+01
8.796796796796783724e+00 1.257427355973990935e+01
8.822822822822811162e+00 1.257237809833634223e+01
8.848848848848838600e+00 1.257048196286302044e+01
8.874874874874864261e+00 1.256858515020125822e+01
8.900900900900891699e+00 1.256668765721410885e+01
8.926926926926917361e+00 1.256478948074622970e+01
8.952952952952944798e+00 1.256289061762373471e+01
8.978978978978972236e+00 1.256099106465405058e+01
9.005005005004997898e+00 1.255909081862576571e+01
9.031031031031025336e+00 1.255718987630848105e+01
9.057057057057050997e+00 1.255528823445265729e+01
9.083083083083078435e+00 1.255338588978946390e+01
9.109109109109105873e+00 1.255148283903062989e+01
9.135135135135131534e+00 1.254957907886828217e+01
9.161161161161158972e+00 1.254767460597478745e+01
9.187187187187184634e+00 1.254576941700260484e+01
9.213213213213212072e+00 1.254386350858410992e+01
9.239239239239237733e+00 1.254195687733144915e+01
9.265265265265265171e+00 1.254004951983636751e+01
9.291291291291292609e+00 1.253814143267004155e+01
9.317317317317318270e+00 1.253623261238292663e+01
9.343343343343345708e+00 1.253432305550457571e+01
9.369369369369371370e+00 1.253241275854347414e+01
9.395395395395398808e+00 1.253050171798687451e+01
9.421421421421426246e+00 1.252858993030061541e+01
9.447447447447451907e+00 1.252667739192895269e+01
9.473473473473479345e+00 1.252476409929438184e+01
9.499499499499505006e+00 1.252285004879746033e+01
9.525525525525532444e+00 1.252093523681663001e+01
9.551551551551559882e+00 1.251901965970803410e+01
9.577577577577585544e+00 1.251710331380533248e+01
9.603603603603612981e+00 1.251518619541952404e+01
9.629629629629638643e+00 1.251326830083875308e+01
9.655655655655666081e+00 1.251134962632812098e+01
9.681681681681693519e+00 1.250943016812950681e+01
9.707707707707719180e+00 1.250750992246135773e+01
9.733733733733746618e+00 1.250558888551851133e+01
9.759759759759772280e+00 1.250366705347198959e+01
9.785785785785799717e+00 1.250174442246881057e+01
9.811811811811827155e+00 1.249982098863177704e+01
9.837837837837852817e+00 1.249789674805928641e+01
9.863863863863880255e+00 1.249597169682511399e+01
9.889889889889905916e+00 1.249404583097822474e+01
9.915915915915933354e+00 1.249211914654255118e+01
9.941941941941960792e+00 1.249019163951678912e+01
9.967967967967986453e+00 1.248826330587418632e+01
9.993993993994013891e+00 1.248633414156232391e+01
1.002002002002003955e+01 1.248440414250291219e+01
1.004604604604606699e+01 1.248247330459155435e+01
1.007207207207209443e+01 1.248054162369754749e+01
1.009809809809812009e+01 1.247860909566364107e+01
1.012412412412414753e+01 1.247667571630582017e+01
1.015015015015017319e+01 1.247474148141308348e+01
1.017617617617620063e+01 1.247280638674719988e+01
1.020220220220222807e+01 1.247087042804249712e+01
1.022822822822825373e+01 1.246893360100560777e+01
1.025425425425428116e+01 1.246699590131524538e+01
1.028028028028030683e+01 1.246505732462196114e+01
1.030630630630633426e+01 1.246311786654790232e+01
1.033233233233236170e+01 1.246117752268657242e+01
1.035835835835838736e+01 1.245923628860258425e+01
1.038438438438441480e+01 1.245729415983140420e+01
1.041041041041044046e+01 1.245535113187911413e+01
1.043643643643646790e+01 1.245340720022214676e+01
1.046246246246249534e+01 1.245146236030703157e+01
1.048848848848852100e+01 1.244951660755014444e+01
1.051451451451454844e+01 1.244756993733743222e+01
1.054054054054057410e+01 1.244562234502416409e+01
1.056656656656660154e+01 1.244367382593464910e+01
1.059259259259262720e+01 1.244172437536198039e+01
1.061861861861865464e+01 1.243977398856775629e+01
1.064464464464468207e+01 1.243782266078180143e+01
1.067067067067070774e+01 1.243587038720189852e+01
1.069669669669673517e+01 1.243391716299350058e+01
1.072272272272276084e+01 1.243196298328944671e+01
1.074874874874878827e+01 1.243000784318968321e+01
1.077477477477481571e+01 1.242805173776096517e+01
1.080080080080084137e+01 1.242609466203656687e+01
1.082682682682686881e+01 1.242413661101598699e+01
1.085285285285289447e+01 1.242217757966465363e+01
1.087887887887892191e+01 1.242021756291361356e+01
1.090490490490494935e+01 1.241825655565923547e+01
1.093093093093097501e+01 1.241629455276289562e+01
1.095695695695700245e+01 1.241433154905067582e+01
1.098298298298302811e+01 1.241236753931303838e+01
1.100900900900905555e+01 1.241040251830450991e+01
1.103503503503508298e+01 1.240843648074336869e+01
1.106106106106110865e+01 1.240646942131131425e+01
1.108708708708713608e+01 1.240450133465313343e+01
1.111311311311316175e+01 1.240253221537638240e+01
1.113913913913918918e+01 1.240056205805104028e+01
1.116516516516521662e+01 1.239859085720917520e+01
1.119119119119124228e+01 1.239661860734460319e+01
1.121721721721726972e+01 1.239464530291254185e+01
1.124324324324329538e+01 1.239267093832926037e+01
1.126926926926932282e+01 1.239069550797172603e+01
1.129529529529535026e+01 1.238871900617724897e+01
1.132132132132137592e+01 1.238674142724312155e+01
1.134734734734740336e+01 1.238476276542625243e+01
1.137337337337342902e+01 1.238278301494280242e+01
1.139939939939945646e+01 1.238080216996780791e+01
1.142542542542548389e+01 1.237882022463480425e+01
1.145145145145150956e+01 1.237683717303545095e+01
1.147747747747753699e+01 1.237485300921914444e+01
1.150350350350356265e+01 1.237286772719262729e+01
1.152952952952959009e+01 1.237088132091960091e+01
1.155555555555561753e+01 1.236889378432032416e+01
1.158158158158164319e+01 1.236690511127121539e+01
1.160760760760767063e+01 1.236491529560444924e+01
1.163363363363369629e+01 1.236292433110753741e+01
1.165965965965972373e+01 1.236093221152292720e+01
1.168568568568575117e+01 1.235893893054757520e+01
1.171171171171177683e+01 1.235694448183252625e+01
1.173773773773780427e+01 1.235494885898248718e+01
1.176376376376382993e+01 1.235295205555539155e+01
1.178978978978985737e+01 1.235095406506196269e+01
1.181581581581588480e+01 1.234895488096528027e+01
1.184184184184191047e+01 1.234695449668031841e+01
1.186786786786793790e+01 1.234495290557351233e+01
1.189389389389396356e+01 1.234295010096228751e+01
1.191991991991999100e+01 1.234094607611460681e+01
1.194594594594601666e+01 1.233894082424849969e+01
1.197197197197204410e+01 1.233693433853159149e+01
1.199799799799807154e+01 1.233492661208063090e+01
1.202402402402409720e+01 1.233291763796100327e+01
1.205005005005012464e+01 1.233090740918624917e+01
1.207607607607615030e+01 1.232889591871756174e+01
1.210210210210217774e+01 1.232688315946330171e+01
1.212812812812820518e+01 1.232486912427848758e+01
1.215415415415423084e+01 1.232285380596428048e+01
1.218018018018025828e+01 1.232083719726748505e+01
1.220620620620628394e+01 1.231881929088001648e+01
1.223223223223231138e+01 1.231680007943837829e+01
1.225825825825833881e+01 1.231477955552313119e+01
1.228428428428436447e+01 1.231275771165835842e+01
1.231031031031039191e+01 1.231073454031111503e+01
1.233633633633641757e+01 1.230871003389088258e+01
1.236236236236244501e+01 1.230668418474901493e+01
1.238838838838847245e+01 1.230465698517817508e+01
1.241441441441449811e+01 1.230262842741176499e+01
1.244044044044052555e+01 1.230059850362335183e+01
1.246646646646655121e+01 1.229856720592608710e+01
1.249249249249257865e+01 1.229653452637212219e+01
1.251851851851860609e+01 1.229450045695200799e+01
1.254454454454463175e+01 1.229246498959409983e+01
1.257057057057065919e+01 1.229042811616395170e+01
1.259659659659668485e+01 1.228838982846369277e+01
1.262262262262271229e+01 1.228635011823141276e+01
1.264864864864873972e+01 1.228430897714053671e+01
1.267467467467476538e+01 1.228226639679918009e+01
1.270070070070079282e+01 1.228022236874951822e+01
1.272672672672681848e+01 1.227817688446712552e+01
1.275275275275284592e+01 1.227612993536032704e+01
1.277877877877887336e+01 1.227408151276952708e+01
1.280480480480489902e+01 1.227203160796654657e+01
1.283083083083092646e+01 1.226998021215392853e+01
1.285685685685695212e+01 1.226792731646426660e+01
1.288288288288297956e+01 1.226587291195950336e+01
1.290890890890900700e+01 1.226381698963022160e+01
1.293493493493503266e+01 1.226175954039494620e+01
1.296096096096106010e+01 1.225970055509941048e+01
1.298698698698708576e+01 1.225764002451583856e+01
1.301301301301311319e+01 1.225557793934221174e+01
1.303903903903914063e+01 1.225351429020151173e+01
1.306506506506516629e+01 1.225144906764098351e+01
1.309109109109119373e+01 1.224938226213136439e+01
1.311711711711721939e+01 1.224731386406611477e+01
1.314314314314324683e+01 1.224524386376064378e+01
1.316916916916927427e+01 1.224317225145152044e+01
1.319519519519529993e+01 1.224109901729567440e+01
1.322122122122132737e+01 1.223902415136959121e+01
1.324724724724735303e+01 1.223694764366849697e+01
1.327327327327338047e+01 1.223486948410553943e+01
1.329929929929940613e+01 1.223278966251094246e+01
1.332532532532543357e+01 1.223070816863117649e+01
1.335135135135146101e+01 1.222862499212808984e+01
1.337737737737748667e+01 1.222654012257806144e+01
1.340340340340351410e+01 1.222445354947111085e+01
1.342942942942953977e+01 1.222236526221003494e+01
1.345545545545556720e+01 1.222027525010949311e+01
1.348148148148159464e+01 1.221818350239512085e+01
1.350750750750762030e+01 1.221609000820260249e+01
1.353353353353364774e+01 1.221399475657675460e+01
1.355955955955967340e+01 1.221189773647058985e+01
1.358558558558570084e+01 1.220979893674436489e+01
1.361161161161172828e+01 1.220769834616462468e+01
1.363763763763775394e+01 1.220559595340323789e+01
1.366366366366378138e+01 1.220349174703641459e+01
1.368968968968980704e+01 1.220138571554370976e+01
1.371571571571583448e+01 1.219927784730703024e+01
1.374174174174186192e+01 1.219716813060960803e+01
1.376776776776788758e+01 1.219505655363498420e+01
1.379379379379391501e+01 1.219294310446596441e+01
1.381981981981994068e+01 1.219082777108356908e+01
1.384584584584596811e+01 1.218871054136597287e+01
1.387187187187199555e+01 1.218659140308742472e+01
1.389789789789802121e+01 1.218447034391716066e+01
1.392392392392404865e+01 1.218234735141830782e+01
1.394994994995007431e+01 1.218022241304676712e+01
1.397597597597610175e+01 1.217809551615007990e+01
1.400200200200212919e+01 1.217596664796630002e+01
1.402802802802815485e+01 1.217383579562283202e+01
1.405405405405418229e+01 1.217170294613526771e+01
1.408008008008020795e+01 1.216956808640619769e+01
1.410610610610623539e+01 1.216743120322403016e+01
1.413213213213226283e+01 1.216529228326176870e+01
1.415815815815828849e+01 1.216315131307579733e+01
1.418418418418431592e+01 1.216100827910463877e+01
1.421021021021034159e+01 1.215886316766770392e+01
1.423623623623636902e+01 1.215671596496402351e+01
1.426226226226239646e+01 1.215456665707097095e+01
1.428828828828842212e+01 1.215241522994295487e+01
1.431431431431444956e+01 1.215026166941012065e+01
1.434034034034047522e+01 1.214810596117700747e+01
1.436636636636650266e+01 1.214594809082121962e+01
1.439239239239253010e+01 1.214378804379205334e+01
1.441841841841855576e+01 1.214162580540912906e+01
1.444444444444458320e+01 1.213946136086099870e+01
1.447047047047060886e+01 1.213729469520373527e+01
1.449649649649663630e+01 1.213512579335950825e+01
1.452252252252266373e+01 1.213295464011514113e+01
1.454854854854868940e+01 1.213078122012065130e+01
1.457457457457471683e+01 1.212860551788777741e+01
1.460060060060074250e+01 1.212642751778848194e+01
1.462662662662676993e+01 1.212424720405344125e+01
1.465265265265279560e+01 1.212206456077051087e+01
1.467867867867882303e+01 1.211987957188318887e+01
1.470470470470485047e+01 1.211769222118903322e+01
1.473073073073087613e+01 1.211550249233809318e+01
1.475675675675690357e+01 1.211331036883129642e+01
1.478278278278292923e+01 1.211111583401882719e+01
1.480880880880895667e+01 1.210891887109848675e+01
1.483483483483498411e+01 1.210671946311402714e+01
1.486086086086100977e+01 1.210451759295347784e+01
1.488688688688703721e+01 1.210231324334743519e+01
1.491291291291306287e+01 1.210010639686735168e+01
1.493893893893909031e+01 1.209789703592377919e+01
1.496496496496511774e+01 1.209568514276462281e+01
1.499099099099114341e+01 1.209347069947334319e+01
1.501701701701717084e+01 1.209125368796716060e+01
1.504304304304319650e+01 1.208903408999522533e+01
1.506906906906922394e+01 1.208681188713677201e+01
1.509509509509525138e+01 1.208458706079924205e+01
1.512112112112127704e+01 1.208235959221640243e+01
1.514714714714730448e+01 1.208012946244642194e+01
1.517317317317333014e+01 1.207789665236994381e+01
1.519919919919935758e+01 1.207566114268811042e+01
1.522522522522538502e+01 1.207342291392059330e+01
1.525125125125141068e+01 1.207118194640358055e+01
1.527727727727743812e+01 1.206893822028774288e+01
1.530330330330346378e+01 1.206669171553618902e+01
1.532932932932949122e+01 1.206444241192236966e+01
1.535535535535551865e+01 1.206219028902798662e+01
1.538138138138154432e+01 1.205993532624085951e+01
1.540740740740757175e+01 1.205767750275277272e+01
1.543343343343359741e+01 1.205541679755729056e+01
1.545945945945962485e+01 1.205315318944755631e+01
1.548548548548565229e+01 1.205088665701406292e+01
1.551151151151167795e+01 1.204861717864238457e+01
1.553753753753770539e+01 1.204634473251090476e+01
1.556356356356373105e+01 1.204406929658849457e+01
1.558958958958975849e+01 1.204179084863218030e+01
1.561561561561578593e+01 1.203950936618476675e+01
1.564164164164181159e+01 1.203722482657245507e+01
1.566766766766783903e+01 1.203493720690241631e+01
1.569369369369386469e+01 1.203264648406032933e+01
1.571971971971989213e+01 1.203035263470791527e+01
1.574574574574591956e+01 1.202805563528042043e+01
1.577177177177194523e+01 1.202575546198407785e+01
1.579779779779797266e+01 1.202345209079353694e+01
1.582382382382399832e+01 1.202114549744927174e+01
1.584984984985002576e+01 1.201883565745494309e+01
1.587587587587605320e+01 1.201652254607473935e+01
1.590190190190207886e+01 1.201420613833069062e+01
1.592792792792810630e+01 1.201188640899994375e+01
1.595395395395413196e+01 1.200956333261200371e+01
1.597997997998015940e+01 1.200723688344594819e+01
1.600600600600618506e+01 1.200490703552761396e+01
1.603203203203221250e+01 1.200257376262673503e+01
1.605805805805823994e+01 1.200023703825406685e+01
1.608408408408426737e+01 1.199789683565845877e+01
1.611011011011029126e+01 1.199555312782390715e+01
1.613613613613631870e+01 1.199320588746656391e+01
1.616216216216234614e+01 1.199085508703171854e+01
1.618818818818837357e+01 1.198850069869074098e+01
1.621421421421440101e+01 1.198614269433798540e+01
1.624024024024042490e+01 1.198378104558766566e+01
1.626626626626645233e+01 1.198141572377069153e+01
1.629229229229247977e+01 1.197904669993146598e+01
1.631831831831850721e+01 1.197667394482465220e+01
1.634434434434453465e+01 1.197429742891189264e+01
1.637037037037055853e+01 1.197191712235850503e+01
1.639639639639658597e+01 1.196953299503012325e+01
1.642242242242261341e+01 1.196714501648931872e+01
1.644844844844864085e+01 1.196475315599216671e+01
1.647447447447466828e+01 1.196235738248478064e+01
1.650050050050069217e+01 1.195995766459980914e+01
1.652652652652671961e+01 1.195755397065289216e+01
1.655255255255274704e+01 1.195514626863906571e+01
1.657857857857877448e+01 1.195273452622915045e+01
1.660460460460480192e+01 1.195031871076606755e+01
1.663063063063082581e+01 1.194789878926114213e+01
1.665665665665685324e+01 1.194547472839034974e+01
1.668268268268288068e+01 1.194304649449051681e+01
1.670870870870890812e+01 1.194061405355549432e+01
1.673473473473493556e+01 1.193817737123226941e+01
1.676076076076095944e+01 1.193573641281704845e+01
1.678678678678698688e+01 1.193329114325129403e+01
1.681281281281301432e+01 1.193084152711770152e+01
1.683883883883904176e+01 1.192838752863615959e+01
1.686486486486506919e+01 1.192592911165963798e+01
1.689089089089109308e+01 1.192346623967004327e+01
1.691691691691712052e+01 1.192099887577402839e+01
1.694294294294314795e+01 1.191852698269875788e+01
1.696896896896917539e+01 1.191605052278760901e+01
1.699499499499520283e+01 1.191356945799585532e+01
1.702102102102122672e+01 1.191108374988627006e+01
1.704704704704725415e+01 1.190859335962470844e+01
1.707307307307328159e+01 1.190609824797562588e+01
1.709909909909930903e+01 1.190359837529754472e+01
1.712512512512533647e+01 1.190109370153849078e+01
1.715115115115136035e+01 1.189858418623135350e+01
1.717717717717738779e+01 1.189606978848921415e+01
1.720320320320341523e+01 1.189355046700062246e+01
1.722922922922944267e+01 1.189102618002480583e+01
1.725525525525547010e+01 1.188849688538684646e+01
1.728128128128149399e+01 1.188596254047279466e+01
1.730730730730752143e+01 1.188342310222472875e+01
1.733333333333354886e+01 1.188087852713577064e+01
1.735935935935957630e+01 1.187832877124503383e+01
1.738538538538560374e+01 1.187577379013253243e+01
1.741141141141162763e+01 1.187321353891401721e+01
1.743743743743765506e+01 1.187064797223577806e+01
1.746346346346368250e+01 1.186807704426936638e+01
1.748948948948970994e+01 1.186550070870628382e+01
1.751551551551573738e+01 1.186291891875259452e+01
1.754154154154176126e+01 1.186033162712349309e+01
1.756756756756778870e+01 1.185773878603781029e+01
1.759359359359381614e+01 1.185514034721245125e+01
1.761961961961984358e+01 1.185253626185679288e+01
1.764564564564587101e+01 1.184992648066700127e+01
1.767167167167189490e+01 1.184731095382030475e+01
1.769769769769792234e+01 1.184468963096919047e+01
1.772372372372394977e+01 1.184206246123555495e+01
1.774974974974997721e+01 1.183942939320477983e+01
1.777577577577600465e+01 1.183679037491974562e+01
1.780180180180202854e+01 1.183414535387479205e+01
1.782782782782805597e+01 1.183149427700960032e+01
1.785385385385408341e+01 1.182883709070301492e+01
1.787987987988011085e+01 1.182617374076680505e+01
1.790590590590613473e+01 1.182350417243934970e+01
1.793193193193216217e+01 1.182082833037925873e+01
1.795795795795818961e+01 1.181814615865893003e+01
1.798398398398421705e+01 1.181545760075803031e+01
1.801001001001024449e+01 1.181276259955690655e+01
1.803603603603626837e+01 1.181006109732993181e+01
1.806206206206229581e+01 1.180735303573877104e+01
1.808808808808832325e+01 1.180463835582557941e+01
1.811411411411435068e+01 1.180191699800612959e+01
1.814014014014037812e+01 1.179918890206284843e+01
1.816616616616640201e+01 1.179645400713779324e+01
1.819219219219242945e+01 1.179371225172555349e+01
1.821821821821845688e+01 1.179096357366604764e+01
1.824424424424448432e+01 1.178820791013727565e+01
1.827027027027051176e+01 1.178544519764796128e+01
1.829629629629653564e+01 1.178267537203013227e+01
1.832232232232256308e+01 1.177989836843160099e+01
1.834834834834859052e+01 1.177711412130837054e+01
1.837437437437461796e+01 1.177432256441695380e+01
1.840040040040064540e+01 1.177152363080659292e+01
1.842642642642666928e+01 1.176871725281140968e+01
1.845245245245269672e+01 1.176590336204243670e+01
1.847847847847872416e+01 1.176308188937958832e+01
1.850450450450475159e+01 1.176025276496350180e+01
1.853053053053077903e+01 1.175741591818731457e+01
1.855655655655680292e+01 1.175457127768831356e+01
1.858258258258283036e+01 1.175171877133950460e+01
1.860860860860885779e+01 1.174885832624106996e+01
1.863463463463488523e+01 1.174598986871171569e+01
1.866066066066091267e+01 1.174311332427992483e+01
1.868668668668693655e+01 1.174022861767508452e+01
1.871271271271296399e+01 1.173733567281851364e+01
1.873873873873899143e+01 1.173443441281436606e+01
1.876476476476501887e+01 1.173152475994041488e+01
1.879079079079104631e+01 1.172860663563873018e+01
1.881681681681707019e+01 1.172567996050620565e+01
1.884284284284309763e+01 1.172274465428498758e+01
1.886886886886912507e+01 1.171980063585274401e+01
1.889489489489515250e+01 1.171684782321282370e+01
1.892092092092117994e+01 1.171388613348426233e+01
1.894694694694720383e+01 1.171091548289164841e+01
1.897297297297323126e+01 1.170793578675484703e+01
1.899899899899925870e+01 1.170494695947857267e+01
1.902502502502528614e+01 1.170194891454180031e+01
1.905105105105131358e+01 1.169894156448702915e+01
1.907707707707733746e+01 1.169592482090936691e+01
1.910310310310336490e+01 1.169289859444545776e+01
1.912912912912939234e+01 1.168986279476223089e+01
1.915515515515541978e+01 1.168681733054546967e+01
1.918118118118144722e+01 1.168376210948818716e+01
1.920720720720747110e+01 1.168069703827882577e+01
1.923323323323349854e+01 1.167762202258924553e+01
1.925925925925952598e+01 1.167453696706251343e+01
1.928528528528555341e+01 1.167144177530047067e+01
1.931131131131158085e+01 1.166833634985110812e+01
1.933733733733760474e+01 1.166522059219568241e+01
1.936336336336363217e+01 1.166209440273562414e+01
1.938938938938965961e+01 1.165895768077918149e+01
1.941541541541568705e+01 1.165581032452784527e+01
1.944144144144171449e+01 1.165265223106247916e+01
1.946746746746773837e+01 1.164948329632920299e+01
1.949349349349376581e+01 1.164630341512499889e+01
1.951951951951979325e+01 1.164311248108301733e+01
1.954554554554582069e+01 1.163991038665760236e+01
1.957157157157184812e+01 1.163669702310898835e+01
1.959759759759787201e+01 1.163347228048768933e+01
1.962362362362389945e+01 1.163023604761855978e+01
1.964964964964992689e+01 1.162698821208450006e+01
1.967567567567595432e+01 1.162372866020981377e+01
1.970170170170198176e+01 1.162045727704319553e+01
1.972772772772800565e+01 1.161717394634032985e+01
1.975375375375403308e+01 1.161387855054609375e+01
1.977977977978006052e+01 1.161057097077636158e+01
1.980580580580608796e+01 1.160725108679935325e+01
1.983183183183211540e+01 1.160391877701657393e+01
1.985785785785813928e+01 1.160057391844326347e+01
1.988388388388416672e+01 1.159721638668839105e+01
1.990990990991019416e+01 1.159384605593413475e+01
1.993593593593622160e+01 1.159046279891487075e+01
1.996196196196224903e+01 1.158706648689561014e+01
1.998798798798827292e+01 1.158365698964989043e+01
2.001401401401430036e+01 1.158023417543710210e+01
2.004004004004032780e+01 1.157679791097920585e+01
2.006606606606635523e+01 1.157334806143684425e+01
2.009209209209238267e+01 1.156988449038480837e+01
2.011811811811840656e+01 1.156640705978684380e+01
2.014414414414443399e+01 1.156291562996976374e+01
2.017017017017046143e+01 1.155941005959686407e+01
2.019619619619648887e+01 1.155589020564056923e+01
2.022222222222251631e+01 1.155235592335434092e+01
2.024824824824854019e+01 1.154880706624377318e+01
2.027427427427456763e+01 1.154524348603686867e+01
2.030030030030059507e+01 1.154166503265345689e+01
2.032632632632662251e+01 1.153807155417372954e+01
2.035235235235264994e+01 1.153446289680584513e+01
2.037837837837867383e+01 1.153083890485260277e+01
2.040440440440470127e+01 1.152719942067710512e+01
2.043043043043072871e+01 1.152354428466740899e+01
2.045645645645675614e+01 1.151987333520011703e+01
2.048248248248278358e+01 1.151618640860286824e+01
2.050850850850880747e+01 1.151248333911568800e+01
2.053453453453483490e+01 1.150876395885116033e+01
2.056056056056086234e+01 1.150502809775337809e+01
2.058658658658688978e+01 1.150127558355562840e+01
2.061261261261291367e+01 1.149750624173677238e+01
2.063863863863894110e+01 1.149371989547625894e+01
2.066466466466496854e+01 1.148991636560773522e+01
2.069069069069099598e+01 1.148609547057121816e+01
2.071671671671702342e+01 1.148225702636372603e+01
2.074274274274304730e+01 1.147840084648839643e+01
2.076876876876907474e+01 1.147452674190194344e+01
2.079479479479510218e+01 1.147063452096048941e+01
2.082082082082112962e+01 1.146672398936362569e+01
2.084684684684715705e+01 1.146279495009672189e+01
2.087287287287318094e+01 1.145884720337136287e+01
2.089889889889920838e+01 1.145488054656387078e+01
2.092492492492523581e+01 1.145089477415185897e+01
2.095095095095126325e+01 1.144688967764872878e+01
2.097697697697729069e+01 1.144286504553603478e+01
2.100300300300331457e+01 1.143882066319368285e+01
2.102902902902934201e+01 1.143475631282783311e+01
2.105505505505536945e+01 1.143067177339647245e+01
2.108108108108139689e+01 1.142656682053254791e+01
2.110710710710742433e+01 1.142244122646460447e+01
2.113313313313344821e+01 1.141829475993481147e+01
2.115915915915947565e+01 1.141412718611431210e+01
2.118518518518550309e+01 1.140993826651579113e+01
2.121121121121153053e+01 1.140572775890317203e+01
2.123723723723755796e+01 1.140149541719834225e+01
2.126326326326358185e+01 1.139724099138481073e+01
2.128928928928960929e+01 1.139296422740817327e+01
2.131531531531563672e+01 1.138866486707330594e+01
2.134134134134166416e+01 1.138434264793815487e+01
2.136736736736769160e+01 1.137999730320399827e+01
2.139339339339371548e+01 1.137562856160209002e+01
2.141941941941974292e+01 1.137123614727651244e+01
2.144544544544577036e+01 1.136681977966316737e+01
2.147147147147179780e+01 1.136237917336470993e+01
2.149749749749782524e+01 1.135791403802132571e+01
2.152352352352384912e+01 1.135342407817720023e+01
2.154954954954987656e+01 1.134890899314251378e+01
2.157557557557590400e+01 1.134436847685081418e+01
2.160160160160193143e+01 1.133980221771161467e+01
2.162762762762795887e+01 1.133520989845802518e+01
2.165365365365398276e+01 1.133059119598927822e+01
2.167967967968001020e+01 1.132594578120791340e+01
2.170570570570603763e+01 1.132127331885148536e+01
2.173173173173206507e+01 1.131657346731856428e+01
2.175775775775809251e+01 1.131184587848882650e+01
2.178378378378411639e+01 1.130709019753704148e+01
2.180980980981014383e+01 1.130230606274069771e+01
2.183583583583617127e+01 1.129749310528107564e+01
2.186186186186219871e+01 1.129265094903747979e+01
2.188788788788822615e+01 1.128777921037442766e+01
2.191391391391425003e+01 1.128287749792148098e+01
2.193993993994027747e+01 1.127794541234548120e+01
2.196596596596630491e+01 1.127298254611489270e+01
2.199199199199233234e+01 1.126798848325592850e+01
2.201801801801835978e+01 1.126296279910019038e+01
2.204404404404438367e+01 1.125790506002344671e+01
2.207007007007041111e+01 1.125281482317524784e+01
2.209609609609643854e+01 1.124769163619898649e+01
2.212212212212246598e+01 1.124253503694204070e+01
2.214814814814849342e+01 1.123734455315561398e+01
2.217417417417451730e+01 1.123211970218384970e+01
2.220020020020054474e+01 1.122685999064178475e+01
2.222622622622657218e+01 1.122156491408169465e+01
2.225225225225259962e+01 1.121623395664737721e+01
2.227827827827862706e+01 1.121086659071582048e+01
2.230430430430465094e+01 1.120546227652580207e+01
2.233033033033067838e+01 1.120002046179281230e+01
2.235635635635670582e+01 1.119454058130976826e+01
2.238238238238273325e+01 1.118902205653288107e+01
2.240840840840876069e+01 1.118346429515206708e+01
2.243443443443478458e+01 1.117786669064521199e+01
2.246046046046081202e+01 1.117222862181560572e+01
2.248648648648683945e+01 1.116654945231178431e+01
2.251251251251286689e+01 1.116082853012902909e+01
2.253853853853889433e+01 1.115506518709168127e+01
2.256456456456491821e+01 1.114925873831540315e+01
2.259059059059094565e+01 1.114340848164851572e+01
2.261661661661697309e+01 1.113751369709139993e+01
2.264264264264300053e+01 1.113157364619298662e+01
2.266866866866902797e+01 1.112558757142327437e+01
2.269469469469505185e+01 1.111955469552069964e+01
2.272072072072107929e+01 1.111347422081323799e+01
2.274674674674710673e+01 1.110734532851193102e+01
2.277277277277313416e+01 1.110116717797553321e+01
2.279879879879916160e+01 1.109493890594488086e+01
2.282482482482518549e+01 1.108865962574548192e+01
2.285085085085121293e+01 1.108232842645678318e+01
2.287687687687724036e+01 1.107594437204643256e+01
2.290290290290326780e+01 1.106950650046780638e+01
2.292892892892929524e+01 1.106301382271890077e+01
2.295495495495531912e+01 1.105646532186066722e+01
2.298098098098134656e+01 1.104985995199264970e+01
2.300700700700737400e+01 1.104319663718374755e+01
2.303303303303340144e+01 1.103647427035572015e+01
2.305905905905942888e+01 1.102969171211696420e+01
2.308508508508545276e+01 1.102284778954388145e+01
2.311111111111148020e+01 1.101594129490704077e+01
2.313713713713750764e+01 1.100897098433911836e+01
2.316316316316353507e+01 1.100193557644145059e+01
2.318918918918956251e+01 1.099483375082578185e+01
2.321521521521558640e+01 1.098766414658760127e+01
2.324124124124161384e+01 1.098042536070722974e+01
2.326726726726764127e+01 1.097311594637454846e+01
2.329329329329366871e+01 1.096573441123297066e+01
2.331931931931969260e+01 1.095827921553802220e+01
2.334534534534572003e+01 1.095074877022550552e+01
2.337137137137174747e+01 1.094314143488395530e+01
2.339739739739777491e+01 1.093545551562564988e+01
2.342342342342380235e+01 1.092768926285011233e+01
2.344944944944982623e+01 1.091984086889357108e+01
2.347547547547585367e+01 1.091190846555737259e+01
2.350150150150188111e+01 1.090389012150788872e+01
2.352752752752790855e+01 1.089578383953986673e+01
2.355355355355393598e+01 1.088758755369459230e+01
2.357957957957995987e+01 1.087929912622363382e+01
2.360560560560598731e+01 1.087091634438819732e+01
2.363163163163201475e+01 1.086243691708338943e+01
2.365765765765804218e+01 1.085385847127588477e+01
2.368368368368406962e+01 1.084517854824257022e+01
2.370970970971009351e+01 1.083639459959680451e+01
2.373573573573612094e+01 1.082750398308786366e+01
2.376176176176214838e+01 1.081850395815798294e+01
2.378778778778817582e+01 1.080939168124016625e+01
2.381381381381420326e+01 1.080016420077856232e+01
2.383983983984022714e+01 1.079081845195168121e+01
2.386586586586625458e+01 1.078135125107713144e+01
2.389189189189228202e+01 1.077175928967468721e+01
2.391791791791830946e+01 1.076203912816259667e+01
2.394394394394433689e+01 1.075218718915978755e+01
2.396996996997036078e+01 1.074219975036434604e+01
2.399599599599638822e+01 1.073207293697589648e+01
2.402202202202241565e+01 1.072180271362671178e+01
2.404804804804844309e+01 1.071138487578315157e+01
2.407407407407447053e+01 1.070081504057549182e+01
2.410010010010049442e+01 1.069008863701033185e+01
2.412612612612652185e+01 1.067920089551542162e+01
2.415215215215254929e+01 1.066814683676199493e+01
2.417817817817857673e+01 1.065692125970435633e+01
2.420420420420460417e+01 1.064551872877055949e+01
2.423023023023062805e+01 1.063393356013148505e+01
2.425625625625665549e+01 1.062215980696824325e+01
2.428228228228268293e+01 1.061019124364969102e+01
2.430830830830871037e+01 1.059802134872271928e+01
2.433433433433473780e+01 1.058564328660770748e+01
2.436036036036076169e+01 1.057304988788010647e+01
2.438638638638678913e+01 1.056023362800625520e+01
2.441241241241281656e+01 1.054718660438702926e+01
2.443843843843884400e+01 1.053390051154662643e+01
2.446446446446487144e+01 1.052036661428545194e+01
2.449049049049089533e+01 1.050657571859522044e+01
2.451651651651692276e+01 1.049251814011091533e+01
2.454254254254295020e+01 1.047818366984751215e+01
2.456856856856897764e+01 1.046356153693908908e+01
2.459459459459500508e+01 1.044864036806342966e+01
2.462062062062102896e+01 1.043340814319576992e+01
2.464664664664705640e+01 1.041785214729041797e+01
2.467267267267308384e+01 1.040195891743733014e+01
2.469869869869911128e+01 1.038571418498155019e+01
2.472472472472513871e+01 1.036910281202536055e+01
2.475075075075116260e+01 1.035210872165432150e+01
2.477677677677719004e+01 1.033471482113770890e+01
2.480280280280321747e+01 1.031690291724860309e+01
2.482882882882924491e+01 1.029865362272662210e+01
2.485485485485527235e+01 1.027994625276397933e+01
2.488088088088129624e+01 1.026075871022926478e+01
2.490690690690732367e+01 1.024106735814860691e+01
2.493293293293335111e+01 1.022084687773509160e+01
2.495895895895937855e+01 1.020007010998791941e+01
2.498498498498540599e+01 1.017870787856414161e+01
2.501101101101142987e+01 1.015672879124822714e+01
2.503703703703745731e+01 1.013409901689550274e+01
2.506306306306348475e+01 1.011078203418893295e+01
2.508908908908951219e+01 1.008673834790625889e+01
2.511511511511553962e+01 1.006192516762147626e+01
2.514114114114156351e+01 1.003629604283141141e+01
2.516716716716759095e+01 1.000980044736692776e+01
nan nan
nan nan
nan nan
nan nan
nan nan
nan nan
nan nan
nan nan
nan nan
nan nan
nan nan
nan nan
nan nan
nan nan
nan nan
nan nan
nan nan
nan nan
nan nan
nan nan
nan nan
nan nan
nan nan
nan nan
nan nan
nan nan
nan nan
nan nan
nan nan
nan nan
nan nan
nan nan
