0.000000000000000000e+00 1.323300494515798320e+01
2.602602602602602580e-02 1.314480607392811073e+01
5.205205205205205160e-02 1.314300292500124101e+01
7.807807807807808087e-02 1.314119952465221530e+01
1.041041041041041032e-01 1.313939587187557656e+01
1.301301301301301117e-01 1.313759196566234344e+01
1.561561561561561340e-01 1.313578780500000676e+01
1.821821821821821563e-01 1.313398338887249750e+01
2.082082082082081509e-01 1.313217871626018152e+01
2.342342342342341732e-01 1.313037378613982931e+01
2.602602602602601678e-01 1.312856859748460714e+01
2.862862862862862179e-01 1.312676314926405752e+01
3.123123123123122125e-01 1.312495744044407253e+01
3.383383383383382070e-01 1.312315146998688853e+01
3.643643643643642571e-01 1.312134523685105592e+01
3.903903903903902517e-01 1.311953873999142672e+01
4.164164164164162463e-01 1.311773197835912974e+01
4.424424424424422964e-01 1.311592495090156341e+01
4.684684684684682909e-01 1.311411765656236206e+01
4.944944944944942855e-01 1.311231009428138528e+01
5.205205205205203356e-01 1.311050226299470012e+01
5.465465465465464412e-01 1.310869416163455092e+01
5.725725725725725468e-01 1.310688578912935398e+01
5.985985985985985414e-01 1.310507714440366733e+01
6.246246246246246470e-01 1.310326822637817479e+01
6.506506506506507526e-01 1.310145903396966638e+01
6.766766766766767471e-01 1.309964956609101705e+01
7.027027027027028527e-01 1.309783982165116356e+01
7.287287287287289583e-01 1.309602979955509383e+01
7.547547547547549529e-01 1.309421949870381141e+01
7.807807807807810585e-01 1.309240891799433015e+01
8.068068068068071641e-01 1.309059805631964224e+01
8.328328328328331587e-01 1.308878691256870397e+01
8.588588588588592643e-01 1.308697548562641444e+01
8.848848848848853699e-01 1.308516377437358535e+01
9.109109109109113644e-01 1.308335177768693214e+01
9.369369369369374700e-01 1.308153949443904551e+01
9.629629629629635756e-01 1.307972692349837018e+01
9.889889889889894592e-01 1.307791406372918708e+01
1.015015015015015454e+00 1.307610091399158492e+01
1.041041041041041559e+00 1.307428747314144601e+01
1.067067067067067665e+00 1.307247374003041429e+01
1.093093093093093771e+00 1.307065971350588640e+01
1.119119119119119876e+00 1.306884539241097620e+01
1.145145145145145982e+00 1.306703077558449877e+01
1.171171171171171865e+00 1.306521586186094908e+01
1.197197197197197971e+00 1.306340065007047357e+01
1.223223223223224077e+00 1.306158513903884888e+01
1.249249249249250182e+00 1.305976932758746756e+01
1.275275275275276288e+00 1.305795321453329727e+01
1.301301301301302393e+00 1.305613679868887544e+01
1.327327327327328277e+00 1.305432007886227375e+01
1.353353353353354382e+00 1.305250305385707676e+01
1.379379379379380488e+00 1.305068572247236247e+01
1.405405405405406594e+00 1.304886808350267557e+01
1.431431431431432699e+00 1.304705013573799555e+01
1.457457457457458805e+00 1.304523187796373307e+01
1.483483483483484688e+00 1.304341330896067674e+01
1.509509509509510794e+00 1.304159442750499309e+01
1.535535535535536900e+00 1.303977523236818925e+01
1.561561561561563005e+00 1.303795572231709343e+01
1.587587587587589111e+00 1.303613589611382295e+01
1.613613613613615216e+00 1.303431575251576291e+01
1.639639639639641100e+00 1.303249529027554665e+01
1.665665665665667206e+00 1.303067450814101669e+01
1.691691691691693311e+00 1.302885340485521404e+01
1.717717717717719417e+00 1.302703197915633559e+01
1.743743743743745522e+00 1.302521022977772525e+01
1.769769769769771628e+00 1.302338815544783301e+01
1.795795795795797511e+00 1.302156575489019907e+01
1.821821821821823617e+00 1.301974302682342000e+01
1.847847847847849723e+00 1.301791996996112388e+01
1.873873873873875828e+00 1.301609658301194550e+01
1.899899899899901934e+00 1.301427286467949429e+01
1.925925925925927817e+00 1.301244881366233486e+01
1.951951951951953923e+00 1.301062442865395141e+01
1.977977977977979807e+00 1.300879970834272115e+01
2.004004004004005690e+00 1.300697465141189113e+01
2.030030030030031352e+00 1.300514925653954812e+01
2.056056056056057457e+00 1.300332352239858302e+01
2.082082082082083119e+00 1.300149744765667315e+01
2.108108108108109224e+00 1.299967103097625021e+01
2.134134134134134886e+00 1.299784427101446838e+01
2.160160160160160991e+00 1.299601716642317406e+01
2.186186186186186653e+00 1.299418971584888105e+01
2.212212212212212314e+00 1.299236191793274031e+01
2.238238238238238420e+00 1.299053377131050979e+01
2.264264264264264082e+00 1.298870527461251889e+01
2.290290290290290187e+00 1.298687642646364893e+01
2.316316316316315849e+00 1.298504722548329759e+01
2.342342342342341954e+00 1.298321767028533991e+01
2.368368368368367616e+00 1.298138775947811396e+01
2.394394394394393277e+00 1.297955749166438189e+01
2.420420420420419383e+00 1.297772686544129073e+01
2.446446446446445044e+00 1.297589587940035649e+01
2.472472472472471150e+00 1.297406453212742150e+01
2.498498498498496811e+00 1.297223282220262597e+01
2.524524524524522917e+00 1.297040074820037603e+01
2.550550550550548579e+00 1.296856830868931354e+01
2.576576576576574240e+00 1.296673550223228055e+01
2.602602602602600346e+00 1.296490232738628734e+01
2.628628628628626007e+00 1.296306878270247864e+01
2.654654654654652113e+00 1.296123486672610703e+01
2.680680680680677774e+00 1.295940057799648670e+01
2.706706706706703436e+00 1.295756591504697397e+01
2.732732732732729541e+00 1.295573087640492460e+01
2.758758758758755203e+00 1.295389546059166541e+01
2.784784784784781309e+00 1.295205966612245163e+01
2.810810810810806970e+00 1.295022349150644203e+01
2.836836836836833076e+00 1.294838693524665807e+01
2.862862862862858737e+00 1.294654999583995192e+01
2.888888888888884399e+00 1.294471267177697094e+01
2.914914914914910504e+00 1.294287496154212036e+01
2.940940940940936166e+00 1.294103686361352779e+01
2.966966966966962271e+00 1.293919837646301119e+01
2.992992992992987933e+00 1.293735949855603629e+01
3.019019019019014038e+00 1.293552022835168813e+01
3.045045045045039700e+00 1.293368056430262669e+01
3.071071071071065361e+00 1.293184050485505310e+01
3.097097097097091467e+00 1.293000004844867412e+01
3.123123123123117129e+00 1.292815919351666487e+01
3.149149149149143234e+00 1.292631793848562616e+01
3.175175175175168896e+00 1.292447628177555252e+01
3.201201201201195001e+00 1.292263422179978960e+01
3.227227227227220663e+00 1.292079175696499682e+01
3.253253253253246324e+00 1.291894888567111366e+01
3.279279279279272430e+00 1.291710560631131166e+01
3.305305305305298091e+00 1.291526191727195894e+01
3.331331331331324197e+00 1.291341781693258817e+01
3.357357357357349859e+00 1.291157330366584333e+01
3.383383383383375964e+00 1.290972837583744948e+01
3.409409409409401626e+00 1.290788303180616836e+01
3.435435435435427287e+00 1.290603726992375755e+01
3.461461461461453393e+00 1.290419108853493313e+01
3.487487487487479054e+00 1.290234448597732353e+01
3.513513513513505160e+00 1.290049746058143221e+01
3.539539539539530821e+00 1.289865001067059325e+01
3.565565565565556927e+00 1.289680213456092517e+01
3.591591591591582588e+00 1.289495383056130251e+01
3.617617617617608250e+00 1.289310509697329898e+01
3.643643643643634356e+00 1.289125593209114484e+01
3.669669669669660017e+00 1.288940633420169668e+01
3.695695695695686123e+00 1.288755630158437882e+01
3.721721721721711784e+00 1.288570583251114776e+01
3.747747747747737446e+00 1.288385492524644960e+01
3.773773773773763551e+00 1.288200357804716312e+01
3.799799799799789213e+00 1.288015178916257319e+01
3.825825825825815318e+00 1.287829955683431038e+01
3.851851851851840980e+00 1.287644687929631004e+01
3.877877877877867085e+00 1.287459375477477330e+01
3.903903903903892747e+00 1.287274018148811194e+01
3.929929929929918853e+00 1.287088615764690225e+01
3.955955955955944958e+00 1.286903168145384591e+01
3.981981981981970620e+00 1.286717675110371317e+01
4.008008008007996281e+00 1.286532136478330557e+01
4.034034034034022831e+00 1.286346552067140081e+01
4.060060060060048492e+00 1.286160921693870307e+01
4.086086086086074154e+00 1.285975245174780035e+01
4.112112112112099815e+00 1.285789522325311829e+01
4.138138138138125477e+00 1.285603752960085622e+01
4.164164164164152027e+00 1.285417936892895518e+01
4.190190190190177688e+00 1.285232073936703578e+01
4.216216216216203350e+00 1.285046163903635374e+01
4.242242242242229011e+00 1.284860206604975019e+01
4.268268268268254673e+00 1.284674201851159303e+01
4.294294294294281222e+00 1.284488149451773609e+01
4.320320320320306884e+00 1.284302049215545694e+01
4.346346346346332545e+00 1.284115900950341604e+01
4.372372372372358207e+00 1.283929704463159105e+01
4.398398398398384757e+00 1.283743459560123767e+01
4.424424424424410418e+00 1.283557166046482756e+01
4.450450450450436080e+00 1.283370823726599674e+01
4.476476476476461741e+00 1.283184432403948882e+01
4.502502502502487403e+00 1.282997991881110700e+01
4.528528528528513952e+00 1.282811501959765721e+01
4.554554554554539614e+00 1.282624962440688954e+01
4.580580580580565275e+00 1.282438373123744135e+01
4.606606606606590937e+00 1.282251733807879113e+01
4.632632632632616598e+00 1.282065044291119094e+01
4.658658658658643148e+00 1.281878304370561672e+01
4.684684684684668809e+00 1.281691513842370611e+01
4.710710710710694471e+00 1.281504672501770514e+01
4.736736736736720133e+00 1.281317780143040430e+01
4.762762762762746682e+00 1.281130836559509056e+01
4.788788788788772344e+00 1.280943841543547634e+01
4.814814814814798005e+00 1.280756794886564798e+01
4.840840840840823667e+00 1.280569696379000000e+01
4.866866866866849328e+00 1.280382545810318540e+01
4.892892892892875878e+00 1.280195342969004280e+01
4.918918918918901539e+00 1.280008087642553960e+01
4.944944944944927201e+00 1.279820779617471338e+01
4.970970970970952862e+00 1.279633418679260970e+01
4.996996996996978524e+00 1.279446004612421284e+01
5.023023023023005074e+00 1.279258537200439250e+01
5.049049049049030735e+00 1.279071016225783275e+01
5.075075075075056397e+00 1.278883441469896987e+01
5.101101101101082058e+00 1.278695812713193192e+01
5.127127127127107720e+00 1.278508129735047127e+01
5.153153153153134269e+00 1.278320392313789533e+01
5.179179179179159931e+00 1.278132600226700788e+01
5.205205205205185592e+00 1.277944753250003984e+01
5.231231231231211254e+00 1.277756851158857643e+01
5.257257257257237804e+00 1.277568893727350385e+01
5.283283283283263465e+00 1.277380880728492585e+01
5.309309309309289127e+00 1.277192811934210681e+01
5.335335335335314788e+00 1.277004687115339898e+01
5.361361361361340450e+00 1.276816506041617139e+01
5.387387387387366999e+00 1.276628268481674056e+01
5.413413413413392661e+00 1.276439974203030303e+01
5.439439439439418322e+00 1.276251622972086608e+01
5.465465465465443984e+00 1.276063214554116598e+01
5.491491491491469645e+00 1.275874748713260587e+01
5.517517517517496195e+00 1.275686225212518643e+01
5.543543543543521857e+00 1.275497643813741711e+01
5.569569569569547518e+00 1.275309004277625746e+01
5.595595595595573180e+00 1.275120306363703904e+01
5.621621621621599729e+00 1.274931549830338895e+01
5.647647647647625391e+00 1.274742734434715175e+01
5.673673673673651052e+00 1.274553859932832012e+01
5.699699699699676714e+00 1.274364926079495497e+01
5.725725725725702375e+00 1.274175932628311081e+01
5.751751751751728925e+00 1.273986879331675226e+01
5.777777777777754586e+00 1.273797765940768478e+01
5.803803803803780248e+00 1.273608592205546763e+01
5.829829829829805909e+00 1.273419357874734104e+01
5.855855855855831571e+00 1.273230062695813913e+01
5.881881881881858121e+00 1.273040706415021717e+01
5.907907907907883782e+00 1.272851288777336798e+01
5.933933933933909444e+00 1.272661809526473498e+01
5.959959959959935105e+00 1.272472268404873752e+01
5.985985985985960767e+00 1.272282665153698389e+01
6.012012012011987316e+00 1.272092999512818778e+01
6.038038038038012978e+00 1.271903271220808129e+01
6.064064064064038639e+00 1.271713480014933673e+01
6.090090090090064301e+00 1.271523625631147780e+01
6.116116116116090851e+00 1.271333707804079083e+01
6.142142142142116512e+00 1.271143726267024299e+01
6.168168168168142174e+00 1.270953680751938641e+01
6.194194194194167835e+00 1.270763570989428182e+01
6.220220220220193497e+00 1.270573396708739722e+01
6.246246246246220046e+00 1.270383157637753158e+01
6.272272272272245708e+00 1.270192853502970820e+01
6.298298298298271369e+00 1.270002484029510192e+01
6.324324324324297031e+00 1.269812048941093252e+01
6.350350350350322692e+00 1.269621547960038122e+01
6.376376376376349242e+00 1.269430980807249298e+01
6.402402402402374904e+00 1.269240347202208419e+01
6.428428428428400565e+00 1.269049646862965020e+01
6.454454454454426227e+00 1.268858879506126947e+01
6.480480480480452776e+00 1.268668044846850051e+01
6.506506506506478438e+00 1.268477142598829843e+01
6.532532532532504099e+00 1.268286172474290652e+01
6.558558558558529761e+00 1.268095134183975858e+01
6.584584584584555422e+00 1.267904027437139014e+01
6.610610610610581972e+00 1.267712851941532648e+01
6.636636636636607633e+00 1.267521607403398676e+01
6.662662662662633295e+00 1.267330293527458807e+01
6.688688688688658956e+00 1.267138910016903353e+01
6.714714714714684618e+00 1.266947456573381636e+01
6.740740740740711168e+00 1.266755932896991332e+01
6.766766766766736829e+00 1.266564338686268343e+01
6.792792792792762491e+00 1.266372673638175606e+01
6.818818818818788152e+00 1.266180937448093324e+01
6.844844844844814702e+00 1.265989129809807778e+01
6.870870870870840363e+00 1.265797250415500486e+01
6.896896896896866025e+00 1.265605298955737368e+01
6.922922922922891686e+00 1.265413275119458270e+01
6.948948948948917348e+00 1.265221178593965234e+01
6.974974974974943898e+00 1.265029009064912024e+01
7.001001001000969559e+00 1.264836766216292219e+01
7.027027027026995221e+00 1.264644449730428555e+01
7.053053053053020882e+00 1.264452059287961383e+01
7.079079079079046544e+00 1.264259594567836764e+01
7.105105105105073093e+00 1.264067055247295812e+01
7.131131131131098755e+00 1.263874441001861726e+01
7.157157157157124416e+00 1.263681751505329132e+01
7.183183183183150078e+00 1.263488986429752359e+01
7.209209209209175739e+00 1.263296145445432295e+01
7.235235235235202289e+00 1.263103228220905550e+01
7.261261261261227951e+00 1.262910234422931843e+01
7.287287287287253612e+00 1.262717163716481750e+01
7.313313313313279274e+00 1.262524015764724439e+01
7.339339339339305823e+00 1.262330790229015598e+01
7.365365365365331485e+00 1.262137486768884287e+01
7.391391391391357146e+00 1.261944105042020858e+01
7.417417417417382808e+00 1.261750644704263991e+01
7.443443443443408469e+00 1.261557105409588075e+01
7.469469469469435019e+00 1.261363486810089896e+01
7.495495495495460681e+00 1.261169788555976190e+01
7.521521521521486342e+00 1.260976010295550154e+01
7.547547547547512004e+00 1.260782151675198293e+01
7.573573573573537665e+00 1.260588212339376923e+01
7.599599599599564215e+00 1.260394191930599384e+01
7.625625625625589876e+00 1.260200090089421643e+01
7.651651651651615538e+00 1.260005906454429159e+01
7.677677677677641199e+00 1.259811640662223198e+01
7.703703703703667749e+00 1.259617292347406270e+01
7.729729729729693410e+00 1.259422861142569339e+01
7.755755755755719072e+00 1.259228346678276544e+01
7.781781781781744733e+00 1.259033748583051882e+01
7.807807807807770395e+00 1.258839066483364277e+01
7.833833833833796945e+00 1.258644300003613381e+01
7.859859859859822606e+00 1.258449448766115353e+01
7.885885885885849156e+00 1.258254512391087232e+01
7.911911911911875706e+00 1.258059490496633792e+01
7.937937937937902255e+00 1.257864382698731021e+01
7.963963963963929693e+00 1.257669188611211553e+01
7.989989989989956243e+00 1.257473907845750460e+01
8.016016016015981904e+00 1.257278540011848555e+01
8.042042042042009342e+00 1.257083084716818178e+01
8.068068068068036780e+00 1.256887541565767030e+01
8.094094094094062442e+00 1.256691910161582726e+01
8.120120120120089879e+00 1.256496190104917154e+01
8.146146146146115541e+00 1.256300380994170141e+01
8.172172172172142979e+00 1.256104482425474522e+01
8.198198198198170417e+00 1.255908493992678565e+01
8.224224224224196078e+00 1.255712415287330685e+01
8.250250250250223516e+00 1.255516245898662753e+01
8.276276276276249177e+00 1.255319985413573391e+01
8.302302302302276615e+00 1.255123633416611639e+01
8.328328328328304053e+00 1.254927189489960071e+01
8.354354354354329715e+00 1.254730653213417391e+01
8.380380380380357153e+00 1.254534024164382089e+01
8.406406406406382814e+00 1.254337301917834857e+01
8.432432432432410252e+00 1.254140486046321001e+01
8.458458458458437690e+00 1.253943576119933212e+01
8.484484484484463351e+00 1.253746571706294155e+01
8.510510510510490789e+00 1.253549472370538176e+01
8.536536536536516451e+00 1.253352277675293713e+01
8.562562562562543889e+00 1.253154987180665181e+01
8.588588588588571326e+00 1.252957600444214670e+01
8.614614614614596988e+00 1.252760117020943653e+01
8.640640640640624426e+00 1.252562536463274157e+01
8.666666666666650087e+00 1.252364858321030994e+01
8.692692692692677525e+00 1.252167082141421695e+01
8.718718718718704963e+00 1.251969207469018386e+01
8.744744744744730625e+00 1.251771233845738607e+01
8.770770770770758062e+00 1.251573160810825414e+01
8.796796796796783724e+00 1.251374987900829083e+01
8.822822822822811162e+00 1.251176714649585975e+01
8.848848848848838600e+00 1.250978340588200233e+01
8.874874874874864261e+00 1.250779865245023004e+01
8.900900900900891699e+00 1.250581288145632719e+01
8.926926926926917361e+00 1.250382608812814311e+01
8.952952952952944798e+00 1.250183826766539497e+01
8.978978978978972236e+00 1.249984941523945992e+01
9.005005005004997898e+00 1.249785952599316552e+01
9.031031031031025336e+00 1.249586859504058189e+01
9.057057057057050997e+00 1.249387661746680855e+01
9.083083083083078435e+00 1.249188358832776657e+01
9.109109109109105873e+00 1.248988950264997833e+01
9.135135135135131534e+00 1.248789435543036141e+01
9.161161161161158972e+00 1.248589814163599065e+01
9.187187187187184634e+00 1.248390085620390622e+01
9.213213213213212072e+00 1.248190249404086671e+01
9.239239239239237733e+00 1.247990305002314138e+01
9.265265265265265171e+00 1.247790251899627911e+01
9.291291291291292609e+00 1.247590089577488115e+01
9.317317317317318270e+00 1.247389817514237720e+01
9.343343343343345708e+00 1.247189435185078388e+01
9.369369369369371370e+00 1.246988942062048622e+01
9.395395395395398808e+00 1.246788337613999076e+01
9.421421421421426246e+00 1.246587621306569815e+01
9.447447447447451907e+00 1.246386792602165627e+01
9.473473473473479345e+00 1.246185850959932928e+01
9.499499499499505006e+00 1.245984795835734538e+01
9.525525525525532444e+00 1.245783626682126055e+01
9.551551551551559882e+00 1.245582342948330812e+01
9.577577577577585544e+00 1.245380944080215002e+01
9.603603603603612981e+00 1.245179429520262815e+01
9.629629629629638643e+00 1.244977798707550676e+01
9.655655655655666081e+00 1.244776051077723089e+01
9.681681681681693519e+00 1.244574186062965282e+01
9.707707707707719180e+00 1.244372203091978335e+01
9.733733733733746618e+00 1.244170101589953070e+01
9.759759759759772280e+00 1.243967880978542873e+01
9.785785785785799717e+00 1.243765540675838821e+01
9.811811811811827155e+00 1.243563080096341089e+01
9.837837837837852817e+00 1.243360498650932833e+01
9.863863863863880255e+00 1.243157795746853544e+01
9.889889889889905916e+00 1.242954970787670455e+01
9.915915915915933354e+00 1.242752023173251885e+01
9.941941941941960792e+00 1.242548952299738474e+01
9.967967967967986453e+00 1.242345757559516350e+01
9.993993993994013891e+00 1.242142438341186939e+01
1.002002002002003955e+01 1.241938994029540488e+01
1.004604604604606699e+01 1.241735424005525701e+01
1.007207207207209443e+01 1.241531727646220951e+01
1.009809809809812009e+01 1.241327904324806042e+01
1.012412412412414753e+01 1.241123953410530945e+01
1.015015015015017319e+01 1.240919874268687906e+01
1.017617617617620063e+01 1.240715666260579653e+01
1.020220220220222807e+01 1.240511328743490616e+01
1.022822822822825373e+01 1.240306861070655131e+01
1.025425425425428116e+01 1.240102262591227955e+01
1.028028028028030683e+01 1.239897532650252288e+01
1.030630630630633426e+01 1.239692670588628332e+01
1.033233233233236170e+01 1.239487675743082917e+01
1.035835835835838736e+01 1.239282547446136284e+01
1.038438438438441480e+01 1.239077285026071529e+01
1.041041041041044046e+01 1.238871887806900673e+01
1.043643643643646790e+01 1.238666355108333228e+01
1.046246246246249534e+01 1.238460686245742615e+01
1.048848848848852100e+01 1.238254880530133661e+01
1.051451451451454844e+01 1.238048937268109029e+01
1.054054054054057410e+01 1.237842855761834926e+01
1.056656656656660154e+01 1.237636635309007538e+01
1.059259259259262720e+01 1.237430275202819097e+01
1.061861861861865464e+01 1.237223774731923243e+01
1.064464464464468207e+01 1.237017133180399320e+01
1.067067067067070774e+01 1.236810349827718625e+01
1.069669669669673517e+01 1.236603423948707992e+01
1.072272272272276084e+01 1.236396354813514620e+01
1.074874874874878827e+01 1.236189141687569659e+01
1.077477477477481571e+01 1.235981783831552683e+01
1.080080080080084137e+01 1.235774280501354205e+01
1.082682682682686881e+01 1.235566630948039268e+01
1.085285285285289447e+01 1.235358834417810137e+01
1.087887887887892191e+01 1.235150890151968994e+01
1.090490490490494935e+01 1.234942797386879754e+01
1.093093093093097501e+01 1.234734555353930574e+01
1.095695695695700245e+01 1.234526163279494604e+01
1.098298298298302811e+01 1.234317620384891789e+01
1.100900900900905555e+01 1.234108925886349617e+01
1.103503503503508298e+01 1.233900078994963856e+01
1.106106106106110865e+01 1.233691078916658768e+01
1.108708708708713608e+01 1.233481924852146605e+01
1.111311311311316175e+01 1.233272615996888355e+01
1.113913913913918918e+01 1.233063151541051816e+01
1.116516516516521662e+01 1.232853530669470921e+01
1.119119119119124228e+01 1.232643752561605233e+01
1.121721721721726972e+01 1.232433816391496784e+01
1.124324324324329538e+01 1.232223721327729038e+01
1.126926926926932282e+01 1.232013466533383905e+01
1.129529529529535026e+01 1.231803051165999641e+01
1.132132132132137592e+01 1.231592474377526791e+01
1.134734734734740336e+01 1.231381735314285564e+01
1.137337337337342902e+01 1.231170833116921592e+01
1.139939939939945646e+01 1.230959766920362064e+01
1.142542542542548389e+01 1.230748535853770242e+01
1.145145145145150956e+01 1.230537139040502126e+01
1.147747747747753699e+01 1.230325575598059551e+01
1.150350350350356265e+01 1.230113844638045961e+01
1.152952952952959009e+01 1.229901945266118801e+01
1.155555555555561753e+01 1.229689876581944930e+01
1.158158158158164319e+01 1.229477637679152124e+01
1.160760760760767063e+01 1.229265227645283076e+01
1.163363363363369629e+01 1.229052645561747426e+01
1.165965965965972373e+01 1.228839890503773624e+01
1.168568568568575117e+01 1.228626961540360973e+01
1.171171171171177683e+01 1.228413857734230596e+01
1.173773773773780427e+01 1.228200578141776234e+01
1.176376376376382993e+01 1.227987121813015392e+01
1.178978978978985737e+01 1.227773487791538365e+01
1.181581581581588480e+01 1.227559675114458670e+01
1.184184184184191047e+01 1.227345682812362249e+01
1.186786786786793790e+01 1.227131509909255414e+01
1.189389389389396356e+01 1.226917155422514583e+01
1.191991991991999100e+01 1.226702618362833519e+01
1.194594594594601666e+01 1.226487897734170573e+01
1.197197197197204410e+01 1.226272992533696993e+01
1.199799799799807154e+01 1.226057901751742030e+01
1.202402402402409720e+01 1.225842624371740541e+01
1.205005005005012464e+01 1.225627159370178632e+01
1.207607607607615030e+01 1.225411505716538052e+01
1.210210210210217774e+01 1.225195662373242556e+01
1.212812812812820518e+01 1.224979628295601763e+01
1.215415415415423084e+01 1.224763402431754500e+01
1.218018018018025828e+01 1.224546983722613902e+01
1.220620620620628394e+01 1.224330371101809334e+01
1.223223223223231138e+01 1.224113563495629897e+01
1.225825825825833881e+01 1.223896559822965990e+01
1.228428428428436447e+01 1.223679358995251398e+01
1.231031031031039191e+01 1.223461959916404851e+01
1.233633633633641757e+01 1.223244361482770337e+01
1.236236236236244501e+01 1.223026562583057597e+01
1.238838838838847245e+01 1.222808562098282081e+01
1.241441441441449811e+01 1.222590358901704732e+01
1.244044044044052555e+01 1.222371951858769989e+01
1.246646646646655121e+01 1.222153339827044682e+01
1.249249249249257865e+01 1.221934521656156036e+01
1.251851851851860609e+01 1.221715496187728789e+01
1.254454454454463175e+01 1.221496262255322307e+01
1.257057057057065919e+01 1.221276818684366994e+01
1.259659659659668485e+01 1.221057164292100161e+01
1.262262262262271229e+01 1.220837297887500839e+01
1.264864864864873972e+01 1.220617218271225646e+01
1.267467467467476538e+01 1.220396924235542357e+01
1.270070070070079282e+01 1.220176414564263823e+01
1.272672672672681848e+01 1.219955688032681529e+01
1.275275275275284592e+01 1.219734743407498279e+01
1.277877877877887336e+01 1.219513579446759977e+01
1.280480480480489902e+01 1.219292194899787773e+01
1.283083083083092646e+01 1.219070588507109143e+01
1.285685685685695212e+01 1.218848759000387894e+01
1.288288288288297956e+01 1.218626705102355245e+01
1.290890890890900700e+01 1.218404425526737889e+01
1.293493493493503266e+01 1.218181918978188527e+01
1.296096096096106010e+01 1.217959184152212693e+01
1.298698698698708576e+01 1.217736219735097158e+01
1.301301301301311319e+01 1.217513024403837818e+01
1.303903903903914063e+01 1.217289596826064546e+01
1.306506506506516629e+01 1.217065935659969433e+01
1.309109109109119373e+01 1.216842039554229871e+01
1.311711711711721939e+01 1.216617907147935718e+01
1.314314314314324683e+01 1.216393537070511677e+01
1.316916916916927427e+01 1.216168927941642330e+01
1.319519519519529993e+01 1.215944078371193982e+01
1.322122122122132737e+01 1.215718986959138093e+01
1.324724724724735303e+01 1.215493652295472593e+01
1.327327327327338047e+01 1.215268072960143364e+01
1.329929929929940613e+01 1.215042247522964658e+01
1.332532532532543357e+01 1.214816174543538629e+01
1.335135135135146101e+01 1.214589852571175932e+01
1.337737737737748667e+01 1.214363280144812940e+01
1.340340340340351410e+01 1.214136455792930569e+01
1.342942942942953977e+01 1.213909378033472208e+01
1.345545545545556720e+01 1.213682045373758811e+01
1.348148148148159464e+01 1.213454456310406826e+01
1.350750750750762030e+01 1.213226609329242400e+01
1.353353353353364774e+01 1.212998502905216824e+01
1.355955955955967340e+01 1.212770135502320201e+01
1.358558558558570084e+01 1.212541505573494938e+01
1.361161161161172828e+01 1.212312611560549058e+01
1.363763763763775394e+01 1.212083451894067032e+01
1.366366366366378138e+01 1.211854024993322732e+01
1.368968968968980704e+01 1.211624329266188482e+01
1.371571571571583448e+01 1.211394363109046068e+01
1.374174174174186192e+01 1.211164124906695960e+01
1.376776776776788758e+01 1.210933613032264589e+01
1.379379379379391501e+01 1.210702825847114283e+01
1.381981981981994068e+01 1.210471761700748594e+01
1.384584584584596811e+01 1.210240418930719031e+01
1.387187187187199555e+01 1.210008795862531095e+01
1.389789789789802121e+01 1.209776890809548888e+01
1.392392392392404865e+01 1.209544702072899192e+01
1.394994994995007431e+01 1.209312227941374651e+01
1.397597597597610175e+01 1.209079466691336791e+01
1.400200200200212919e+01 1.208846416586617600e+01
1.402802802802815485e+01 1.208613075878420240e+01
1.405405405405418229e+01 1.208379442805219739e+01
1.408008008008020795e+01 1.208145515592662100e+01
1.410610610610623539e+01 1.207911292453463759e+01
1.413213213213226283e+01 1.207676771587308195e+01
1.415815815815828849e+01 1.207441951180743800e+01
1.418418418418431592e+01 1.207206829407079773e+01
1.421021021021034159e+01 1.206971404426281858e+01
1.423623623623636902e+01 1.206735674384866464e+01
1.426226226226239646e+01 1.206499637415794624e+01
1.428828828828842212e+01 1.206263291638364699e+01
1.431431431431444956e+01 1.206026635158104376e+01
1.434034034034047522e+01 1.205789666066662136e+01
1.436636636636650266e+01 1.205552382441697112e+01
1.439239239239253010e+01 1.205314782346768254e+01
1.441841841841855576e+01 1.205076863831223655e+01
1.444444444444458320e+01 1.204838624930087043e+01
1.447047047047060886e+01 1.204600063663945164e+01
1.449649649649663630e+01 1.204361178038833380e+01
1.452252252252266373e+01 1.204121966046120029e+01
1.454854854854868940e+01 1.203882425662390965e+01
1.457457457457471683e+01 1.203642554849331958e+01
1.460060060060074250e+01 1.203402351553610572e+01
1.462662662662676993e+01 1.203161813706757499e+01
1.465265265265279560e+01 1.202920939225046482e+01
1.467867867867882303e+01 1.202679726009372629e+01
1.470470470470485047e+01 1.202438171945131806e+01
1.473073073073087613e+01 1.202196274902095574e+01
1.475675675675690357e+01 1.201954032734289335e+01
1.478278278278292923e+01 1.201711443279865321e+01
1.480880880880895667e+01 1.201468504360977541e+01
1.483483483483498411e+01 1.201225213783653878e+01
1.486086086086100977e+01 1.200981569337668731e+01
1.488688688688703721e+01 1.200737568796412447e+01
1.491291291291306287e+01 1.200493209916761472e+01
1.493893893893909031e+01 1.200248490438946192e+01
1.496496496496511774e+01 1.200003408086418943e+01
1.499099099099114341e+01 1.199757960565719195e+01
1.501701701701717084e+01 1.199512145566339250e+01
1.504304304304319650e+01 1.199265960760587113e+01
1.506906906906922394e+01 1.199019403803449535e+01
1.509509509509525138e+01 1.198772472332453454e+01
1.512112112112127704e+01 1.198525163967525486e+01
1.514714714714730448e+01 1.198277476310851242e+01
1.517317317317333014e+01 1.198029406946732145e+01
1.519919919919935758e+01 1.197780953441442620e+01
1.522522522522538502e+01 1.197532113343084603e+01
1.525125125125141068e+01 1.197282884181440821e+01
1.527727727727743812e+01 1.197033263467827346e+01
1.530330330330346378e+01 1.196783248694945101e+01
1.532932932932949122e+01 1.196532837336727795e+01
1.535535535535551865e+01 1.196282026848191826e+01
1.538138138138154432e+01 1.196030814665281738e+01
1.540740740740757175e+01 1.195779198204715854e+01
1.543343343343359741e+01 1.195527174863829778e+01
1.545945945945962485e+01 1.195274742020419012e+01
1.548548548548565229e+01 1.195021897032579439e+01
1.551151151151167795e+01 1.194768637238546205e+01
1.553753753753770539e+01 1.194514959956531719e+01
1.556356356356373105e+01 1.194260862484561514e+01
1.558958958958975849e+01 1.194006342100307982e+01
1.561561561561578593e+01 1.193751396060923931e+01
1.564164164164181159e+01 1.193496021602872759e+01
1.566766766766783903e+01 1.193240215941758287e+01
1.569369369369386469e+01 1.192983976272151736e+01
1.571971971971989213e+01 1.192727299767417470e+01
1.574574574574591956e+01 1.192470183579537313e+01
1.577177177177194523e+01 1.192212624838931845e+01
1.579779779779797266e+01 1.191954620654280994e+01
1.582382382382399832e+01 1.191696168112342313e+01
1.584984984985002576e+01 1.191437264277766239e+01
1.587587587587605320e+01 1.191177906192911706e+01
1.590190190190207886e+01 1.190918090877657143e+01
1.592792792792810630e+01 1.190657815329211111e+01
1.595395395395413196e+01 1.190397076521920106e+01
1.597997997998015940e+01 1.190135871407074220e+01
1.600600600600618506e+01 1.189874196912710858e+01
1.603203203203221250e+01 1.189612049943415961e+01
1.605805805805823994e+01 1.189349427380122926e+01
1.608408408408426737e+01 1.189086326079909561e+01
1.611011011011029126e+01 1.188822742875791860e+01
1.613613613613631870e+01 1.188558674576515983e+01
1.616216216216234614e+01 1.188294117966347585e+01
1.618818818818837357e+01 1.188029069804858473e+01
1.621421421421440101e+01 1.187763526826710780e+01
1.624024024024042490e+01 1.187497485741438119e+01
1.626626626626645233e+01 1.187230943233224600e+01
1.629229229229247977e+01 1.186963895960680304e+01
1.631831831831850721e+01 1.186696340556615326e+01
1.634434434434453465e+01 1.186428273627808139e+01
1.637037037037055853e+01 1.186159691754774315e+01
1.639639639639658597e+01 1.185890591491530266e+01
1.642242242242261341e+01 1.185620969365353439e+01
1.644844844844864085e+01 1.185350821876541083e+01
1.647447447447466828e+01 1.185080145498164228e+01
1.650050050050069217e+01 1.184808936675818636e+01
1.652652652652671961e+01 1.184537191827373626e+01
1.655255255255274704e+01 1.184264907342714856e+01
1.657857857857877448e+01 1.183992079583486223e+01
1.660460460460480192e+01 1.183718704882826245e+01
1.663063063063082581e+01 1.183444779545101611e+01
1.665665665665685324e+01 1.183170299845636642e+01
1.668268268268288068e+01 1.182895262030438310e+01
1.670870870870890812e+01 1.182619662315918774e+01
1.673473473473493556e+01 1.182343496888611689e+01
1.676076076076095944e+01 1.182066761904886043e+01
1.678678678678698688e+01 1.181789453490655006e+01
1.681281281281301432e+01 1.181511567741079816e+01
1.683883883883904176e+01 1.181233100720270457e+01
1.686486486486506919e+01 1.180954048460980488e+01
1.689089089089109308e+01 1.180674406964297596e+01
1.691691691691712052e+01 1.180394172199329716e+01
1.694294294294314795e+01 1.180113340102885111e+01
1.696896896896917539e+01 1.179831906579148360e+01
1.699499499499520283e+01 1.179549867499350668e+01
1.702102102102122672e+01 1.179267218701435560e+01
1.704704704704725415e+01 1.178983955989716748e+01
1.707307307307328159e+01 1.178700075134534053e+01
1.709909909909930903e+01 1.178415571871900269e+01
1.712512512512533647e+01 1.178130441903144110e+01
1.715115115115136035e+01 1.177844680894545704e+01
1.717717717717738779e+01 1.177558284476967998e+01
1.720320320320341523e+01 1.177271248245479107e+01
1.722922922922944267e+01 1.176983567758970217e+01
1.725525525525547010e+01 1.176695238539766031e+01
1.728128128128149399e+01 1.176406256073228818e+01
1.730730730730752143e+01 1.176116615807354293e+01
1.733333333333354886e+01 1.175826313152361990e+01
1.735935935935957630e+01 1.175535343480277817e+01
1.738538538538560374e+01 1.175243702124507195e+01
1.741141141141162763e+01 1.174951384379404118e+01
1.743743743743765506e+01 1.174658385499828661e+01
1.746346346346368250e+01 1.174364700700698450e+01
1.748948948948970994e+01 1.174070325156532135e+01
1.751551551551573738e+01 1.173775254000982393e+01
1.754154154154176126e+01 1.173479482326362344e+01
1.756756756756778870e+01 1.173183005183161320e+01
1.759359359359381614e+01 1.172885817579552992e+01
1.761961961961984358e+01 1.172587914480893545e+01
1.764564564564587101e+01 1.172289290809209028e+01
1.767167167167189490e+01 1.171989941442674876e+01
1.769769769769792234e+01 1.171689861215084605e+01
1.772372372372394977e+01 1.171389044915306776e+01
1.774974974974997721e+01 1.171087487286733975e+01
1.777577577577600465e+01 1.170785183026718812e+01
1.780180180180202854e+01 1.170482126785999455e+01
1.782782782782805597e+01 1.170178313168113959e+01
1.785385385385408341e+01 1.169873736728803060e+01
1.787987987988011085e+01 1.169568391975400701e+01
1.790590590590613473e+01 1.169262273366211957e+01
1.793193193193216217e+01 1.168955375309879052e+01
1.795795795795818961e+01 1.168647692164734764e+01
1.798398398398421705e+01 1.168339218238141441e+01
1.801001001001024449e+01 1.168029947785817235e+01
1.803603603603626837e+01 1.167719875011149533e+01
1.806206206206229581e+01 1.167408994064491878e+01
1.808808808808832325e+01 1.167097299042448633e+01
1.811411411411435068e+01 1.166784783987143648e+01
1.814014014014037812e+01 1.166471442885473841e+01
1.816616616616640201e+01 1.166157269668347318e+01
1.819219219219242945e+01 1.165842258209905147e+01
1.821821821821845688e+01 1.165526402326727862e+01
1.824424424424448432e+01 1.165209695777023668e+01
1.827027027027051176e+01 1.164892132259800483e+01
1.829629629629653564e+01 1.164573705414020743e+01
1.832232232232256308e+01 1.164254408817736852e+01
1.834834834834859052e+01 1.163934235987209043e+01
1.837437437437461796e+01 1.163613180376005118e+01
1.840040040040064540e+01 1.163291235374079058e+01
1.842642642642666928e+01 1.162968394306831321e+01
1.845245245245269672e+01 1.162644650434148375e+01
1.847847847847872416e+01 1.162319996949421075e+01
1.850450450450475159e+01 1.161994426978542627e+01
1.853053053053077903e+01 1.161667933578883449e+01
1.855655655655680292e+01 1.161340509738245785e+01
1.858258258258283036e+01 1.161012148373793096e+01
1.860860860860885779e+01 1.160682842330958131e+01
1.863463463463488523e+01 1.160352584382325247e+01
1.866066066066091267e+01 1.160021367226489986e+01
1.868668668668693655e+01 1.159689183486892183e+01
1.871271271271296399e+01 1.159356025710624039e+01
1.873873873873899143e+01 1.159021886367211707e+01
1.876476476476501887e+01 1.158686757847369719e+01
1.879079079079104631e+01 1.158350632461728402e+01
1.881681681681707019e+01 1.158013502439531983e+01
1.884284284284309763e+01 1.157675359927309522e+01
1.886886886886912507e+01 1.157336196987514043e+01
1.889489489489515250e+01 1.156996005597132893e+01
1.892092092092117994e+01 1.156654777646266830e+01
1.894694694694720383e+01 1.156312504936676433e+01
1.897297297297323126e+01 1.155969179180297068e+01
1.899899899899925870e+01 1.155624791997719747e+01
1.902502502502528614e+01 1.155279334916638057e+01
1.905105105105131358e+01 1.154932799370260810e+01
1.907707707707733746e+01 1.154585176695686499e+01
1.910310310310336490e+01 1.154236458132245247e+01
1.912912912912939234e+01 1.153886634819798473e+01
1.915515515515541978e+01 1.153535697797003934e+01
1.918118118118144722e+01 1.153183637999539357e+01
1.920720720720747110e+01 1.152830446258285768e+01
1.923323323323349854e+01 1.152476113297470661e+01
1.925925925925952598e+01 1.152120629732768009e+01
1.928528528528555341e+01 1.151763986069354395e+01
1.931131131131158085e+01 1.151406172699922337e+01
1.933733733733760474e+01 1.151047179902646889e+01
1.936336336336363217e+01 1.150686997839105885e+01
1.938938938938965961e+01 1.150325616552152574e+01
1.941541541541568705e+01 1.149963025963739938e+01
1.944144144144171449e+01 1.149599215872693314e+01
1.946746746746773837e+01 1.149234175952434001e+01
1.949349349349376581e+01 1.148867895748647783e+01
1.951951951951979325e+01 1.148500364676901775e+01
1.954554554554582069e+01 1.148131572020204594e+01
1.957157157157184812e+01 1.147761506926510755e+01
1.959759759759787201e+01 1.147390158406166627e+01
1.962362362362389945e+01 1.147017515329296522e+01
1.964964964964992689e+01 1.146643566423129457e+01
1.967567567567595432e+01 1.146268300269261609e+01
1.970170170170198176e+01 1.145891705300855890e+01
1.972772772772800565e+01 1.145513769799775083e+01
1.975375375375403308e+01 1.145134481893648548e+01
1.977977977978006052e+01 1.144753829552869107e+01
1.980580580580608796e+01 1.144371800587519239e+01
1.983183183183211540e+01 1.143988382644225688e+01
1.985785785785813928e+01 1.143603563202937501e+01
1.988388388388416672e+01 1.143217329573630003e+01
1.990990990991019416e+01 1.142829668892928474e+01
1.993593593593622160e+01 1.142440568120652955e+01
1.996196196196224903e+01 1.142050014036279393e+01
1.998798798798827292e+01 1.141657993235316404e+01
2.001401401401430036e+01 1.141264492125595176e+01
2.004004004004032780e+01 1.140869496923470905e+01
2.006606606606635523e+01 1.140472993649931155e+01
2.009209209209238267e+01 1.140074968126610777e+01
2.011811811811840656e+01 1.139675405971711619e+01
2.014414414414443399e+01 1.139274292595820270e+01
2.017017017017046143e+01 1.138871613197627575e+01
2.019619619619648887e+01 1.138467352759539430e+01
2.022222222222251631e+01 1.138061496043184384e+01
2.024824824824854019e+01 1.137654027584806826e+01
2.027427427427456763e+01 1.137244931690550409e+01
2.030030030030059507e+01 1.136834192431621737e+01
2.032632632632662251e+01 1.136421793639336286e+01
2.035235235235264994e+01 1.136007718900040331e+01
2.037837837837867383e+01 1.135591951549906042e+01
2.040440440440470127e+01 1.135174474669597444e+01
2.043043043043072871e+01 1.134755271078800476e+01
2.045645645645675614e+01 1.134334323330617700e+01
2.048248248248278358e+01 1.133911613705819299e+01
2.050850850850880747e+01 1.133487124206949126e+01
2.053453453453483490e+01 1.133060836552281359e+01
2.056056056056086234e+01 1.132632732169620837e+01
2.058658658658688978e+01 1.132202792189946905e+01
2.061261261261291367e+01 1.131770997440892224e+01
2.063863863863894110e+01 1.131337328440052303e+01
2.066466466466496854e+01 1.130901765388123970e+01
2.069069069069099598e+01 1.130464288161863173e+01
2.071671671671702342e+01 1.130024876306858950e+01
2.074274274274304730e+01 1.129583509030119082e+01
2.076876876876907474e+01 1.129140165192458589e+01
2.079479479479510218e+01 1.128694823300687489e+01
2.082082082082112962e+01 1.128247461499592141e+01
2.084684684684715705e+01 1.127798057563700063e+01
2.087287287287318094e+01 1.127346588888826062e+01
2.089889889889920838e+01 1.126893032483390300e+01
2.092492492492523581e+01 1.126437364959500620e+01
2.095095095095126325e+01 1.125979562523794009e+01
2.097697697697729069e+01 1.125519600968026523e+01
2.100300300300331457e+01 1.125057455659406358e+01
2.102902902902934201e+01 1.124593101530660277e+01
2.105505505505536945e+01 1.124126513069824362e+01
2.108108108108139689e+01 1.123657664309752136e+01
2.110710710710742433e+01 1.123186528817327989e+01
2.113313313313344821e+01 1.122713079682378279e+01
2.115915915915947565e+01 1.122237289506269242e+01
2.118518518518550309e+01 1.121759130390181625e+01
2.121121121121153053e+01 1.121278573923050459e+01
2.123723723723755796e+01 1.120795591169159344e+01
2.126326326326358185e+01 1.120310152655377145e+01
2.128928928928960929e+01 1.119822228358024496e+01
2.131531531531563672e+01 1.119331787689359636e+01
2.134134134134166416e+01 1.118838799483665625e+01
2.136736736736769160e+01 1.118343231982930064e+01
2.139339339339371548e+01 1.117845052822101337e+01
2.141941941941974292e+01 1.117344229013903423e+01
2.144544544544577036e+01 1.116840726933198802e+01
2.147147147147179780e+01 1.116334512300879922e+01
2.149749749749782524e+01 1.115825550167272162e+01
2.152352352352384912e+01 1.115313804895033378e+01
2.154954954954987656e+01 1.114799240141527292e+01
2.157557557557590400e+01 1.114281818840656690e+01
2.160160160160193143e+01 1.113761503184131918e+01
2.162762762762795887e+01 1.113238254602157085e+01
2.165365365365398276e+01 1.112712033743509465e+01
2.167967967968001020e+01 1.112182800454991671e+01
2.170570570570603763e+01 1.111650513760232073e+01
2.173173173173206507e+01 1.111115131837807368e+01
2.175775775775809251e+01 1.110576611998664376e+01
2.178378378378411639e+01 1.110034910662809438e+01
2.180980980981014383e+01 1.109489983335243934e+01
2.183583583583617127e+01 1.108941784581107548e+01
2.186186186186219871e+01 1.108390268000007417e+01
2.188788788788822615e+01 1.107835386199494287e+01
2.191391391391425003e+01 1.107277090767653327e+01
2.193993993994027747e+01 1.106715332244777983e+01
2.196596596596630491e+01 1.106150060094084076e+01
2.199199199199233234e+01 1.105581222671429131e+01
2.201801801801835978e+01 1.105008767193995034e+01
2.204404404404438367e+01 1.104432639707891894e+01
2.207007007007041111e+01 1.103852785054637131e+01
2.209609609609643854e+01 1.103269146836466064e+01
2.212212212212246598e+01 1.102681667380420016e+01
2.214814814814849342e+01 1.102090287701165749e+01
2.217417417417451730e+01 1.101494947462488661e+01
2.220020020020054474e+01 1.100895584937403626e+01
2.222622622622657218e+01 1.100292136966825041e+01
2.225225225225259962e+01 1.099684538916733523e+01
2.227827827827862706e+01 1.099072724633770015e+01
2.230430430430465094e+01 1.098456626399195279e+01
2.233033033033067838e+01 1.097836174881133431e+01
2.235635635635670582e+01 1.097211299085031477e+01
2.238238238238273325e+01 1.096581926302247290e+01
2.240840840840876069e+01 1.095947982056687309e+01
2.243443443443478458e+01 1.095309390049400200e+01
2.246046046046081202e+01 1.094666072101036569e+01
2.248648648648683945e+01 1.094017948092072423e+01
2.251251251251286689e+01 1.093364935900694768e+01
2.253853853853889433e+01 1.092706951338238319e+01
2.256456456456491821e+01 1.092043908082057335e+01
2.259059059059094565e+01 1.091375717605711593e+01
2.261661661661697309e+01 1.090702289106335066e+01
2.264264264264300053e+01 1.090023529429053184e+01
2.266866866866902797e+01 1.089339342988304971e+01
2.269469469469505185e+01 1.088649631685914265e+01
2.272072072072107929e+01 1.087954294825753898e+01
2.274674674674710673e+01 1.087253229024829793e+01
2.277277277277313416e+01 1.086546328120605054e+01
2.279879879879916160e+01 1.085833483074373618e+01
2.282482482482518549e+01 1.085114581870483441e+01
2.285085085085121293e+01 1.084389509411190744e+01
2.287687687687724036e+01 1.083658147406923611e+01
2.290290290290326780e+01 1.082920374261711416e+01
2.292892892892929524e+01 1.082176064953523920e+01
2.295495495495531912e+01 1.081425090909253228e+01
2.298098098098134656e+01 1.080667319874046228e+01
2.300700700700737400e+01 1.079902615774683916e+01
2.303303303303340144e+01 1.079130838576683615e+01
2.305905905905942888e+01 1.078351844134775916e+01
2.308508508508545276e+01 1.077565484036389165e+01
2.311111111111148020e+01 1.076771605437753188e+01
2.313713713713750764e+01 1.075970050892197172e+01
2.316316316316353507e+01 1.075160658170206673e+01
2.318918918918956251e+01 1.074343260070758177e+01
2.321521521521558640e+01 1.073517684223426905e+01
2.324124124124161384e+01 1.072683752880730701e+01
2.326726726726764127e+01 1.071841282700128950e+01
2.329329329329366871e+01 1.070990084515060836e+01
2.331931931931969260e+01 1.070129963094367120e+01
2.334534534534572003e+01 1.069260716889380980e+01
2.337137137137174747e+01 1.068382137767942375e+01
2.339739739739777491e+01 1.067494010734519172e+01
2.342342342342380235e+01 1.066596113635568344e+01
2.344944944944982623e+01 1.065688216849209446e+01
2.347547547547585367e+01 1.064770082958204434e+01
2.350150150150188111e+01 1.063841466405176384e+01
2.352752752752790855e+01 1.062902113128909320e+01
2.355355355355393598e+01 1.061951760180487803e+01
2.357957957957995987e+01 1.060990135317940286e+01
2.360560560560598731e+01 1.060016956577948477e+01
2.363163163163201475e+01 1.059031931823065875e+01
2.365765765765804218e+01 1.058034758262778929e+01
2.368368368368406962e+01 1.057025121946596258e+01
2.370970970971009351e+01 1.056002697227215847e+01
2.373573573573612094e+01 1.054967146191663296e+01
2.376176176176214838e+01 1.053918118058107289e+01
2.378778778778817582e+01 1.052855248535886368e+01
2.381381381381420326e+01 1.051778159146058300e+01
2.383983983984022714e+01 1.050686456499566113e+01
2.386586586586625458e+01 1.049579731529858506e+01
2.389189189189228202e+01 1.048457558676531143e+01
2.391791791791830946e+01 1.047319495016251878e+01
2.394394394394433689e+01 1.046165079336902615e+01
2.396996996997036078e+01 1.044993831150508434e+01
2.399599599599638822e+01 1.043805249640106325e+01
2.402202202202241565e+01 1.042598812535285724e+01
2.404804804804844309e+01 1.041373974910616163e+01
2.407407407407447053e+01 1.040130167900648672e+01
2.410010010010049442e+01 1.038866797324569013e+01
2.412612612612652185e+01 1.037583242212909873e+01
2.415215215215254929e+01 1.036278853227990027e+01
2.417817817817857673e+01 1.034952950968920149e+01
2.420420420420460417e+01 1.033604824151091606e+01
2.423023023023062805e+01 1.032233727649044752e+01
2.425625625625665549e+01 1.030838880390460410e+01
2.428228228228268293e+01 1.029419463087740638e+01
2.430830830830871037e+01 1.027974615792212809e+01
2.433433433433473780e+01 1.026503435254372931e+01
2.436036036036076169e+01 1.025004972071784515e+01
2.438638638638678913e+01 1.023478227604216606e+01
2.441241241241281656e+01 1.021922150633306714e+01
2.443843843843884400e+01 1.020335633741454906e+01
2.446446446446487144e+01 1.018717509381731290e+01
2.449049049049089533e+01 1.017066545607264594e+01
2.451651651651692276e+01 1.015381441424832687e+01
2.454254254254295020e+01 1.013660821733094153e+01
2.456856856856897764e+01 1.011903231801050396e+01
2.459459459459500508e+01 1.010107131236774514e+01
2.462062062062102896e+01 1.008270887390102111e+01
2.464664664664705640e+01 1.006392768125709836e+01
2.467267267267308384e+01 1.004470933894673301e+01
2.469869869869911128e+01 1.002503429022981862e+01
2.472472472472513871e+01 1.000488172124432218e+01
nan nan
nan nan
nan nan
nan nan
nan nan
nan nan
nan nan
nan nan
nan nan
nan nan
nan nan
nan nan
nan nan
nan nan
nan nan
nan nan
nan nan
nan nan
nan nan
nan nan
nan nan
nan nan
nan nan
nan nan
nan nan
nan nan
nan nan
nan nan
nan nan
nan nan
nan nan
nan nan
nan nan
nan nan
nan nan
nan nan
nan nan
nan nan
nan nan
nan nan
nan nan
nan nan
nan nan
nan nan
nan nan
nan nan
nan nan
nan nan
nan nan
