0.000000000000000000e+00 1.323300494515798320e+01
1.530942707413295543e-02 1.320579017678136324e+01
3.061885414826591087e-02 1.320401297011413355e+01
4.592828122239886457e-02 1.320223562872215872e+01
6.123770829653182174e-02 1.320045815187322269e+01
7.654713537066477891e-02 1.319868053883303283e+01
9.185656244479772914e-02 1.319690278886521639e+01
1.071659895189306932e-01 1.319512490123129567e+01
1.224754165930636435e-01 1.319334687519068439e+01
1.377848436671965937e-01 1.319156871000067888e+01
1.530942707413295578e-01 1.318979040491644916e+01
1.684036978154625219e-01 1.318801195919102121e+01
1.837131248895954583e-01 1.318623337207526980e+01
1.990225519637284224e-01 1.318445464281791146e+01
2.143319790378613865e-01 1.318267577066549023e+01
2.296414061119943228e-01 1.318089675486235990e+01
2.449508331861272870e-01 1.317911759465068933e+01
2.602602602602602233e-01 1.317733828927043760e+01
2.755696873343931874e-01 1.317555883795934513e+01
2.908791144085261515e-01 1.317377923995293010e+01
3.061885414826591156e-01 1.317199949448446716e+01
3.214979685567920797e-01 1.317021960078498211e+01
3.368073956309250439e-01 1.316843955808324118e+01
3.521168227050579524e-01 1.316665936560573336e+01
3.674262497791909166e-01 1.316487902257667031e+01
3.827356768533238252e-01 1.316309852821795801e+01
3.980451039274568448e-01 1.316131788174920203e+01
4.133545310015898089e-01 1.315953708238768449e+01
4.286639580757227730e-01 1.315775612934836047e+01
4.439733851498556816e-01 1.315597502184383494e+01
4.592828122239886457e-01 1.315419375908436272e+01
4.745922392981216653e-01 1.315241234027783079e+01
4.899016663722545739e-01 1.315063076462974578e+01
5.052110934463874825e-01 1.314884903134322336e+01
5.205205205205204466e-01 1.314706713961897577e+01
5.358299475946534107e-01 1.314528508865529588e+01
5.511393746687863748e-01 1.314350287764805181e+01
5.664488017429193389e-01 1.314172050579066919e+01
5.817582288170523031e-01 1.313993797227411875e+01
5.970676558911852672e-01 1.313815527628690738e+01
6.123770829653182313e-01 1.313637241701506042e+01
6.276865100394511954e-01 1.313458939364211275e+01
6.429959371135841595e-01 1.313280620534909282e+01
6.583053641877171236e-01 1.313102285131451374e+01
6.736147912618500877e-01 1.312923933071435556e+01
6.889242183359829408e-01 1.312745564272205634e+01
7.042336454101159049e-01 1.312567178650849264e+01
7.195430724842488690e-01 1.312388776124197776e+01
7.348524995583818331e-01 1.312210356608823147e+01
7.501619266325147972e-01 1.312031920021038722e+01
7.654713537066476503e-01 1.311853466276895652e+01
7.807807807807808365e-01 1.311674995292183254e+01
7.960902078549136895e-01 1.311496506982427057e+01
8.113996349290466537e-01 1.311318001262886845e+01
8.267090620031796178e-01 1.311139478048556306e+01
8.420184890773125819e-01 1.310960937254160896e+01
8.573279161514455460e-01 1.310782378794156600e+01
8.726373432255783991e-01 1.310603802582728150e+01
8.879467702997113632e-01 1.310425208533789210e+01
9.032561973738443273e-01 1.310246596560978283e+01
9.185656244479772914e-01 1.310067966577659604e+01
9.338750515221102555e-01 1.309889318496920474e+01
9.491844785962433306e-01 1.309710652231570194e+01
9.644939056703761837e-01 1.309531967694138288e+01
9.798033327445091478e-01 1.309353264796873617e+01
9.951127598186421119e-01 1.309174543451742068e+01
1.010422186892774965e+00 1.308995803570425842e+01
1.025731613966907929e+00 1.308817045064321150e+01
1.041041041041040893e+00 1.308638267844537495e+01
1.056350468115173857e+00 1.308459471821895548e+01
1.071659895189306821e+00 1.308280656906925898e+01
1.086969322263439786e+00 1.308101823009867282e+01
1.102278749337572750e+00 1.307922970040665156e+01
1.117588176411705714e+00 1.307744097908970460e+01
1.132897603485838678e+00 1.307565206524136769e+01
1.148207030559971642e+00 1.307386295795220832e+01
1.163516457634104606e+00 1.307207365630978835e+01
1.178825884708237570e+00 1.307028415939866051e+01
1.194135311782370534e+00 1.306849446630034706e+01
1.209444738856503498e+00 1.306670457609332381e+01
1.224754165930636463e+00 1.306491448785300769e+01
1.240063593004769427e+00 1.306312420065173541e+01
1.255373020078902391e+00 1.306133371355874750e+01
1.270682447153035355e+00 1.305954302564017411e+01
1.285991874227168319e+00 1.305775213595901363e+01
1.301301301301301283e+00 1.305596104357512388e+01
1.316610728375434247e+00 1.305416974754519011e+01
1.331920155449567211e+00 1.305237824692272675e+01
1.347229582523700175e+00 1.305058654075804370e+01
1.362539009597833140e+00 1.304879462809824098e+01
1.377848436671965882e+00 1.304700250798717676e+01
1.393157863746098846e+00 1.304521017946546735e+01
1.408467290820231810e+00 1.304341764157045347e+01
1.423776717894364774e+00 1.304162489333619490e+01
1.439086144968497738e+00 1.303983193379344385e+01
1.454395572042630702e+00 1.303803876196962541e+01
1.469704999116763666e+00 1.303624537688883045e+01
1.485014426190896630e+00 1.303445177757178541e+01
1.500323853265029594e+00 1.303265796303583812e+01
1.515633280339162337e+00 1.303086393229494178e+01
1.530942707413295301e+00 1.302906968435963009e+01
1.546252134487428709e+00 1.302727521823700485e+01
1.561561561561561673e+00 1.302548053293070929e+01
1.576870988635694415e+00 1.302368562744091562e+01
1.592180415709827379e+00 1.302189050076430377e+01
1.607489842783960343e+00 1.302009515189404176e+01
1.622799269858093307e+00 1.301829957981976271e+01
1.638108696932226271e+00 1.301650378352754700e+01
1.653418124006359236e+00 1.301470776199990809e+01
1.668727551080492200e+00 1.301291151421576586e+01
1.684036978154625164e+00 1.301111503915042356e+01
1.699346405228758128e+00 1.300931833577555530e+01
1.714655832302891092e+00 1.300752140305918481e+01
1.729965259377023834e+00 1.300572423996565696e+01
1.745274686451156798e+00 1.300392684545562716e+01
1.760584113525290206e+00 1.300212921848603287e+01
1.775893540599422726e+00 1.300033135801007589e+01
1.791202967673555690e+00 1.299853326297719924e+01
1.806512394747688655e+00 1.299673493233306942e+01
1.821821821821821619e+00 1.299493636501955152e+01
1.837131248895954583e+00 1.299313755997468789e+01
1.852440675970087547e+00 1.299133851613267865e+01
1.867750103044220511e+00 1.298953923242385677e+01
1.883059530118353253e+00 1.298773970777467035e+01
1.898368957192486661e+00 1.298593994110765060e+01
1.913678384266619625e+00 1.298413993134140654e+01
1.928987811340752367e+00 1.298233967739058237e+01
1.944297238414885332e+00 1.298053917816584857e+01
1.959606665489018296e+00 1.297873843257387527e+01
1.974916092563151260e+00 1.297693743951731093e+01
1.990225519637284224e+00 1.297513619789475214e+01
2.005534946711417188e+00 1.297333470660072763e+01
2.020844373785549930e+00 1.297153296452567339e+01
2.036153800859683116e+00 1.296973097055590785e+01
2.051463227933815858e+00 1.296792872357360693e+01
2.066772655007949044e+00 1.296612622245677748e+01
2.082082082082081786e+00 1.296432346607924480e+01
2.097391509156214973e+00 1.296252045331061176e+01
2.112700936230347715e+00 1.296071718301624998e+01
2.128010363304480901e+00 1.295891365405726425e+01
2.143319790378613643e+00 1.295710986529046771e+01
2.158629217452746829e+00 1.295530581556836758e+01
2.173938644526879571e+00 1.295350150373912435e+01
2.189248071601012757e+00 1.295169692864654110e+01
2.204557498675145499e+00 1.294989208913002798e+01
2.219866925749278685e+00 1.294808698402457914e+01
2.235176352823411428e+00 1.294628161216074957e+01
2.250485779897544614e+00 1.294447597236462144e+01
2.265795206971677356e+00 1.294267006345779158e+01
2.281104634045810542e+00 1.294086388425732714e+01
2.296414061119943284e+00 1.293905743357575311e+01
2.311723488194076470e+00 1.293725071022101680e+01
2.327032915268209212e+00 1.293544371299646834e+01
2.342342342342342398e+00 1.293363644070082330e+01
2.357651769416475140e+00 1.293182889212814501e+01
2.372961196490607882e+00 1.293002106606781076e+01
2.388270623564741069e+00 1.292821296130448694e+01
2.403580050638873811e+00 1.292640457661809705e+01
2.418889477713006997e+00 1.292459591078379866e+01
2.434198904787139739e+00 1.292278696257195136e+01
2.449508331861272925e+00 1.292097773074808664e+01
2.464817758935405667e+00 1.291916821407288296e+01
2.480127186009538853e+00 1.291735841130213380e+01
2.495436613083671595e+00 1.291554832118672103e+01
2.510746040157804782e+00 1.291373794247257933e+01
2.526055467231937524e+00 1.291192727390067319e+01
2.541364894306070710e+00 1.291011631420696304e+01
2.556674321380203452e+00 1.290830506212237694e+01
2.571983748454336638e+00 1.290649351637277320e+01
2.587293175528469380e+00 1.290468167567892621e+01
2.602602602602602566e+00 1.290286953875647136e+01
2.617912029676735308e+00 1.290105710431589969e+01
2.633221456750868494e+00 1.289924437106250465e+01
2.648530883825001236e+00 1.289743133769636430e+01
2.663840310899134423e+00 1.289561800291230220e+01
2.679149737973267165e+00 1.289380436539986086e+01
2.694459165047400351e+00 1.289199042384326255e+01
2.709768592121533093e+00 1.289017617692138273e+01
2.725078019195666279e+00 1.288836162330771629e+01
2.740387446269799021e+00 1.288654676167033841e+01
2.755696873343931763e+00 1.288473159067187979e+01
2.771006300418064949e+00 1.288291610896948747e+01
2.786315727492197691e+00 1.288110031521479293e+01
2.801625154566330878e+00 1.287928420805387830e+01
2.816934581640463620e+00 1.287746778612723908e+01
2.832244008714596806e+00 1.287565104806975214e+01
2.847553435788729548e+00 1.287383399251064375e+01
2.862862862862862734e+00 1.287201661807344522e+01
2.878172289936995476e+00 1.287019892337596971e+01
2.893481717011128218e+00 1.286838090703026438e+01
2.908791144085261404e+00 1.286656256764258188e+01
2.924100571159394146e+00 1.286474390381334665e+01
2.939409998233527332e+00 1.286292491413710692e+01
2.954719425307660963e+00 1.286110559720250812e+01
2.970028852381793261e+00 1.285928595159225551e+01
2.985338279455926447e+00 1.285746597588306805e+01
3.000647706530059189e+00 1.285564566864565350e+01
3.015957133604192375e+00 1.285382502844465868e+01
3.031266560678324673e+00 1.285200405383863753e+01
3.046575987752458303e+00 1.285018274338001376e+01
3.061885414826590601e+00 1.284836109561503470e+01
3.077194841900724231e+00 1.284653910908373931e+01
3.092504268974857418e+00 1.284471678231992087e+01
3.107813696048990160e+00 1.284289411385107549e+01
3.123123123123123346e+00 1.284107110219837367e+01
3.138432550197255644e+00 1.283924774587661410e+01
3.153741977271388830e+00 1.283742404339418819e+01
3.169051404345521572e+00 1.283559999325302847e+01
3.184360831419654758e+00 1.283377559394858025e+01
3.199670258493787056e+00 1.283195084396975361e+01
3.214979685567920686e+00 1.283012574179887899e+01
3.230289112642053873e+00 1.282830028591166815e+01
3.245598539716186615e+00 1.282647447477717506e+01
3.260907966790319801e+00 1.282464830685774437e+01
3.276217393864452543e+00 1.282282178060897593e+01
3.291526820938585285e+00 1.282099489447967855e+01
3.306836248012718471e+00 1.281916764691182209e+01
3.322145675086851213e+00 1.281734003634050012e+01
3.337455102160984399e+00 1.281551206119388020e+01
3.352764529235117141e+00 1.281368371989316124e+01
3.368073956309250327e+00 1.281185501085252909e+01
3.383383383383383070e+00 1.281002593247910326e+01
3.398692810457516256e+00 1.280819648317290316e+01
3.414002237531648998e+00 1.280636666132679480e+01
3.429311664605782184e+00 1.280453646532643752e+01
3.444621091679914926e+00 1.280270589355025379e+01
3.459930518754047668e+00 1.280087494436936169e+01
3.475239945828180854e+00 1.279904361614754471e+01
3.490549372902313596e+00 1.279721190724118962e+01
3.505858799976446782e+00 1.279537981599924912e+01
3.521168227050580413e+00 1.279354734076318323e+01
3.536477654124712711e+00 1.279171447986691490e+01
3.551787081198845453e+00 1.278988123163678026e+01
3.567096508272978639e+00 1.278804759439147354e+01
3.582405935347111381e+00 1.278621356644200446e+01
3.597715362421244123e+00 1.278437914609163961e+01
3.613024789495377309e+00 1.278254433163585801e+01
3.628334216569510051e+00 1.278070912136228721e+01
3.643643643643643237e+00 1.277887351355066770e+01
3.658953070717776868e+00 1.277703750647278547e+01
3.674262497791909166e+00 1.277520109839242579e+01
3.689571924866042796e+00 1.277336428756531994e+01
3.704881351940175094e+00 1.277152707223908834e+01
3.720190779014308280e+00 1.276968945065318550e+01
3.735500206088441022e+00 1.276785142103885207e+01
3.750809633162574208e+00 1.276601298161904907e+01
3.766119060236706506e+00 1.276417413060841000e+01
3.781428487310840136e+00 1.276233486621317681e+01
3.796737914384973323e+00 1.276049518663115556e+01
3.812047341459106065e+00 1.275865509005164711e+01
3.827356768533239251e+00 1.275681457465539204e+01
3.842666195607371993e+00 1.275497363861451916e+01
3.857975622681504735e+00 1.275313228009247624e+01
3.873285049755637921e+00 1.275129049724398378e+01
3.888594476829770663e+00 1.274944828821496046e+01
3.903903903903903849e+00 1.274760565114247690e+01
3.919213330978036591e+00 1.274576258415468466e+01
3.934522758052168889e+00 1.274391908537076290e+01
3.949832185126302520e+00 1.274207515290084736e+01
3.965141612200435706e+00 1.274023078484598059e+01
3.980451039274568448e+00 1.273838597929803740e+01
3.995760466348701634e+00 1.273654073433967149e+01
4.011069893422834376e+00 1.273469504804424268e+01
4.026379320496967118e+00 1.273284891847576006e+01
4.041688747571099860e+00 1.273100234368881445e+01
4.056998174645233490e+00 1.272915532172850739e+01
4.072307601719366232e+00 1.272730785063039960e+01
4.087617028793498974e+00 1.272545992842042928e+01
4.102926455867631717e+00 1.272361155311485170e+01
4.118235882941765347e+00 1.272176272272017528e+01
4.133545310015898089e+00 1.271991343523308515e+01
4.148854737090030831e+00 1.271806368864038284e+01
4.164164164164163573e+00 1.271621348091890980e+01
4.179473591238297203e+00 1.271436281003548174e+01
4.194783018312429945e+00 1.271251167394681758e+01
4.210092445386562687e+00 1.271066007059946834e+01
4.225401872460695429e+00 1.270880799792974614e+01
4.240711299534829060e+00 1.270695545386364600e+01
4.256020726608961802e+00 1.270510243631678193e+01
4.271330153683094544e+00 1.270324894319431053e+01
4.286639580757227286e+00 1.270139497239085280e+01
4.301949007831360916e+00 1.269954052179042137e+01
4.317258434905493658e+00 1.269768558926635116e+01
4.332567861979626400e+00 1.269583017268121061e+01
4.347877289053759142e+00 1.269397426988673772e+01
4.363186716127891884e+00 1.269211787872375474e+01
4.378496143202025515e+00 1.269026099702209542e+01
4.393805570276158257e+00 1.268840362260052146e+01
4.409114997350290999e+00 1.268654575326664613e+01
4.424424424424423741e+00 1.268468738681685259e+01
4.439733851498557371e+00 1.268282852103621217e+01
4.455043278572690113e+00 1.268096915369840971e+01
4.470352705646822855e+00 1.267910928256564951e+01
4.485662132720955597e+00 1.267724890538858595e+01
4.500971559795089227e+00 1.267538801990622588e+01
4.516280986869221969e+00 1.267352662384585926e+01
4.531590413943354712e+00 1.267166471492295798e+01
4.546899841017487454e+00 1.266980229084110476e+01
4.562209268091621084e+00 1.266793934929189724e+01
4.577518695165753826e+00 1.266607588795486450e+01
4.592828122239886568e+00 1.266421190449737288e+01
4.608137549314019310e+00 1.266234739657455322e+01
4.623446976388152940e+00 1.266048236182918885e+01
4.638756403462285682e+00 1.265861679789164285e+01
4.654065830536418424e+00 1.265675070237975675e+01
4.669375257610551166e+00 1.265488407289876527e+01
4.684684684684684797e+00 1.265301690704119686e+01
4.699994111758817539e+00 1.265114920238678664e+01
4.715303538832950281e+00 1.264928095650237694e+01
4.730612965907083023e+00 1.264741216694182313e+01
4.745922392981215765e+00 1.264554283124589951e+01
4.761231820055349395e+00 1.264367294694219801e+01
4.776541247129482137e+00 1.264180251154503409e+01
4.791850674203614879e+00 1.263993152255535080e+01
4.807160101277747621e+00 1.263805997746060683e+01
4.822469528351881252e+00 1.263618787373468955e+01
4.837778955426013994e+00 1.263431520883780834e+01
4.853088382500146736e+00 1.263244198021638987e+01
4.868397809574279478e+00 1.263056818530297676e+01
4.883707236648413108e+00 1.262869382151612463e+01
4.899016663722545850e+00 1.262681888626029547e+01
4.914326090796678592e+00 1.262494337692574931e+01
4.929635517870811334e+00 1.262306729088844293e+01
4.944944944944944965e+00 1.262119062550991622e+01
4.960254372019077707e+00 1.261931337813718734e+01
4.975563799093210449e+00 1.261743554610263907e+01
4.990873226167343191e+00 1.261555712672390683e+01
5.006182653241476821e+00 1.261367811730377575e+01
5.021492080315609563e+00 1.261179851513005445e+01
5.036801507389742305e+00 1.260991831747547032e+01
5.052110934463875047e+00 1.260803752159755398e+01
5.067420361538008677e+00 1.260615612473851499e+01
5.082729788612141419e+00 1.260427412412513526e+01
5.098039215686274161e+00 1.260239151696864468e+01
5.113348642760406904e+00 1.260050830046460035e+01
5.128658069834539646e+00 1.259862447179277112e+01
5.143967496908673276e+00 1.259674002811701499e+01
5.159276923982806018e+00 1.259485496658514769e+01
5.174586351056938760e+00 1.259296928432883433e+01
5.189895778131071502e+00 1.259108297846345081e+01
5.205205205205205132e+00 1.258919604608796305e+01
5.220514632279337874e+00 1.258730848428480265e+01
5.235824059353470616e+00 1.258542029011973362e+01
5.251133486427603358e+00 1.258353146064172101e+01
5.266442913501736989e+00 1.258164199288280471e+01
5.281752340575869731e+00 1.257975188385796983e+01
5.297061767650002473e+00 1.257786113056500454e+01
5.312371194724135215e+00 1.257596972998437224e+01
5.327680621798268845e+00 1.257407767907907115e+01
5.342990048872401587e+00 1.257218497479450292e+01
5.358299475946534329e+00 1.257029161405832696e+01
5.373608903020667071e+00 1.256839759378033072e+01
5.388918330094800702e+00 1.256650291085227522e+01
5.404227757168933444e+00 1.256460756214776353e+01
5.419537184243066186e+00 1.256271154452209515e+01
5.434846611317198928e+00 1.256081485481211857e+01
5.450156038391332558e+00 1.255891748983608025e+01
5.465465465465465300e+00 1.255701944639348966e+01
5.480774892539598042e+00 1.255512072126495760e+01
5.496084319613729896e+00 1.255322131121205054e+01
5.511393746687863526e+00 1.255132121297714320e+01
5.526703173761997157e+00 1.254942042328325336e+01
5.542012600836129899e+00 1.254751893883389791e+01
5.557322027910261752e+00 1.254561675631293127e+01
5.572631454984395383e+00 1.254371387238438729e+01
5.587940882058529013e+00 1.254181028369232465e+01
5.603250309132661755e+00 1.253990598686065638e+01
5.618559736206795385e+00 1.253800097849299711e+01
5.633869163280927239e+00 1.253609525517249246e+01
5.649178590355060869e+00 1.253418881346165747e+01
5.664488017429193611e+00 1.253228164990220606e+01
5.679797444503327242e+00 1.253037376101488576e+01
5.695106871577459096e+00 1.252846514329930194e+01
5.710416298651592726e+00 1.252655579323375257e+01
5.725725725725725468e+00 1.252464570727504523e+01
5.741035152799858210e+00 1.252273488185833195e+01
5.756344579873990952e+00 1.252082331339692622e+01
5.771654006948124582e+00 1.251891099828212006e+01
5.786963434022256436e+00 1.251699793288301521e+01
5.802272861096390066e+00 1.251508411354632777e+01
5.817582288170522808e+00 1.251316953659621412e+01
5.832891715244656439e+00 1.251125419833407371e+01
5.848201142318788293e+00 1.250933809503837679e+01
5.863510569392921923e+00 1.250742122296445835e+01
5.878819996467054665e+00 1.250550357834433690e+01
5.894129423541188295e+00 1.250358515738652088e+01
5.909438850615321925e+00 1.250166595627580790e+01
5.924748277689453779e+00 1.249974597117308761e+01
5.940057704763586521e+00 1.249782519821515159e+01
5.955367131837720152e+00 1.249590363351448019e+01
5.970676558911852894e+00 1.249398127315904894e+01
5.985985985985985636e+00 1.249205811321211357e+01
6.001295413060118378e+00 1.249013414971201641e+01
6.016604840134251120e+00 1.248820937867196257e+01
6.031914267208384750e+00 1.248628379607981920e+01
6.047223694282517492e+00 1.248435739789789700e+01
6.062533121356649346e+00 1.248243018006273530e+01
6.077842548430782976e+00 1.248050213848488532e+01
6.093151975504916606e+00 1.247857326904868813e+01
6.108461402579049349e+00 1.247664356761205973e+01
6.123770829653181202e+00 1.247471303000625298e+01
6.139080256727314833e+00 1.247278165203564804e+01
6.154389683801448463e+00 1.247084942947750541e+01
6.169699110875581205e+00 1.246891635808175280e+01
6.185008537949714835e+00 1.246698243357073999e+01
6.200317965023846689e+00 1.246504765163900075e+01
6.215627392097980319e+00 1.246311200795302909e+01
6.230936819172113061e+00 1.246117549815102343e+01
6.246246246246246692e+00 1.245923811784265034e+01
6.261555673320378546e+00 1.245729986260879762e+01
6.276865100394511288e+00 1.245536072800133098e+01
6.292174527468644918e+00 1.245342070954283642e+01
6.307483954542777660e+00 1.245147980272636801e+01
6.322793381616910402e+00 1.244953800301519919e+01
6.338102808691043144e+00 1.244759530584255813e+01
6.353412235765175886e+00 1.244565170661136477e+01
6.368721662839309516e+00 1.244370720069397684e+01
6.384031089913442258e+00 1.244176178343191275e+01
6.399340516987574112e+00 1.243981545013559220e+01
6.414649944061707743e+00 1.243786819608405558e+01
6.429959371135841373e+00 1.243592001652469747e+01
6.445268798209974115e+00 1.243397090667298066e+01
6.460578225284107745e+00 1.243202086171216614e+01
6.475887652358241375e+00 1.243006987679302000e+01
6.491197079432373229e+00 1.242811794703353634e+01
6.506506506506505971e+00 1.242616506751863881e+01
6.521815933580639602e+00 1.242421123329989818e+01
6.537125360654772344e+00 1.242225643939523216e+01
6.552434787728905086e+00 1.242030068078860516e+01
6.567744214803037828e+00 1.241834395242973343e+01
6.583053641877170570e+00 1.241638624923377421e+01
6.598363068951304200e+00 1.241442756608102549e+01
6.613672496025436942e+00 1.241246789781660631e+01
6.628981923099568796e+00 1.241050723925014942e+01
6.644291350173702426e+00 1.240854558515548511e+01
6.659600777247836056e+00 1.240658293027031434e+01
6.674910204321968799e+00 1.240461926929588898e+01
6.690219631396100652e+00 1.240265459689668681e+01
6.705529058470234283e+00 1.240068890770007570e+01
6.720838485544367025e+00 1.239872219629598149e+01
6.736147912618500655e+00 1.239675445723654690e+01
6.751457339692634285e+00 1.239478568503580291e+01
6.766766766766766139e+00 1.239281587416930464e+01
6.782076193840898881e+00 1.239084501907379909e+01
6.797385620915032511e+00 1.238887311414686287e+01
6.812695047989166142e+00 1.238690015374655395e+01
6.828004475063297996e+00 1.238492613219104399e+01
6.843313902137430738e+00 1.238295104375825950e+01
6.858623329211564368e+00 1.238097488268551416e+01
6.873932756285697110e+00 1.237899764316913753e+01
6.889242183359829852e+00 1.237701931936409672e+01
6.904551610433962594e+00 1.237503990538362153e+01
6.919861037508095336e+00 1.237305939529881726e+01
6.935170464582228966e+00 1.237107778313827922e+01
6.950479891656361708e+00 1.236909506288770189e+01
6.965789318730493562e+00 1.236711122848947753e+01
6.981098745804627193e+00 1.236512627384230534e+01
6.996408172878760823e+00 1.236314019280077936e+01
7.011717599952893565e+00 1.236115297917498523e+01
7.027027027027027195e+00 1.235916462673007921e+01
7.042336454101160825e+00 1.235717512918587779e+01
7.057645881175292679e+00 1.235518448021643678e+01
7.072955308249425421e+00 1.235319267344961425e+01
7.088264735323559051e+00 1.235119970246665311e+01
7.103574162397690905e+00 1.234920556080172993e+01
7.118883589471824536e+00 1.234721024194153038e+01
7.134193016545957278e+00 1.234521373932479271e+01
7.149502443620090020e+00 1.234321604634185476e+01
7.164811870694222762e+00 1.234121715633421346e+01
7.180121297768356392e+00 1.233921706259404871e+01
7.195430724842488246e+00 1.233721575836376516e+01
7.210740151916621876e+00 1.233521323683552318e+01
7.226049578990754618e+00 1.233320949115076104e+01
7.241359006064888248e+00 1.233120451439971355e+01
7.256668433139020102e+00 1.232919829962092884e+01
7.271977860213153733e+00 1.232719083980077457e+01
7.287287287287286475e+00 1.232518212787293876e+01
7.302596714361420105e+00 1.232317215671793420e+01
7.317906141435553735e+00 1.232116091916258860e+01
7.333215568509685589e+00 1.231914840797952593e+01
7.348524995583818331e+00 1.231713461588665304e+01
7.363834422657951961e+00 1.231511953554663208e+01
7.379143849732085592e+00 1.231310315956635293e+01
7.394453276806217445e+00 1.231108548049639317e+01
7.409762703880350188e+00 1.230906649083048165e+01
7.425072130954483818e+00 1.230704618300493713e+01
7.440381558028616560e+00 1.230502454939813184e+01
7.455690985102749302e+00 1.230300158232991592e+01
7.471000412176882044e+00 1.230097727406105967e+01
7.486309839251014786e+00 1.229895161679267090e+01
7.501619266325148416e+00 1.229692460266562826e+01
7.516928693399281158e+00 1.229489622375998437e+01
7.532238120473413012e+00 1.229286647209437433e+01
7.547547547547546642e+00 1.229083533962542596e+01
7.562856974621680273e+00 1.228880281824713805e+01
7.578166401695813015e+00 1.228676889979028530e+01
7.593475828769946645e+00 1.228473357602178240e+01
7.608785255844078499e+00 1.228269683864406758e+01
7.624094682918212129e+00 1.228065867929446320e+01
7.639404109992344871e+00 1.227861908954454329e+01
7.654713537066478501e+00 1.227657806089947634e+01
7.670022964140610355e+00 1.227453558479736984e+01
7.685332391214743986e+00 1.227249165260861830e+01
7.700641818288876728e+00 1.227044625563522118e+01
7.715951245363009470e+00 1.226839938511010786e+01
7.731260672437142212e+00 1.226635103219645906e+01
7.746570099511275842e+00 1.226430118798700519e+01
7.761879526585407696e+00 1.226224984350332647e+01
7.777188953659541326e+00 1.226019698969515126e+01
7.792498380733674068e+00 1.225814261743962774e+01
7.807807807807807698e+00 1.225608671754060452e+01
7.823117234881939552e+00 1.225402928072790054e+01
7.838426661956073183e+00 1.225197029765655365e+01
7.853736089030205925e+00 1.224990975890607992e+01
7.869045516104337779e+00 1.224784765497970973e+01
7.884354943178473185e+00 1.224578397630361515e+01
7.899664370252605039e+00 1.224371871322614425e+01
7.914973797326737781e+00 1.224165185601703065e+01
7.930283224400871411e+00 1.223958339486659419e+01
7.945592651475005042e+00 1.223751331988494684e+01
7.960902078549136895e+00 1.223544162110117028e+01
7.976211505623269638e+00 1.223336828846250413e+01
7.991520932697403268e+00 1.223129331183350210e+01
8.006830359771536010e+00 1.222921668099520609e+01
8.022139786845668752e+00 1.222713838564427924e+01
8.037449213919801494e+00 1.222505841539215687e+01
8.052758640993934236e+00 1.222297675976417253e+01
8.068068068068066978e+00 1.222089340819867864e+01
8.083377495142199720e+00 1.221880835004614774e+01
8.098686922216334239e+00 1.221672157456828423e+01
8.113996349290466981e+00 1.221463307093710604e+01
8.129305776364599723e+00 1.221254282823402093e+01
8.144615203438732465e+00 1.221045083544889742e+01
8.159924630512865207e+00 1.220835708147911802e+01
8.175234057586997949e+00 1.220626155512863065e+01
8.190543484661130691e+00 1.220416424510697517e+01
8.205852911735263433e+00 1.220206514002831355e+01
8.221162338809397951e+00 1.219996422841043504e+01
8.236471765883530693e+00 1.219786149867376324e+01
8.251781192957663436e+00 1.219575693914034353e+01
8.267090620031796178e+00 1.219365053803281285e+01
8.282400047105928920e+00 1.219154228347337465e+01
8.297709474180061662e+00 1.218943216348274383e+01
8.313018901254194404e+00 1.218732016597909507e+01
8.328328328328327146e+00 1.218520627877698459e+01
8.343637755402459888e+00 1.218309048958627017e+01
8.358947182476594406e+00 1.218097278601100619e+01
8.374256609550727148e+00 1.217885315554835124e+01
8.389566036624859890e+00 1.217673158558742763e+01
8.404875463698992633e+00 1.217460806340819168e+01
8.420184890773125375e+00 1.217248257618028795e+01
8.435494317847258117e+00 1.217035511096188571e+01
8.450803744921390859e+00 1.216822565469849593e+01
8.466113171995523601e+00 1.216609419422179172e+01
8.481422599069658119e+00 1.216396071624839514e+01
8.496732026143790861e+00 1.216182520737866568e+01
8.512041453217923603e+00 1.215968765409546215e+01
8.527350880292056345e+00 1.215754804276290102e+01
8.542660307366189087e+00 1.215540635962509164e+01
8.557969734440321830e+00 1.215326259080485904e+01
8.573279161514454572e+00 1.215111672230245432e+01
8.588588588588587314e+00 1.214896873999424898e+01
8.603898015662721832e+00 1.214681862963140979e+01
8.619207442736854574e+00 1.214466637683856298e+01
8.634516869810987316e+00 1.214251196711244063e+01
8.649826296885120058e+00 1.214035538582050933e+01
8.665135723959252800e+00 1.213819661819958640e+01
8.680445151033385542e+00 1.213603564935444190e+01
8.695754578107518284e+00 1.213387246425637223e+01
8.711064005181651027e+00 1.213170704774176833e+01
8.726373432255783769e+00 1.212953938451066804e+01
8.741682859329918287e+00 1.212736945912527631e+01
8.756992286404051029e+00 1.212519725600849441e+01
8.772301713478183771e+00 1.212302275944239760e+01
8.787611140552316513e+00 1.212084595356672700e+01
8.802920567626449255e+00 1.211866682237734416e+01
8.818229994700581997e+00 1.211648534972466962e+01
8.833539421774714739e+00 1.211430151931211441e+01
8.848848848848847481e+00 1.211211531469447777e+01
8.864158275922982000e+00 1.210992671927634134e+01
8.879467702997114742e+00 1.210773571631042245e+01
8.894777130071247484e+00 1.210554228889593631e+01
8.910086557145380226e+00 1.210334641997691385e+01
8.925395984219512968e+00 1.210114809234051592e+01
8.940705411293645710e+00 1.209894728861531910e+01
8.956014838367778452e+00 1.209674399126958200e+01
8.971324265441911194e+00 1.209453818260949731e+01
8.986633692516045713e+00 1.209232984477741546e+01
9.001943119590178455e+00 1.209011895975005224e+01
9.017252546664311197e+00 1.208790550933666808e+01
9.032561973738443939e+00 1.208568947517724368e+01
9.047871400812576681e+00 1.208347083874060779e+01
9.063180827886709423e+00 1.208124958132256310e+01
9.078490254960842165e+00 1.207902568404398558e+01
9.093799682034974907e+00 1.207679912784889531e+01
9.109109109109107649e+00 1.207456989350251320e+01
9.124418536183242168e+00 1.207233796158928563e+01
9.139727963257374910e+00 1.207010331251089319e+01
9.155037390331507652e+00 1.206786592648423451e+01
9.170346817405640394e+00 1.206562578353937809e+01
9.185656244479773136e+00 1.206338286351750888e+01
9.200965671553905878e+00 1.206113714606882681e+01
9.216275098628038620e+00 1.205888861065044004e+01
9.231584525702171362e+00 1.205663723652422270e+01
9.246893952776305881e+00 1.205438300275465302e+01
9.262203379850438623e+00 1.205212588820662134e+01
9.277512806924571365e+00 1.204986587154321498e+01
9.292822233998704107e+00 1.204760293122347647e+01
9.308131661072836849e+00 1.204533704550014228e+01
9.323441088146969591e+00 1.204306819241733528e+01
9.338750515221102333e+00 1.204079634980825730e+01
9.354059942295235075e+00 1.203852149529283366e+01
9.369369369369369593e+00 1.203624360627533463e+01
9.384678796443502335e+00 1.203396265994198266e+01
9.399988223517635078e+00 1.203167863325850817e+01
9.415297650591767820e+00 1.202939150296769633e+01
9.430607077665900562e+00 1.202710124558689664e+01
9.445916504740033304e+00 1.202480783740550763e+01
9.461225931814166046e+00 1.202251125448242242e+01
9.476535358888298788e+00 1.202021147264346190e+01
9.491844785962431530e+00 1.201790846747875818e+01
9.507154213036566048e+00 1.201560221434012554e+01
9.522463640110698790e+00 1.201329268833838526e+01
9.537773067184831532e+00 1.201097986434067444e+01
9.553082494258964275e+00 1.200866371696771040e+01
9.568391921333097017e+00 1.200634422059103024e+01
9.583701348407229759e+00 1.200402134933020015e+01
9.599010775481362501e+00 1.200169507704998573e+01
9.614320202555495243e+00 1.199936537735749553e+01
9.629629629629629761e+00 1.199703222359929100e+01
9.644939056703762503e+00 1.199469558885845721e+01
9.660248483777895245e+00 1.199235544595165237e+01
9.675557910852027987e+00 1.199001176742610930e+01
9.690867337926160729e+00 1.198766452555660678e+01
9.706176765000293472e+00 1.198531369234241595e+01
9.721486192074426214e+00 1.198295923950420061e+01
9.736795619148558956e+00 1.198060113848088193e+01
9.752105046222693474e+00 1.197823936042647652e+01
9.767414473296826216e+00 1.197587387620688837e+01
9.782723900370958958e+00 1.197350465639667050e+01
9.798033327445091700e+00 1.197113167127575295e+01
9.813342754519224442e+00 1.196875489082611566e+01
9.828652181593357184e+00 1.196637428472845421e+01
9.843961608667489926e+00 1.196398982235877639e+01
9.859271035741622669e+00 1.196160147278497732e+01
9.874580462815755411e+00 1.195920920476337912e+01
9.889889889889889929e+00 1.195681298673521731e+01
9.905199316964022671e+00 1.195441278682310049e+01
9.920508744038155413e+00 1.195200857282742390e+01
9.935818171112288155e+00 1.194960031222274210e+01
9.951127598186420897e+00 1.194718797215410611e+01
9.966437025260553639e+00 1.194477151943335613e+01
9.981746452334686381e+00 1.194235092053537350e+01
9.997055879408819123e+00 1.193992614159428456e+01
1.001236530648295364e+01 1.193749714839963794e+01
1.002767473355708638e+01 1.193506390639252501e+01
1.004298416063121913e+01 1.193262638066165948e+01
1.005829358770535187e+01 1.193018453593942318e+01
1.007360301477948461e+01 1.192773833659784799e+01
1.008891244185361735e+01 1.192528774664458346e+01
1.010422186892775009e+01 1.192283272971879171e+01
1.011953129600188284e+01 1.192037324908700491e+01
1.013484072307601735e+01 1.191790926763895442e+01
1.015015015015015010e+01 1.191544074788332708e+01
1.016545957722428284e+01 1.191296765194349483e+01
1.018076900429841558e+01 1.191048994155318930e+01
1.019607843137254832e+01 1.190800757805213017e+01
1.021138785844668107e+01 1.190552052238160563e+01
1.022669728552081381e+01 1.190302873508001014e+01
1.024200671259494655e+01 1.190053217627832360e+01
1.025731613966907929e+01 1.189803080569554972e+01
1.027262556674321381e+01 1.189552458263409918e+01
1.028793499381734655e+01 1.189301346597512854e+01
1.030324442089147929e+01 1.189049741417382755e+01
1.031855384796561204e+01 1.188797638525464606e+01
1.033386327503974478e+01 1.188545033680648544e+01
1.034917270211387752e+01 1.188291922597782424e+01
1.036448212918801026e+01 1.188038300947179771e+01
1.037979155626214300e+01 1.187784164354122574e+01
1.039510098333627752e+01 1.187529508398358580e+01
1.041041041041041026e+01 1.187274328613592544e+01
1.042571983748454301e+01 1.187018620486973042e+01
1.044102926455867575e+01 1.186762379458573591e+01
1.045633869163280849e+01 1.186505600920867209e+01
1.047164811870694123e+01 1.186248280218196527e+01
1.048695754578107397e+01 1.185990412646237679e+01
1.050226697285520672e+01 1.185731993451459054e+01
1.051757639992934124e+01 1.185473017830572395e+01
1.053288582700347398e+01 1.185213480929981245e+01
1.054819525407760672e+01 1.184953377845219613e+01
1.056350468115173946e+01 1.184692703620388521e+01
1.057881410822587220e+01 1.184431453247582944e+01
1.059412353530000495e+01 1.184169621666315741e+01
1.060943296237413769e+01 1.183907203762932525e+01
1.062474238944827043e+01 1.183644194370022618e+01
1.064005181652240317e+01 1.183380588265822908e+01
1.065536124359653769e+01 1.183116380173613891e+01
1.067067067067067043e+01 1.182851564761111618e+01
1.068598009774480317e+01 1.182586136639851127e+01
1.070128952481893592e+01 1.182320090364564180e+01
1.071659895189306866e+01 1.182053420432550084e+01
1.073190837896720140e+01 1.181786121283039215e+01
1.074721780604133414e+01 1.181518187296550160e+01
1.076252723311546688e+01 1.181249612794240100e+01
1.077783666018960140e+01 1.180980392037246673e+01
1.079314608726373415e+01 1.180710519226024147e+01
1.080845551433786689e+01 1.180439988499671067e+01
1.082376494141199963e+01 1.180168793935252225e+01
1.083907436848613237e+01 1.179896929547109963e+01
1.085438379556026511e+01 1.179624389286171571e+01
1.086969322263439786e+01 1.179351167039245318e+01
1.088500264970853060e+01 1.179077256628311332e+01
1.090031207678266512e+01 1.178802651809802704e+01
1.091562150385679786e+01 1.178527346273879317e+01
1.093093093093093060e+01 1.178251333643692256e+01
1.094624035800506157e+01 1.177974607474640933e+01
1.096154978507919608e+01 1.177697161253620806e+01
1.097685921215332883e+01 1.177418988398262378e+01
1.099216863922745979e+01 1.177140082256161335e+01
1.100747806630159431e+01 1.176860436104099072e+01
1.102278749337572705e+01 1.176580043147255061e+01
1.103809692044986157e+01 1.176298896518407311e+01
1.105340634752399431e+01 1.176016989277125724e+01
1.106871577459812528e+01 1.175734314408953729e+01
1.108402520167225980e+01 1.175450864824580322e+01
1.109933462874639254e+01 1.175166633359001267e+01
1.111464405582052350e+01 1.174881612770670714e+01
1.112995348289465802e+01 1.174595795740640014e+01
1.114526290996879077e+01 1.174309174871686778e+01
1.116057233704292528e+01 1.174021742687432557e+01
1.117588176411705803e+01 1.173733491631448089e+01
1.119119119119119254e+01 1.173444414066345765e+01
1.120650061826532351e+01 1.173154502272862132e+01
1.122181004533945625e+01 1.172863748448925136e+01
1.123711947241359077e+01 1.172572144708709274e+01
1.125242889948772174e+01 1.172279683081678492e+01
1.126773832656185448e+01 1.171986355511612921e+01
1.128304775363598900e+01 1.171692153855624063e+01
1.129835718071012174e+01 1.171397069883152930e+01
1.131366660778425626e+01 1.171101095274955028e+01
1.132897603485838722e+01 1.170804221622069186e+01
1.134428546193251996e+01 1.170506440424770389e+01
1.135959488900665448e+01 1.170207743091506103e+01
1.137490431608078545e+01 1.169908120937816243e+01
1.139021374315491819e+01 1.169607565185235565e+01
1.140552317022905271e+01 1.169306066960177226e+01
1.142083259730318545e+01 1.169003617292798936e+01
1.143614202437731819e+01 1.168700207115849743e+01
1.145145145145145094e+01 1.168395827263495867e+01
1.146676087852558368e+01 1.168090468470127696e+01
1.148207030559971642e+01 1.167784121369145112e+01
1.149737973267384916e+01 1.167476776491720081e+01
1.151268915974798190e+01 1.167168424265538107e+01
1.152799858682211465e+01 1.166859055013515523e+01
1.154330801389624916e+01 1.166548658952492445e+01
1.155861744097038191e+01 1.166237226191901932e+01
1.157392686804451287e+01 1.165924746732411599e+01
1.158923629511864739e+01 1.165611210464539660e+01
1.160454572219278013e+01 1.165296607167243259e+01
1.161985514926691110e+01 1.164980926506477665e+01
1.163516457634104562e+01 1.164664158033725627e+01
1.165047400341517836e+01 1.164346291184497240e+01
1.166578343048931288e+01 1.164027315276795704e+01
1.168109285756344562e+01 1.163707219509552537e+01
1.169640228463757659e+01 1.163385992961026538e+01
1.171171171171171110e+01 1.163063624587169187e+01
1.172702113878584385e+01 1.162740103219950960e+01
1.174233056585997481e+01 1.162415417565651943e+01
1.175763999293410933e+01 1.162089556203111940e+01
1.177294942000824207e+01 1.161762507581938486e+01
1.178825884708237659e+01 1.161434260020675424e+01
1.180356827415650933e+01 1.161104801704923872e+01
1.181887770123064385e+01 1.160774120685420741e+01
1.183418712830477482e+01 1.160442204876068040e+01
1.184949655537890756e+01 1.160109042051913697e+01
1.186480598245304208e+01 1.159774619847082100e+01
1.188011540952717304e+01 1.159438925752650995e+01
1.189542483660130578e+01 1.159101947114474740e+01
1.191073426367544030e+01 1.158763671130950001e+01
1.192604369074957305e+01 1.158424084850723901e+01
1.194135311782370579e+01 1.158083175170339985e+01
1.195666254489783853e+01 1.157740928831821314e+01
1.197197197197197127e+01 1.157397332420189606e+01
1.198728139904610401e+01 1.157052372360915093e+01
1.200259082612023676e+01 1.156706034917295689e+01
1.201790025319436950e+01 1.156358306187765450e+01
1.203320968026850224e+01 1.156009172103125238e+01
1.204851910734263676e+01 1.155658618423696282e+01
1.206382853441676950e+01 1.155306630736392925e+01
1.207913796149090047e+01 1.154953194451710097e+01
1.209444738856503498e+01 1.154598294800624991e+01
1.210975681563916773e+01 1.154241916831408865e+01
1.212506624271329869e+01 1.153884045406342906e+01
1.214037566978743321e+01 1.153524665198340315e+01
1.215568509686156595e+01 1.153163760687466777e+01
1.217099452393569692e+01 1.152801316157356482e+01
1.218630395100983321e+01 1.152437315691521924e+01
1.220161337808396418e+01 1.152071743169551610e+01
1.221692280515809870e+01 1.151704582263191945e+01
1.223223223223223144e+01 1.151335816432311709e+01
1.224754165930636240e+01 1.150965428920740052e+01
1.226285108638049692e+01 1.150593402751979077e+01
1.227816051345462967e+01 1.150219720724782491e+01
1.229346994052876063e+01 1.149844365408598179e+01
1.230877936760289693e+01 1.149467319138867616e+01
1.232408879467703144e+01 1.149088564012180314e+01
1.233939822175116241e+01 1.148708081881274268e+01
1.235470764882529515e+01 1.148325854349880615e+01
1.237001707589942967e+01 1.147941862767405752e+01
1.238532650297356064e+01 1.147556088223443815e+01
1.240063593004769338e+01 1.147168511542116143e+01
1.241594535712182790e+01 1.146779113276231321e+01
1.243125478419596064e+01 1.146387873701256588e+01
1.244656421127009516e+01 1.145994772809099693e+01
1.246187363834422612e+01 1.145599790301688437e+01
1.247718306541835886e+01 1.145202905584346276e+01
1.249249249249249338e+01 1.144804097758953532e+01
1.250780191956662435e+01 1.144403345616889212e+01
1.252311134664075709e+01 1.144000627631742972e+01
1.253842077371489161e+01 1.143595921951793670e+01
1.255373020078902258e+01 1.143189206392242063e+01
1.256903962786315709e+01 1.142780458427191981e+01
1.258434905493728984e+01 1.142369655181372146e+01
1.259965848201142258e+01 1.141956773421584614e+01
1.261496790908555532e+01 1.141541789547878594e+01
1.263027733615968806e+01 1.141124679584432755e+01
1.264558676323382080e+01 1.140705419170140367e+01
1.266089619030795355e+01 1.140283983548885693e+01
1.267620561738208629e+01 1.139860347559501541e+01
1.269151504445622081e+01 1.139434485625395332e+01
1.270682447153035177e+01 1.139006371743835544e+01
1.272213389860448629e+01 1.138575979474883404e+01
1.273744332567861903e+01 1.138143281929959727e+01
1.275275275275275000e+01 1.137708251760033029e+01
1.276806217982688452e+01 1.137270861143417200e+01
1.278337160690101726e+01 1.136831081773162744e+01
1.279868103397514822e+01 1.136388884844030578e+01
1.281399046104928452e+01 1.135944241039030089e+01
1.282929988812341549e+01 1.135497120515509906e+01
1.284460931519755000e+01 1.135047492890781839e+01
1.285991874227168275e+01 1.134595327227265038e+01
1.287522816934581371e+01 1.134140592017129379e+01
1.289053759641994823e+01 1.133683255166423720e+01
1.290584702349408097e+01 1.133223283978669294e+01
1.292115645056821549e+01 1.132760645137896915e+01
1.293646587764234646e+01 1.132295304691110438e+01
1.295177530471648275e+01 1.131827228030154586e+01
1.296708473179061372e+01 1.131356379872965867e+01
1.298239415886474646e+01 1.130882724244180260e+01
1.299770358593888098e+01 1.130406224455080455e+01
1.301301301301301194e+01 1.129926843082851207e+01
1.302832244008714468e+01 1.129444541949120584e+01
1.304363186716127920e+01 1.128959282097760131e+01
1.305894129423541017e+01 1.128471023771912130e+01
1.307425072130954469e+01 1.127979726390219994e+01
1.308956014838367743e+01 1.127485348522225372e+01
1.310486957545781017e+01 1.126987847862903713e+01
1.312017900253194291e+01 1.126487181206301891e+01
1.313548842960607566e+01 1.125983304418244124e+01
1.315079785668020840e+01 1.125476172408067477e+01
1.316610728375434114e+01 1.124965739099351758e+01
1.318141671082847388e+01 1.124451957399596580e+01
1.319672613790260840e+01 1.123934779168810927e+01
1.321203556497673937e+01 1.123414155186964436e+01
1.322734499205087388e+01 1.122890035120255092e+01
1.324265441912500663e+01 1.122362367486147505e+01
1.325796384619913759e+01 1.121831099617124394e+01
1.327327327327327211e+01 1.121296177623101364e+01
1.328858270034740485e+01 1.120757546352447775e+01
1.330389212742153582e+01 1.120215149351550288e+01
1.331920155449567211e+01 1.119668928822859932e+01
1.333451098156980308e+01 1.119118825581356980e+01
1.334982040864393760e+01 1.118564779009358290e+01
1.336512983571807034e+01 1.118006727009601065e+01
1.338043926279220130e+01 1.117444605956521286e+01
1.339574868986633582e+01 1.116878350645646556e+01
1.341105811694046857e+01 1.116307894241018239e+01
1.342636754401459953e+01 1.115733168220552507e+01
1.344167697108873405e+01 1.115154102319243812e+01
1.345698639816287034e+01 1.114570624470112037e+01
1.347229582523700131e+01 1.113982660742787267e+01
1.348760525231113405e+01 1.113390135279616899e+01
1.350291467938526857e+01 1.112792970229182643e+01
1.351822410645939954e+01 1.112191085677096503e+01
1.353353353353353228e+01 1.111584399573947124e+01
1.354884296060766680e+01 1.110972827660256712e+01
1.356415238768179776e+01 1.110356283388298770e+01
1.357946181475593406e+01 1.109734677840620343e+01
1.359477124183006502e+01 1.109107919645106577e+01
1.361008066890419776e+01 1.108475914886405356e+01
1.362539009597833228e+01 1.107838567013532760e+01
1.364069952305246325e+01 1.107195776743456683e+01
1.365600895012659599e+01 1.106547441960451472e+01
1.367131837720073051e+01 1.105893457611001551e+01
1.368662780427486148e+01 1.105233715594015820e+01
1.370193723134899599e+01 1.104568104646102888e+01
1.371724665842312874e+01 1.103896510221641591e+01
1.373255608549726148e+01 1.103218814367359890e+01
1.374786551257139422e+01 1.102534895591123032e+01
1.376317493964552696e+01 1.101844628724606423e+01
1.377848436671965970e+01 1.101147884779512864e+01
1.379379379379379245e+01 1.100444530796967690e+01
1.380910322086792519e+01 1.099734429689701010e+01
1.382441264794205793e+01 1.099017440076601382e+01
1.383972207501619067e+01 1.098293416109199327e+01
1.385503150209032519e+01 1.097562207289600700e+01
1.387034092916445793e+01 1.096823658279366498e+01
1.388565035623858890e+01 1.096077608698793782e+01
1.390095978331272342e+01 1.095323892916015929e+01
1.391626921038685616e+01 1.094562339825300157e+01
1.393157863746098712e+01 1.093792772613874220e+01
1.394688806453512164e+01 1.093015008516562503e+01
1.396219749160925439e+01 1.092228858557466253e+01
1.397750691868338890e+01 1.091434127277858046e+01
1.399281634575752165e+01 1.090630612449402470e+01
1.400812577283165261e+01 1.089818104771746654e+01
1.402343519990578713e+01 1.088996387553448386e+01
1.403874462697991987e+01 1.088165236375136580e+01
1.405405405405405439e+01 1.087324418733699893e+01
1.406936348112818536e+01 1.086473693666216533e+01
1.408467290820232165e+01 1.085612811352226181e+01
1.409998233527645262e+01 1.084741512692835030e+01
1.411529176235058536e+01 1.083859528865016664e+01
1.413060118942471988e+01 1.082966580849345561e+01
1.414591061649885084e+01 1.082062378929234470e+01
1.416122004357298358e+01 1.081146622159600490e+01
1.417652947064711810e+01 1.080218997802692371e+01
1.419183889772124907e+01 1.079279180728620702e+01
1.420714832479538181e+01 1.078326832777910482e+01
1.422245775186951633e+01 1.077361602083161074e+01
1.423776717894364907e+01 1.076383122346625854e+01
1.425307660601778181e+01 1.075391012070239682e+01
1.426838603309191456e+01 1.074384873734291723e+01
1.428369546016604730e+01 1.073364292920585861e+01
1.429900488724018004e+01 1.072328837375533439e+01
1.431431431431431278e+01 1.071278056008178936e+01
1.432962374138844552e+01 1.070211477817668033e+01
1.434493316846257827e+01 1.069128610744125041e+01
1.436024259553671278e+01 1.068028940436286867e+01
1.437555202261084553e+01 1.066911928928569608e+01
1.439086144968497649e+01 1.065777013219474867e+01
1.440617087675911101e+01 1.064623603742388269e+01
1.442148030383324375e+01 1.063451082718871632e+01
1.443678973090737472e+01 1.062258802383462886e+01
1.445209915798150924e+01 1.061046083067792978e+01
1.446740858505564198e+01 1.059812211130463666e+01
1.448271801212977650e+01 1.058556436717577576e+01
1.449802743920390924e+01 1.057277971337073375e+01
1.451333686627804020e+01 1.055975985228035086e+01
1.452864629335217472e+01 1.054649604503894977e+01
1.454395572042630747e+01 1.053297908045894360e+01
1.455926514750043843e+01 1.051919924120238292e+01
1.457457457457457295e+01 1.050514626689057351e+01
1.458988400164870569e+01 1.049080931381464232e+01
1.460519342872284021e+01 1.047617691086609781e+01
1.462050285579697295e+01 1.046123691125606747e+01
1.463581228287110747e+01 1.044597643953378707e+01
1.465112170994523844e+01 1.043038183334771141e+01
1.466643113701937118e+01 1.041443857931488282e+01
1.468174056409350570e+01 1.039813124227379859e+01
1.469704999116763666e+01 1.038144338709074432e+01
1.471235941824176940e+01 1.036435749206670742e+01
1.472766884531590392e+01 1.034685485284803619e+01
1.474297827239003666e+01 1.032891547557486334e+01
1.475828769946417118e+01 1.031051795780224722e+01
1.477359712653830215e+01 1.029163935549343734e+01
1.478890655361243489e+01 1.027225503410560137e+01
1.480421598068656941e+01 1.025233850145631287e+01
1.481952540776070038e+01 1.023186121966253737e+01
1.483483483483483312e+01 1.021079239296906138e+01
1.485014426190896764e+01 1.018909872771220471e+01
1.486545368898310038e+01 1.016674415997531788e+01
1.488076311605723312e+01 1.014368954565755132e+01
1.489607254313136586e+01 1.011989230666145900e+01
1.491138197020549860e+01 1.009530602566431945e+01
1.492669139727963135e+01 1.006987998041674537e+01
1.494200082435376409e+01 1.004355860663878630e+01
1.495731025142789683e+01 1.001628087626811414e+01
1.497261967850202957e+01 nan
1.498792910557616409e+01 nan
1.500323853265029683e+01 nan
1.501854795972442780e+01 nan
1.503385738679856232e+01 nan
1.504916681387269506e+01 nan
1.506447624094682602e+01 nan
1.507978566802096054e+01 nan
1.509509509509509328e+01 nan
1.511040452216922780e+01 nan
1.512571394924336055e+01 nan
1.514102337631749151e+01 nan
1.515633280339162603e+01 nan
1.517164223046575877e+01 nan
1.518695165753989329e+01 nan
1.520226108461402426e+01 nan
1.521757051168815700e+01 nan
1.523287993876229152e+01 nan
1.524818936583642426e+01 nan
1.526349879291055878e+01 nan
1.527880821998468974e+01 nan
1.529411764705882248e+01 nan
