0.000000000000000000e+00 1.323300494515798320e+01
7.654713537066477717e-03 1.317964716648937618e+01
1.530942707413295543e-02 1.317784181618230477e+01
2.296414061119943228e-02 1.317603626227660030e+01
3.061885414826591087e-02 1.317423050380404703e+01
3.827356768533238945e-02 1.317242453979332240e+01
4.592828122239886457e-02 1.317061836926996854e+01
5.358299475946534662e-02 1.316881199125639057e+01
6.123770829653182174e-02 1.316700540477183523e+01
6.889242183359829685e-02 1.316519860883236781e+01
7.654713537066477891e-02 1.316339160245087214e+01
8.420184890773126096e-02 1.316158438463701863e+01
9.185656244479772914e-02 1.315977695439725714e+01
9.951127598186421119e-02 1.315796931073479570e+01
1.071659895189306932e-01 1.315616145264958803e+01
1.148207030559971614e-01 1.315435337913831404e+01
1.224754165930636435e-01 1.315254508919436383e+01
1.301301301301301117e-01 1.315073658180781990e+01
1.377848436671965937e-01 1.314892785596544655e+01
1.454395572042630758e-01 1.314711891065066141e+01
1.530942707413295578e-01 1.314530974484352654e+01
1.607489842783960399e-01 1.314350035752073076e+01
1.684036978154625219e-01 1.314169074765556999e+01
1.760584113525289762e-01 1.313988091421792781e+01
1.837131248895954583e-01 1.313807085617426651e+01
1.913678384266619126e-01 1.313626057248759871e+01
1.990225519637284224e-01 1.313445006211747668e+01
2.066772655007949044e-01 1.313263932401997103e+01
2.143319790378613865e-01 1.313082835714765650e+01
2.219866925749278408e-01 1.312901716044958533e+01
2.296414061119943228e-01 1.312720573287128012e+01
2.372961196490608327e-01 1.312539407335471253e+01
2.449508331861272870e-01 1.312358218083827310e+01
2.526055467231937413e-01 1.312177005425677478e+01
2.602602602602602233e-01 1.311995769254141031e+01
2.679149737973267054e-01 1.311814509461975398e+01
2.755696873343931874e-01 1.311633225941572611e+01
2.832244008714596695e-01 1.311451918584958776e+01
2.908791144085261515e-01 1.311270587283791045e+01
2.985338279455926336e-01 1.311089231929356558e+01
3.061885414826591156e-01 1.310907852412569774e+01
3.138432550197255977e-01 1.310726448623971052e+01
3.214979685567920797e-01 1.310545020453724518e+01
3.291526820938585618e-01 1.310363567791616113e+01
3.368073956309250439e-01 1.310182090527051457e+01
3.444621091679914704e-01 1.310000588549054257e+01
3.521168227050579524e-01 1.309819061746263458e+01
3.597715362421244345e-01 1.309637510006932004e+01
3.674262497791909166e-01 1.309455933218925061e+01
3.750809633162573986e-01 1.309274331269716640e+01
3.827356768533238252e-01 1.309092704046388889e+01
3.903903903903904182e-01 1.308911051435629425e+01
3.980451039274568448e-01 1.308729373323729028e+01
4.056998174645233268e-01 1.308547669596580043e+01
4.133545310015898089e-01 1.308365940139674066e+01
4.210092445386562909e-01 1.308184184838099640e+01
4.286639580757227730e-01 1.308002403576540473e+01
4.363186716127891995e-01 1.307820596239272426e+01
4.439733851498556816e-01 1.307638762710162972e+01
4.516280986869221636e-01 1.307456902872667293e+01
4.592828122239886457e-01 1.307275016609827034e+01
4.669375257610551277e-01 1.307093103804267820e+01
4.745922392981216653e-01 1.306911164338196940e+01
4.822469528351880919e-01 1.306729198093401756e+01
4.899016663722545739e-01 1.306547204951246322e+01
4.975563799093210560e-01 1.306365184792669965e+01
5.052110934463874825e-01 1.306183137498184799e+01
5.128658069834539646e-01 1.306001062947873237e+01
5.205205205205204466e-01 1.305818961021386038e+01
5.281752340575869287e-01 1.305636831597939640e+01
5.358299475946534107e-01 1.305454674556314032e+01
5.434846611317198928e-01 1.305272489774850264e+01
5.511393746687863748e-01 1.305090277131447962e+01
5.587940882058528569e-01 1.304908036503563196e+01
5.664488017429193389e-01 1.304725767768206168e+01
5.741035152799858210e-01 1.304543470801938376e+01
5.817582288170523031e-01 1.304361145480870476e+01
5.894129423541187851e-01 1.304178791680659621e+01
5.970676558911852672e-01 1.303996409276507507e+01
6.047223694282517492e-01 1.303813998143156994e+01
6.123770829653182313e-01 1.303631558154890513e+01
6.200317965023847133e-01 1.303449089185527221e+01
6.276865100394511954e-01 1.303266591108419981e+01
6.353412235765176774e-01 1.303084063796453584e+01
6.429959371135841595e-01 1.302901507122041558e+01
6.506506506506506415e-01 1.302718920957124560e+01
6.583053641877171236e-01 1.302536305173166120e+01
6.659600777247836056e-01 1.302353659641151573e+01
6.736147912618500877e-01 1.302170984231585038e+01
6.812695047989165698e-01 1.301988278814486222e+01
6.889242183359829408e-01 1.301805543259387754e+01
6.965789318730494228e-01 1.301622777435333767e+01
7.042336454101159049e-01 1.301439981210875629e+01
7.118883589471823869e-01 1.301257154454070175e+01
7.195430724842488690e-01 1.301074297032476501e+01
7.271977860213153511e-01 1.300891408813153305e+01
7.348524995583818331e-01 1.300708489662656397e+01
7.425072130954483152e-01 1.300525539447035861e+01
7.501619266325147972e-01 1.300342558031832496e+01
7.578166401695811683e-01 1.300159545282076223e+01
7.654713537066476503e-01 1.299976501062282175e+01
7.731260672437143544e-01 1.299793425236448563e+01
7.807807807807808365e-01 1.299610317668052950e+01
7.884354943178472075e-01 1.299427178220050294e+01
7.960902078549136895e-01 1.299244006754869574e+01
8.037449213919801716e-01 1.299060803134410591e+01
8.113996349290466537e-01 1.298877567220041840e+01
8.190543484661131357e-01 1.298694298872596420e+01
8.267090620031796178e-01 1.298510997952369728e+01
8.343637755402460998e-01 1.298327664319116259e+01
8.420184890773125819e-01 1.298144297832046767e+01
8.496732026143790639e-01 1.297960898349824888e+01
8.573279161514455460e-01 1.297777465730564295e+01
8.649826296885119170e-01 1.297593999831825329e+01
8.726373432255783991e-01 1.297410500510612152e+01
8.802920567626451032e-01 1.297226967623369376e+01
8.879467702997113632e-01 1.297043401025979392e+01
8.956014838367778452e-01 1.296859800573758292e+01
9.032561973738443273e-01 1.296676166121453200e+01
9.109109109109108093e-01 1.296492497523239429e+01
9.185656244479772914e-01 1.296308794632716399e+01
9.262203379850437734e-01 1.296125057302904970e+01
9.338750515221102555e-01 1.295941285386243891e+01
9.415297650591766265e-01 1.295757478734586421e+01
9.491844785962433306e-01 1.295573637199197314e+01
9.568391921333098127e-01 1.295389760630748910e+01
9.644939056703761837e-01 1.295205848879318467e+01
9.721486192074426658e-01 1.295021901794383723e+01
9.798033327445091478e-01 1.294837919224820943e+01
9.874580462815756299e-01 1.294653901018899944e+01
9.951127598186421119e-01 1.294469847024281783e+01
1.002767473355708594e+00 1.294285757088013966e+01
1.010422186892774965e+00 1.294101631056528312e+01
1.018076900429841558e+00 1.293917468775637047e+01
1.025731613966907929e+00 1.293733270090528364e+01
1.033386327503974522e+00 1.293549034845763579e+01
1.041041041041040893e+00 1.293364762885273578e+01
1.048695754578107486e+00 1.293180454052354733e+01
1.056350468115173857e+00 1.292996108189665527e+01
1.064005181652240450e+00 1.292811725139222823e+01
1.071659895189306821e+00 1.292627304742397598e+01
1.079314608726373415e+00 1.292442846839912640e+01
1.086969322263439786e+00 1.292258351271836680e+01
1.094624035800506379e+00 1.292073817877582620e+01
1.102278749337572750e+00 1.291889246495902199e+01
1.109933462874639343e+00 1.291704636964883157e+01
1.117588176411705714e+00 1.291519989121944434e+01
1.125242889948772307e+00 1.291335302803833152e+01
1.132897603485838678e+00 1.291150577846619996e+01
1.140552317022905271e+00 1.290965814085695840e+01
1.148207030559971642e+00 1.290781011355767482e+01
1.155861744097038235e+00 1.290596169490853029e+01
1.163516457634104606e+00 1.290411288324278694e+01
1.171171171171171199e+00 1.290226367688674713e+01
1.178825884708237570e+00 1.290041407415970731e+01
1.186480598245303941e+00 1.289856407337391886e+01
1.194135311782370534e+00 1.289671367283454551e+01
1.201790025319436905e+00 1.289486287083962424e+01
1.209444738856503498e+00 1.289301166568002444e+01
1.217099452393569869e+00 1.289116005563939282e+01
1.224754165930636463e+00 1.288930803899413036e+01
1.232408879467702834e+00 1.288745561401333362e+01
1.240063593004769427e+00 1.288560277895875927e+01
1.247718306541835798e+00 1.288374953208477613e+01
1.255373020078902391e+00 1.288189587163832073e+01
1.263027733615968762e+00 1.288004179585886355e+01
1.270682447153035355e+00 1.287818730297834335e+01
1.278337160690101726e+00 1.287633239122114936e+01
1.285991874227168319e+00 1.287447705880404847e+01
1.293646587764234690e+00 1.287262130393616211e+01
1.301301301301301283e+00 1.287076512481890589e+01
1.308956014838367654e+00 1.286890851964595228e+01
1.316610728375434247e+00 1.286705148660317377e+01
1.324265441912500618e+00 1.286519402386861088e+01
1.331920155449567211e+00 1.286333612961241180e+01
1.339574868986633582e+00 1.286147780199679147e+01
1.347229582523700175e+00 1.285961903917597837e+01
1.354884296060766546e+00 1.285775983929617539e+01
1.362539009597833140e+00 1.285590020049550120e+01
1.370193723134899511e+00 1.285404012090394943e+01
1.377848436671965882e+00 1.285217959864333181e+01
1.385503150209032475e+00 1.285031863182723555e+01
1.393157863746098846e+00 1.284845721856097178e+01
1.400812577283165439e+00 1.284659535694152055e+01
1.408467290820231810e+00 1.284473304505748459e+01
1.416122004357298403e+00 1.284287028098903782e+01
1.423776717894364774e+00 1.284100706280787207e+01
1.431431431431431367e+00 1.283914338857715087e+01
1.439086144968497738e+00 1.283727925635144729e+01
1.446740858505564109e+00 1.283541466417669774e+01
1.454395572042630702e+00 1.283354961009015405e+01
1.462050285579697073e+00 1.283168409212031946e+01
1.469704999116763666e+00 1.282981810828690072e+01
1.477359712653830481e+00 1.282795165660075654e+01
1.485014426190896630e+00 1.282608473506383717e+01
1.492669139727963223e+00 1.282421734166913296e+01
1.500323853265029594e+00 1.282234947440061923e+01
1.507978566802096188e+00 1.282048113123319943e+01
1.515633280339162337e+00 1.281861231013265190e+01
1.523287993876229152e+00 1.281674300905556763e+01
1.530942707413295301e+00 1.281487322594930234e+01
1.538597420950362116e+00 1.281300295875190898e+01
1.546252134487428709e+00 1.281113220539208619e+01
1.553906848024495080e+00 1.280926096378912149e+01
1.561561561561561673e+00 1.280738923185282907e+01
1.569216275098627822e+00 1.280551700748349297e+01
1.576870988635694415e+00 1.280364428857180492e+01
1.584525702172760786e+00 1.280177107299880745e+01
1.592180415709827379e+00 1.279989735863583533e+01
1.599835129246893528e+00 1.279802314334444802e+01
1.607489842783960343e+00 1.279614842497637817e+01
1.615144556321026936e+00 1.279427320137345880e+01
1.622799269858093307e+00 1.279239747036757002e+01
1.630453983395159900e+00 1.279052122978057859e+01
1.638108696932226271e+00 1.278864447742426158e+01
1.645763410469292642e+00 1.278676721110025838e+01
1.653418124006359236e+00 1.278488942859999788e+01
1.661072837543425607e+00 1.278301112770463277e+01
1.668727551080492200e+00 1.278113230618498619e+01
1.676382264617558571e+00 1.277925296180147186e+01
1.684036978154625164e+00 1.277737309230403895e+01
1.691691691691691535e+00 1.277549269543209931e+01
1.699346405228758128e+00 1.277361176891446704e+01
1.707001118765824499e+00 1.277173031046928386e+01
1.714655832302891092e+00 1.276984831780395879e+01
1.722310545839957463e+00 1.276796578861508991e+01
1.729965259377023834e+00 1.276608272058841109e+01
1.737619972914090427e+00 1.276419911139870855e+01
1.745274686451156798e+00 1.276231495870975508e+01
1.752929399988223391e+00 1.276043026017424609e+01
1.760584113525290206e+00 1.275854501343371972e+01
1.768238827062356355e+00 1.275665921611848930e+01
1.775893540599422726e+00 1.275477286584757408e+01
1.783548254136489319e+00 1.275288596022862464e+01
1.791202967673555690e+00 1.275099849685784648e+01
1.798857681210622061e+00 1.274911047331993430e+01
1.806512394747688655e+00 1.274722188718799210e+01
1.814167108284755026e+00 1.274533273602345673e+01
1.821821821821821619e+00 1.274344301737603402e+01
1.829476535358888434e+00 1.274155272878360812e+01
1.837131248895954583e+00 1.273966186777217402e+01
1.844785962433021398e+00 1.273777043185576119e+01
1.852440675970087547e+00 1.273587841853635183e+01
1.860095389507154140e+00 1.273398582530380807e+01
1.867750103044220511e+00 1.273209264963579024e+01
1.875404816581287104e+00 1.273019888899767160e+01
1.883059530118353253e+00 1.272830454084247442e+01
1.890714243655420068e+00 1.272640960261077403e+01
1.898368957192486661e+00 1.272451407173062599e+01
1.906023670729553032e+00 1.272261794561748260e+01
1.913678384266619625e+00 1.272072122167410946e+01
1.921333097803685996e+00 1.271882389729050544e+01
1.928987811340752367e+00 1.271692596984381751e+01
1.936642524877818961e+00 1.271502743669825719e+01
1.944297238414885332e+00 1.271312829520501175e+01
1.951951951951951925e+00 1.271122854270216962e+01
1.959606665489018296e+00 1.270932817651461910e+01
1.967261379026084445e+00 1.270742719395397913e+01
1.974916092563151260e+00 1.270552559231849443e+01
1.982570806100217853e+00 1.270362336889296095e+01
1.990225519637284224e+00 1.270172052094862991e+01
1.997880233174350817e+00 1.269981704574312431e+01
2.005534946711417188e+00 1.269791294052033948e+01
2.013189660248483559e+00 1.269600820251036488e+01
2.020844373785549930e+00 1.269410282892938469e+01
2.028499087322616745e+00 1.269219681697958180e+01
2.036153800859683116e+00 1.269029016384905617e+01
2.043808514396749487e+00 1.268838286671172533e+01
2.051463227933815858e+00 1.268647492272722843e+01
2.059117941470882673e+00 1.268456632904083570e+01
2.066772655007949044e+00 1.268265708278334891e+01
2.074427368545015415e+00 1.268074718107100551e+01
2.082082082082081786e+00 1.267883662100538622e+01
2.089736795619148602e+00 1.267692539967331200e+01
2.097391509156214973e+00 1.267501351414674460e+01
2.105046222693281344e+00 1.267310096148269238e+01
2.112700936230347715e+00 1.267118773872310911e+01
2.120355649767414530e+00 1.266927384289478553e+01
2.128010363304480901e+00 1.266735927100925529e+01
2.135665076841547272e+00 1.266544402006269721e+01
2.143319790378613643e+00 1.266352808703581800e+01
2.150974503915680458e+00 1.266161146889375821e+01
2.158629217452746829e+00 1.265969416258598379e+01
2.166283930989813200e+00 1.265777616504618308e+01
2.173938644526879571e+00 1.265585747319215670e+01
2.181593358063945942e+00 1.265393808392571451e+01
2.189248071601012757e+00 1.265201799413256367e+01
2.196902785138079128e+00 1.265009720068220034e+01
2.204557498675145499e+00 1.264817570042780126e+01
2.212212212212211870e+00 1.264625349020611367e+01
2.219866925749278685e+00 1.264433056683733980e+01
2.227521639286345057e+00 1.264240692712502856e+01
2.235176352823411428e+00 1.264048256785596180e+01
2.242831066360477799e+00 1.263855748580003713e+01
2.250485779897544614e+00 1.263663167771015772e+01
2.258140493434610985e+00 1.263470514032210801e+01
2.265795206971677356e+00 1.263277787035444710e+01
2.273449920508743727e+00 1.263084986450838443e+01
2.281104634045810542e+00 1.262892111946766249e+01
2.288759347582876913e+00 1.262699163189843965e+01
2.296414061119943284e+00 1.262506139844916220e+01
2.304068774657009655e+00 1.262313041575045247e+01
2.311723488194076470e+00 1.262119868041498272e+01
2.319378201731142841e+00 1.261926618903734365e+01
2.327032915268209212e+00 1.261733293819393609e+01
2.334687628805275583e+00 1.261539892444283240e+01
2.342342342342342398e+00 1.261346414432365215e+01
2.349997055879408769e+00 1.261152859435744311e+01
2.357651769416475140e+00 1.260959227104654090e+01
2.365306482953541511e+00 1.260765517087444998e+01
2.372961196490607882e+00 1.260571729030570509e+01
2.380615910027674698e+00 1.260377862578574515e+01
2.388270623564741069e+00 1.260183917374078177e+01
2.395925337101807440e+00 1.259989893057765542e+01
2.403580050638873811e+00 1.259795789268371990e+01
2.411234764175940626e+00 1.259601605642668609e+01
2.418889477713006997e+00 1.259407341815449932e+01
2.426544191250073368e+00 1.259212997419519553e+01
2.434198904787139739e+00 1.259018572085676446e+01
2.441853618324206554e+00 1.258824065442700757e+01
2.449508331861272925e+00 1.258629477117339945e+01
2.457163045398339296e+00 1.258434806734294398e+01
2.464817758935405667e+00 1.258240053916203571e+01
2.472472472472472482e+00 1.258045218283630362e+01
2.480127186009538853e+00 1.257850299455047960e+01
2.487781899546605224e+00 1.257655297046824394e+01
2.495436613083671595e+00 1.257460210673207612e+01
2.503091326620738410e+00 1.257265039946311447e+01
2.510746040157804782e+00 1.257069784476099095e+01
2.518400753694871153e+00 1.256874443870369795e+01
2.526055467231937524e+00 1.256679017734742132e+01
2.533710180769004339e+00 1.256483505672638934e+01
2.541364894306070710e+00 1.256287907285272354e+01
2.549019607843137081e+00 1.256092222171628059e+01
2.556674321380203452e+00 1.255896449928448355e+01
2.564329034917269823e+00 1.255700590150218154e+01
2.571983748454336638e+00 1.255504642429147211e+01
2.579638461991403009e+00 1.255308606355155732e+01
2.587293175528469380e+00 1.255112481515856082e+01
2.594947889065535751e+00 1.254916267496538396e+01
2.602602602602602566e+00 1.254719963880152100e+01
2.610257316139668937e+00 1.254523570247291353e+01
2.617912029676735308e+00 1.254327086176176209e+01
2.625566743213801679e+00 1.254130511242637169e+01
2.633221456750868494e+00 1.253933845020097237e+01
2.640876170287934865e+00 1.253737087079555224e+01
2.648530883825001236e+00 1.253540236989568335e+01
2.656185597362067607e+00 1.253343294316234235e+01
2.663840310899134423e+00 1.253146258623173814e+01
2.671495024436200794e+00 1.252949129471513601e+01
2.679149737973267165e+00 1.252751906419867467e+01
2.686804451510333536e+00 1.252554589024318688e+01
2.694459165047400351e+00 1.252357176838401820e+01
2.702113878584466722e+00 1.252159669413084409e+01
2.709768592121533093e+00 1.251962066296748155e+01
2.717423305658599464e+00 1.251764367035170800e+01
2.725078019195666279e+00 1.251566571171507114e+01
2.732732732732732650e+00 1.251368678246269361e+01
2.740387446269799021e+00 1.251170687797309355e+01
2.748042159806864948e+00 1.250972599359798565e+01
2.755696873343931763e+00 1.250774412466208041e+01
2.763351586880998578e+00 1.250576126646290298e+01
2.771006300418064949e+00 1.250377741427058709e+01
2.778661013955130876e+00 1.250179256332767608e+01
2.786315727492197691e+00 1.249980670884892398e+01
2.793970441029264506e+00 1.249781984602109475e+01
2.801625154566330878e+00 1.249583197000275447e+01
2.809279868103397693e+00 1.249384307592407772e+01
2.816934581640463620e+00 1.249185315888662018e+01
2.824589295177530435e+00 1.248986221396313212e+01
2.832244008714596806e+00 1.248787023619732928e+01
2.839898722251663621e+00 1.248587722060369565e+01
2.847553435788729548e+00 1.248388316216726146e+01
2.855208149325796363e+00 1.248188805584338645e+01
2.862862862862862734e+00 1.247989189655755204e+01
2.870517576399929105e+00 1.247789467920513040e+01
2.878172289936995476e+00 1.247589639865117128e+01
2.885827003474062291e+00 1.247389704973017999e+01
2.893481717011128218e+00 1.247189662724588644e+01
2.901136430548195033e+00 1.246989512597102667e+01
2.908791144085261404e+00 1.246789254064710839e+01
2.916445857622328219e+00 1.246588886598418888e+01
2.924100571159394146e+00 1.246388409666062991e+01
2.931755284696460961e+00 1.246187822732288275e+01
2.939409998233527332e+00 1.245987125258523420e+01
2.947064711770594148e+00 1.245786316702958274e+01
2.954719425307660963e+00 1.245585396520518984e+01
2.962374138844726890e+00 1.245384364162844726e+01
2.970028852381793261e+00 1.245183219078262304e+01
2.977683565918860076e+00 1.244981960711762703e+01
2.985338279455926447e+00 1.244780588504975860e+01
2.992992992992992818e+00 1.244579101896145623e+01
3.000647706530059189e+00 1.244377500320104701e+01
3.008302420067125560e+00 1.244175783208249797e+01
3.015957133604192375e+00 1.243973949988515137e+01
3.023611847141258746e+00 1.243772000085347607e+01
3.031266560678324673e+00 1.243569932919680454e+01
3.038921274215391488e+00 1.243367747908906829e+01
3.046575987752458303e+00 1.243165444466853842e+01
3.054230701289524674e+00 1.242963022003756102e+01
3.061885414826590601e+00 1.242760479926228001e+01
3.069540128363657416e+00 1.242557817637237605e+01
3.077194841900724231e+00 1.242355034536079117e+01
3.084849555437790602e+00 1.242152130018345346e+01
3.092504268974857418e+00 1.241949103475899818e+01
3.100158982511923345e+00 1.241745954296849241e+01
3.107813696048990160e+00 1.241542681865515085e+01
3.115468409586056531e+00 1.241339285562405337e+01
3.123123123123123346e+00 1.241135764764185900e+01
3.130777836660189273e+00 1.240932118843651466e+01
3.138432550197255644e+00 1.240728347169696733e+01
3.146087263734322459e+00 1.240524449107286920e+01
3.153741977271388830e+00 1.240320424017428458e+01
3.161396690808455201e+00 1.240116271257138791e+01
3.169051404345521572e+00 1.239911990179416712e+01
3.176706117882587943e+00 1.239707580133211984e+01
3.184360831419654758e+00 1.239503040463394257e+01
3.192015544956721129e+00 1.239298370510723402e+01
3.199670258493787056e+00 1.239093569611817713e+01
3.207324972030853871e+00 1.238888637099121937e+01
3.214979685567920686e+00 1.238683572300877778e+01
3.222634399104987057e+00 1.238478374541089799e+01
3.230289112642053873e+00 1.238273043139495222e+01
3.237943826179120688e+00 1.238067577411530173e+01
3.245598539716186615e+00 1.237861976668298070e+01
3.253253253253252986e+00 1.237656240216536396e+01
3.260907966790319801e+00 1.237450367358583314e+01
3.268562680327386172e+00 1.237244357392345151e+01
3.276217393864452543e+00 1.237038209611261763e+01
3.283872107401518914e+00 1.236831923304272962e+01
3.291526820938585285e+00 1.236625497755784409e+01
3.299181534475652100e+00 1.236418932245633329e+01
3.306836248012718471e+00 1.236212226049053164e+01
3.314490961549784398e+00 1.236005378436638935e+01
3.322145675086851213e+00 1.235798388674311710e+01
3.329800388623918028e+00 1.235591256023283435e+01
3.337455102160984399e+00 1.235383979740020166e+01
3.345109815698050326e+00 1.235176559076206715e+01
3.352764529235117141e+00 1.234968993278709526e+01
3.360419242772183512e+00 1.234761281589540438e+01
3.368073956309250327e+00 1.234553423245818848e+01
3.375728669846317143e+00 1.234345417479735296e+01
3.383383383383383070e+00 1.234137263518512917e+01
3.391038096920449441e+00 1.233928960584369428e+01
3.398692810457516256e+00 1.233720507894479823e+01
3.406347523994583071e+00 1.233511904660936231e+01
3.414002237531648998e+00 1.233303150090710609e+01
3.421656951068715369e+00 1.233094243385613886e+01
3.429311664605782184e+00 1.232885183742257418e+01
3.436966378142848555e+00 1.232675970352013373e+01
3.444621091679914926e+00 1.232466602400972988e+01
3.452275805216981297e+00 1.232257079069907668e+01
3.459930518754047668e+00 1.232047399534227239e+01
3.467585232291114483e+00 1.231837562963938915e+01
3.475239945828180854e+00 1.231627568523605909e+01
3.482894659365246781e+00 1.231417415372304980e+01
3.490549372902313596e+00 1.231207102663585218e+01
3.498204086439380411e+00 1.230996629545424526e+01
3.505858799976446782e+00 1.230785995160187696e+01
3.513513513513513598e+00 1.230575198644581647e+01
3.521168227050580413e+00 1.230364239129613679e+01
3.528822940587646340e+00 1.230153115740545999e+01
3.536477654124712711e+00 1.229941827596852377e+01
3.544132367661779526e+00 1.229730373812172850e+01
3.551787081198845453e+00 1.229518753494269134e+01
3.559441794735912268e+00 1.229306965744979330e+01
3.567096508272978639e+00 1.229095009660171556e+01
3.574751221810045010e+00 1.228882884329698122e+01
3.582405935347111381e+00 1.228670588837349520e+01
3.590060648884178196e+00 1.228458122260806817e+01
3.597715362421244123e+00 1.228245483671594762e+01
3.605370075958310938e+00 1.228032672135034531e+01
3.613024789495377309e+00 1.227819686710195057e+01
3.620679503032444124e+00 1.227606526449844537e+01
3.628334216569510051e+00 1.227393190400402823e+01
3.635988930106576866e+00 1.227179677601890795e+01
3.643643643643643237e+00 1.226965987087881693e+01
3.651298357180710052e+00 1.226752117885451199e+01
3.658953070717776868e+00 1.226538069015126098e+01
3.666607784254842795e+00 1.226323839490835077e+01
3.674262497791909166e+00 1.226109428319855787e+01
3.681917211328975981e+00 1.225894834502764752e+01
3.689571924866042796e+00 1.225680057033384607e+01
3.697226638403108723e+00 1.225465094898731877e+01
3.704881351940175094e+00 1.225249947078963864e+01
3.712536065477241909e+00 1.225034612547326063e+01
3.720190779014308280e+00 1.224819090270097277e+01
3.727845492551374651e+00 1.224603379206537390e+01
3.735500206088441022e+00 1.224387478308830879e+01
3.743154919625507393e+00 1.224171386522032989e+01
3.750809633162574208e+00 1.223955102784013960e+01
3.758464346699640579e+00 1.223738626025403242e+01
3.766119060236706506e+00 1.223521955169533193e+01
3.773773773773773321e+00 1.223305089132382051e+01
3.781428487310840136e+00 1.223088026822517449e+01
3.789083200847906507e+00 1.222870767141038328e+01
3.796737914384973323e+00 1.222653308981515963e+01
3.804392627922039249e+00 1.222435651229937470e+01
3.812047341459106065e+00 1.222217792764644528e+01
3.819702054996172436e+00 1.221999732456275289e+01
3.827356768533239251e+00 1.221781469167704159e+01
3.835011482070305178e+00 1.221563001753980693e+01
3.842666195607371993e+00 1.221344329062269729e+01
3.850320909144438364e+00 1.221125449931788864e+01
3.857975622681504735e+00 1.220906363193747168e+01
3.865630336218571106e+00 1.220687067671283010e+01
3.873285049755637921e+00 1.220467562179400467e+01
3.880939763292703848e+00 1.220247845524906793e+01
3.888594476829770663e+00 1.220027916506347410e+01
3.896249190366837034e+00 1.219807773913942839e+01
3.903903903903903849e+00 1.219587416529522628e+01
3.911558617440969776e+00 1.219366843126460864e+01
3.919213330978036591e+00 1.219146052469609742e+01
3.926868044515102962e+00 1.218925043315232948e+01
3.934522758052168889e+00 1.218703814410939401e+01
3.942177471589236593e+00 1.218482364495614867e+01
3.949832185126302520e+00 1.218260692299354631e+01
3.957486898663368891e+00 1.218038796543394753e+01
3.965141612200435706e+00 1.217816675940042970e+01
3.972796325737502521e+00 1.217594329192608349e+01
3.980451039274568448e+00 1.217371754995332545e+01
3.988105752811634819e+00 1.217148952033317677e+01
3.995760466348701634e+00 1.216925918982455812e+01
4.003415179885768005e+00 1.216702654509356663e+01
4.011069893422834376e+00 1.216479157271275469e+01
4.018724606959900747e+00 1.216255425916039812e+01
4.026379320496967118e+00 1.216031459081976251e+01
4.034034034034033489e+00 1.215807255397835718e+01
4.041688747571099860e+00 1.215582813482719260e+01
4.049343461108167119e+00 1.215358131946002374e+01
4.056998174645233490e+00 1.215133209387259683e+01
4.064652888182299861e+00 1.214908044396187492e+01
4.072307601719366232e+00 1.214682635552527401e+01
4.079962315256432603e+00 1.214456981425988147e+01
4.087617028793498974e+00 1.214231080576167621e+01
4.095271742330565345e+00 1.214004931552473820e+01
4.102926455867631717e+00 1.213778532894044915e+01
4.110581169404698976e+00 1.213551883129669839e+01
4.118235882941765347e+00 1.213324980777706408e+01
4.125890596478831718e+00 1.213097824346001019e+01
4.133545310015898089e+00 1.212870412331805348e+01
4.141200023552964460e+00 1.212642743221694452e+01
4.148854737090030831e+00 1.212414815491483289e+01
4.156509450627097202e+00 1.212186627606142153e+01
4.164164164164163573e+00 1.211958178019712307e+01
4.171818877701229944e+00 1.211729465175220533e+01
4.179473591238297203e+00 1.211500487504593160e+01
4.187128304775363574e+00 1.211271243428569200e+01
4.194783018312429945e+00 1.211041731356612594e+01
4.202437731849496316e+00 1.210811949686824818e+01
4.210092445386562687e+00 1.210581896805855351e+01
4.217747158923629058e+00 1.210351571088812150e+01
4.225401872460695429e+00 1.210120970899172121e+01
4.233056585997761800e+00 1.209890094588689458e+01
4.240711299534829060e+00 1.209658940497303981e+01
4.248366013071895431e+00 1.209427506953049303e+01
4.256020726608961802e+00 1.209195792271958680e+01
4.263675440146028173e+00 1.208963794757971932e+01
4.271330153683094544e+00 1.208731512702840760e+01
4.278984867220160915e+00 1.208498944386032470e+01
4.286639580757227286e+00 1.208266088074635114e+01
4.294294294294293657e+00 1.208032942023258904e+01
4.301949007831360916e+00 1.207799504473939933e+01
4.309603721368427287e+00 1.207565773656041230e+01
4.317258434905493658e+00 1.207331747786152576e+01
4.324913148442560029e+00 1.207097425067991381e+01
4.332567861979626400e+00 1.206862803692301434e+01
4.340222575516692771e+00 1.206627881836751115e+01
4.347877289053759142e+00 1.206392657665830193e+01
4.355532002590825513e+00 1.206157129330747502e+01
4.363186716127891884e+00 1.205921294969325785e+01
4.370841429664959144e+00 1.205685152705896890e+01
4.378496143202025515e+00 1.205448700651195537e+01
4.386150856739091886e+00 1.205211936902252390e+01
4.393805570276158257e+00 1.204974859542286580e+01
4.401460283813224628e+00 1.204737466640596821e+01
4.409114997350290999e+00 1.204499756252451625e+01
4.416769710887357370e+00 1.204261726418979173e+01
4.424424424424423741e+00 1.204023375167055576e+01
4.432079137961491000e+00 1.203784700509192618e+01
4.439733851498557371e+00 1.203545700443424060e+01
4.447388565035623742e+00 1.203306372953191961e+01
4.455043278572690113e+00 1.203066716007231207e+01
4.462697992109756484e+00 1.202826727559452458e+01
4.470352705646822855e+00 1.202586405548826320e+01
4.478007419183889226e+00 1.202345747899263628e+01
4.485662132720955597e+00 1.202104752519497133e+01
4.493316846258022856e+00 1.201863417302960713e+01
4.500971559795089227e+00 1.201621740127668403e+01
4.508626273332155598e+00 1.201379718856090761e+01
4.516280986869221969e+00 1.201137351335033010e+01
4.523935700406288341e+00 1.200894635395509091e+01
4.531590413943354712e+00 1.200651568852616258e+01
4.539245127480421083e+00 1.200408149505408595e+01
4.546899841017487454e+00 1.200164375136768591e+01
4.554554554554553825e+00 1.199920243513277818e+01
4.562209268091621084e+00 1.199675752385086902e+01
4.569863981628687455e+00 1.199430899485783719e+01
4.577518695165753826e+00 1.199185682532261055e+01
4.585173408702820197e+00 1.198940099224581957e+01
4.592828122239886568e+00 1.198694147245844555e+01
4.600482835776952939e+00 1.198447824262046524e+01
4.608137549314019310e+00 1.198201127921945819e+01
4.615792262851085681e+00 1.197954055856922295e+01
4.623446976388152940e+00 1.197706605680837910e+01
4.631101689925219311e+00 1.197458774989893193e+01
4.638756403462285682e+00 1.197210561362485848e+01
4.646411116999352053e+00 1.196961962359065090e+01
4.654065830536418424e+00 1.196712975521985989e+01
4.661720544073484795e+00 1.196463598375361848e+01
4.669375257610551166e+00 1.196213828424915881e+01
4.677029971147617537e+00 1.195963663157830048e+01
4.684684684684684797e+00 1.195713100042593346e+01
4.692339398221751168e+00 1.195462136528848873e+01
4.699994111758817539e+00 1.195210770047238036e+01
4.707648825295883910e+00 1.194958998009244233e+01
4.715303538832950281e+00 1.194706817807034760e+01
4.722958252370016652e+00 1.194454226813300579e+01
4.730612965907083023e+00 1.194201222381094496e+01
4.738267679444149394e+00 1.193947801843668799e+01
4.745922392981215765e+00 1.193693962514308815e+01
4.753577106518283024e+00 1.193439701686166643e+01
4.761231820055349395e+00 1.193185016632093109e+01
4.768886533592415766e+00 1.192929904604465641e+01
4.776541247129482137e+00 1.192674362835017554e+01
4.784195960666548508e+00 1.192418388534661666e+01
4.791850674203614879e+00 1.192161978893316032e+01
4.799505387740681250e+00 1.191905131079724001e+01
4.807160101277747621e+00 1.191647842241274624e+01
4.814814814814814881e+00 1.191390109503819339e+01
4.822469528351881252e+00 1.191131929971488290e+01
4.830124241888947623e+00 1.190873300726502926e+01
4.837778955426013994e+00 1.190614218828986814e+01
4.845433668963080365e+00 1.190354681316774865e+01
4.853088382500146736e+00 1.190094685205219172e+01
4.860743096037213107e+00 1.189834227486993257e+01
4.868397809574279478e+00 1.189573305131893477e+01
4.876052523111346737e+00 1.189311915086638471e+01
4.883707236648413108e+00 1.189050054274665946e+01
4.891361950185479479e+00 1.188787719595925552e+01
4.899016663722545850e+00 1.188524907926671936e+01
4.906671377259612221e+00 1.188261616119251940e+01
4.914326090796678592e+00 1.187997841001891786e+01
4.921980804333744963e+00 1.187733579378479654e+01
4.929635517870811334e+00 1.187468828028345769e+01
4.937290231407877705e+00 1.187203583706040355e+01
4.944944944944944965e+00 1.186937843141108218e+01
4.952599658482011336e+00 1.186671603037858702e+01
4.960254372019077707e+00 1.186404860075135659e+01
4.967909085556144078e+00 1.186137610906081363e+01
4.975563799093210449e+00 1.185869852157898308e+01
4.983218512630276820e+00 1.185601580431607971e+01
4.990873226167343191e+00 1.185332792301805682e+01
4.998527939704409562e+00 1.185063484316411575e+01
5.006182653241476821e+00 1.184793652996419233e+01
5.013837366778543192e+00 1.184523294835639540e+01
5.021492080315609563e+00 1.184252406300440974e+01
5.029146793852675934e+00 1.183980983829486355e+01
5.036801507389742305e+00 1.183709023833465501e+01
5.044456220926808676e+00 1.183436522694823978e+01
5.052110934463875047e+00 1.183163476767487943e+01
5.059765648000941418e+00 1.182889882376583657e+01
5.067420361538008677e+00 1.182615735818154512e+01
5.075075075075075048e+00 1.182341033358871840e+01
5.082729788612141419e+00 1.182065771235742702e+01
5.090384502149207790e+00 1.181789945655811991e+01
5.098039215686274161e+00 1.181513552795860278e+01
5.105693929223340533e+00 1.181236588802096676e+01
5.113348642760406904e+00 1.180959049789847271e+01
5.121003356297473275e+00 1.180680931843237147e+01
5.128658069834539646e+00 1.180402231014869052e+01
5.136312783371606905e+00 1.180122943325495299e+01
5.143967496908673276e+00 1.179843064763684346e+01
5.151622210445739647e+00 1.179562591285483286e+01
5.159276923982806018e+00 1.179281518814072172e+01
5.166931637519872389e+00 1.178999843239414602e+01
5.174586351056938760e+00 1.178717560417901389e+01
5.182241064594005131e+00 1.178434666171988532e+01
5.189895778131071502e+00 1.178151156289827917e+01
5.197550491668138761e+00 1.177867026524893035e+01
5.205205205205205132e+00 1.177582272595596891e+01
5.212859918742271503e+00 1.177296890184904044e+01
5.220514632279337874e+00 1.177010874939935192e+01
5.228169345816404245e+00 1.176724222471564651e+01
5.235824059353470616e+00 1.176436928354011258e+01
5.243478772890536987e+00 1.176148988124420924e+01
5.251133486427603358e+00 1.175860397282442626e+01
5.258788199964670618e+00 1.175571151289795679e+01
5.266442913501736989e+00 1.175281245569829380e+01
5.274097627038803360e+00 1.174990675507075366e+01
5.281752340575869731e+00 1.174699436446789491e+01
5.289407054112936102e+00 1.174407523694487665e+01
5.297061767650002473e+00 1.174114932515471210e+01
5.304716481187068844e+00 1.173821658134344048e+01
5.312371194724135215e+00 1.173527695734520471e+01
5.320025908261201586e+00 1.173233040457722964e+01
5.327680621798268845e+00 1.172937687403472040e+01
5.335335335335335216e+00 1.172641631628563808e+01
5.342990048872401587e+00 1.172344868146540087e+01
5.350644762409467958e+00 1.172047391927146087e+01
5.358299475946534329e+00 1.171749197895777961e+01
5.365954189483600700e+00 1.171450280932921117e+01
5.373608903020667071e+00 1.171150635873574686e+01
5.381263616557733442e+00 1.170850257506667624e+01
5.388918330094800702e+00 1.170549140574459912e+01
5.396573043631867073e+00 1.170247279771935744e+01
5.404227757168933444e+00 1.169944669746180210e+01
5.411882470705999815e+00 1.169641305095747263e+01
5.419537184243066186e+00 1.169337180370012952e+01
5.427191897780132557e+00 1.169032290068515323e+01
5.434846611317198928e+00 1.168726628640282250e+01
5.442501324854265299e+00 1.168420190483144872e+01
5.450156038391332558e+00 1.168112969943036106e+01
5.457810751928398929e+00 1.167804961313276912e+01
5.465465465465465300e+00 1.167496158833845499e+01
5.473120179002530783e+00 1.167186556690633026e+01
5.480774892539598042e+00 1.166876149014683683e+01
5.488429606076664413e+00 1.166564929881418067e+01
5.496084319613729896e+00 1.166252893309841632e+01
5.503739033150797155e+00 1.165940033261735387e+01
5.511393746687863526e+00 1.165626343640831131e+01
5.519048460224930786e+00 1.165311818291967860e+01
5.526703173761997157e+00 1.164996451000231126e+01
5.534357887299062639e+00 1.164680235490074800e+01
5.542012600836129899e+00 1.164363165424422597e+01
5.549667314373196270e+00 1.164045234403752360e+01
5.557322027910261752e+00 1.163726435965160277e+01
5.564976741447329012e+00 1.163406763581404491e+01
5.572631454984395383e+00 1.163086210659928632e+01
5.580286168521462642e+00 1.162764770541865644e+01
5.587940882058529013e+00 1.162442436501018328e+01
5.595595595595596272e+00 1.162119201742818753e+01
5.603250309132661755e+00 1.161795059403266350e+01
5.610905022669728126e+00 1.161470002547841318e+01
5.618559736206795385e+00 1.161144024170395461e+01
5.626214449743860868e+00 1.160817117192019587e+01
5.633869163280927239e+00 1.160489274459884257e+01
5.641523876817994498e+00 1.160160488746058149e+01
5.649178590355060869e+00 1.159830752746298721e+01
5.656833303892128129e+00 1.159500059078816214e+01
5.664488017429193611e+00 1.159168400283012978e+01
5.672142730966259982e+00 1.158835768818191880e+01
5.679797444503327242e+00 1.158502157062239668e+01
5.687452158040392725e+00 1.158167557310278539e+01
5.695106871577459096e+00 1.157831961773290530e+01
5.702761585114526355e+00 1.157495362576709219e+01
5.710416298651592726e+00 1.157157751758982300e+01
5.718071012188659097e+00 1.156819121270101114e+01
5.725725725725725468e+00 1.156479462970098382e+01
5.733380439262791839e+00 1.156138768627511126e+01
5.741035152799858210e+00 1.155797029917811791e+01
5.748689866336924581e+00 1.155454238421802060e+01
5.756344579873990952e+00 1.155110385623972569e+01
5.763999293411057323e+00 1.154765462910824603e+01
5.771654006948124582e+00 1.154419461569155203e+01
5.779308720485190953e+00 1.154072372784303369e+01
5.786963434022256436e+00 1.153724187638356824e+01
5.794618147559323695e+00 1.153374897108318820e+01
5.802272861096390066e+00 1.153024492064232653e+01
5.809927574633455549e+00 1.152672963267265338e+01
5.817582288170522808e+00 1.152320301367746502e+01
5.825237001707589179e+00 1.151966496903163417e+01
5.832891715244656439e+00 1.151611540296110725e+01
5.840546428781722810e+00 1.151255421852193450e+01
5.848201142318788293e+00 1.150898131757881515e+01
5.855855855855855552e+00 1.150539660078316118e+01
5.863510569392921923e+00 1.150179996755065481e+01
5.871165282929987406e+00 1.149819131603830158e+01
5.878819996467054665e+00 1.149457054312093263e+01
5.886474710004121036e+00 1.149093754436719550e+01
5.894129423541188295e+00 1.148729221401496581e+01
5.901784137078254666e+00 1.148363444494621532e+01
5.909438850615321925e+00 1.147996412866127436e+01
5.917093564152387408e+00 1.147628115525251324e+01
5.924748277689453779e+00 1.147258541337740390e+01
5.932402991226521038e+00 1.146887679023095608e+01
5.940057704763586521e+00 1.146515517151751240e+01
5.947712418300652892e+00 1.146142044142187721e+01
5.955367131837720152e+00 1.145767248257977045e+01
5.963021845374786523e+00 1.145391117604758868e+01
5.970676558911852894e+00 1.145013640127145038e+01
5.978331272448919265e+00 1.144634803605550921e+01
5.985985985985985636e+00 1.144254595652951778e+01
5.993640699523052007e+00 1.143873003711561864e+01
6.001295413060118378e+00 1.143490015049434660e+01
6.008950126597184749e+00 1.143105616756981213e+01
6.016604840134251120e+00 1.142719795743406230e+01
6.024259553671318379e+00 1.142332538733057135e+01
6.031914267208384750e+00 1.141943832261686609e+01
6.039568980745450233e+00 1.141553662672623304e+01
6.047223694282517492e+00 1.141162016112850530e+01
6.054878407819583863e+00 1.140768878528990093e+01
6.062533121356649346e+00 1.140374235663187186e+01
6.070187834893716605e+00 1.139978073048894558e+01
6.077842548430782976e+00 1.139580376006554552e+01
6.085497261967848459e+00 1.139181129639173307e+01
6.093151975504916606e+00 1.138780318827785365e+01
6.100806689041982089e+00 1.138377928226808855e+01
6.108461402579049349e+00 1.137973942259280058e+01
6.116116116116115720e+00 1.137568345111973933e+01
6.123770829653181202e+00 1.137161120730398700e+01
6.131425543190248462e+00 1.136752252813666786e+01
6.139080256727314833e+00 1.136341724809235565e+01
6.146734970264380316e+00 1.135929519907514162e+01
6.154389683801448463e+00 1.135515621036333833e+01
6.162044397338515722e+00 1.135100010855277475e+01
6.169699110875581205e+00 1.134682671749862592e+01
6.177353824412647576e+00 1.134263585825574694e+01
6.185008537949714835e+00 1.133842734901748095e+01
6.192663251486780318e+00 1.133420100505286143e+01
6.200317965023846689e+00 1.132995663864217306e+01
6.207972678560913948e+00 1.132569405901085169e+01
6.215627392097980319e+00 1.132141307226161864e+01
6.223282105635047579e+00 1.131711348130484041e+01
6.230936819172113061e+00 1.131279508578703208e+01
6.238591532709179432e+00 1.130845768201745649e+01
6.246246246246246692e+00 1.130410106289277117e+01
6.253900959783312175e+00 1.129972501781962357e+01
6.261555673320378546e+00 1.129532933263518579e+01
6.269210386857445805e+00 1.129091378952550606e+01
6.276865100394511288e+00 1.128647816694164518e+01
6.284519813931578547e+00 1.128202223951351613e+01
6.292174527468644918e+00 1.127754577796134683e+01
6.299829241005711289e+00 1.127304854900468456e+01
6.307483954542777660e+00 1.126853031526888493e+01
6.315138668079844031e+00 1.126399083518897548e+01
6.322793381616910402e+00 1.125942986291080672e+01
6.330448095153976773e+00 1.125484714818943743e+01
6.338102808691043144e+00 1.125024243628460674e+01
6.345757522228110403e+00 1.124561546785323607e+01
6.353412235765175886e+00 1.124096597883883852e+01
6.361066949302243145e+00 1.123629370035773611e+01
6.368721662839309516e+00 1.123159835858197830e+01
6.376376376376374999e+00 1.122687967461883751e+01
6.384031089913442258e+00 1.122213736438677500e+01
6.391685803450508629e+00 1.121737113848773326e+01
6.399340516987574112e+00 1.121258070207565005e+01
6.406995230524642260e+00 1.120776575472103431e+01
6.414649944061707743e+00 1.120292599027149549e+01
6.422304657598775002e+00 1.119806109670802741e+01
6.429959371135841373e+00 1.119317075599695066e+01
6.437614084672906856e+00 1.118825464393732538e+01
6.445268798209974115e+00 1.118331243000366015e+01
6.452923511747040486e+00 1.117834377718376082e+01
6.460578225284107745e+00 1.117334834181153802e+01
6.468232938821173228e+00 1.116832577339456023e+01
6.475887652358241375e+00 1.116327571443618716e+01
6.483542365895306858e+00 1.115819780025205787e+01
6.491197079432373229e+00 1.115309165878071518e+01
6.498851792969440488e+00 1.114795691038814951e+01
6.506506506506505971e+00 1.114279316766603145e+01
6.514161220043572342e+00 1.113760003522336639e+01
6.521815933580639602e+00 1.113237710947133685e+01
6.529470647117705084e+00 1.112712397840103939e+01
6.537125360654772344e+00 1.112184022135385320e+01
6.544780074191838715e+00 1.111652540878414719e+01
6.552434787728905086e+00 1.111117910201397052e+01
6.560089501265971457e+00 1.110580085297948116e+01
6.567744214803037828e+00 1.110039020396869702e+01
6.575398928340104199e+00 1.109494668735025691e+01
6.583053641877170570e+00 1.108946982529280412e+01
6.590708355414236941e+00 1.108395912947460005e+01
6.598363068951304200e+00 1.107841410078295574e+01
6.606017782488369683e+00 1.107283422900306569e+01
6.613672496025436942e+00 1.106721899249575536e+01
6.621327209562503313e+00 1.106156785786371088e+01
6.628981923099568796e+00 1.105588027960565789e+01
6.636636636636636055e+00 1.105015569975797263e+01
6.644291350173702426e+00 1.104439354752318359e+01
6.651946063710767909e+00 1.103859323888477384e+01
6.659600777247836056e+00 1.103275417620766419e+01
6.667255490784901539e+00 1.102687574782376068e+01
6.674910204321968799e+00 1.102095732760185953e+01
6.682564917859035170e+00 1.101499827450121494e+01
6.690219631396100652e+00 1.100899793210801647e+01
6.697874344933167912e+00 1.100295562815397510e+01
6.705529058470234283e+00 1.099687067401620055e+01
6.713183772007299766e+00 1.099074236419746775e+01
6.720838485544367025e+00 1.098456997578595917e+01
6.728493199081435172e+00 1.097835276789350267e+01
6.736147912618500655e+00 1.097208998107126376e+01
6.743802626155567026e+00 1.096578083670178572e+01
6.751457339692634285e+00 1.095942453636625835e+01
6.759112053229699768e+00 1.095302026118575434e+01
6.766766766766766139e+00 1.094656717113515221e+01
6.774421480303833398e+00 1.094006440432839256e+01
6.782076193840898881e+00 1.093351107627360719e+01
6.789730907377967029e+00 1.092690627909655987e+01
6.797385620915032511e+00 1.092024908073084433e+01
6.805040334452098882e+00 1.091353852407301517e+01
6.812695047989166142e+00 1.090677362610092338e+01
6.820349761526231624e+00 1.089995337695324018e+01
6.828004475063297996e+00 1.089307673896814066e+01
6.835659188600365255e+00 1.088614264567897294e+01
6.843313902137430738e+00 1.087915000076453964e+01
6.850968615674497997e+00 1.087209767695156515e+01
6.858623329211564368e+00 1.086498451486669481e+01
6.866278042748630739e+00 1.085780932183521230e+01
6.873932756285697110e+00 1.085057087062352821e+01
6.881587469822763481e+00 1.084326789812221925e+01
6.889242183359829852e+00 1.083589910396624845e+01
6.896896896896896223e+00 1.082846314908875840e+01
6.904551610433962594e+00 1.082095865420455283e+01
6.912206323971028965e+00 1.081338419821915409e+01
6.919861037508095336e+00 1.080573831655904904e+01
6.927515751045162595e+00 1.079801949941836448e+01
6.935170464582228966e+00 1.079022618991697691e+01
6.942825178119294449e+00 1.078235678216463889e+01
6.950479891656361708e+00 1.077440961922531315e+01
6.958134605193428079e+00 1.076638299097556661e+01
6.965789318730493562e+00 1.075827513185031137e+01
6.973444032267560821e+00 1.075008421846879259e+01
6.981098745804627193e+00 1.074180836713313880e+01
6.988753459341694452e+00 1.073344563119119854e+01
6.996408172878760823e+00 1.072499399825483302e+01
7.004062886415826306e+00 1.071645138726406898e+01
7.011717599952893565e+00 1.070781564538684094e+01
7.019372313489959936e+00 1.069908454474321324e+01
7.027027027027027195e+00 1.069025577894208467e+01
7.034681740564092678e+00 1.068132695941747023e+01
7.042336454101160825e+00 1.067229561155033579e+01
7.049991167638226308e+00 1.066315917056089901e+01
7.057645881175292679e+00 1.065391497715495994e+01
7.065300594712359938e+00 1.064456027290655982e+01
7.072955308249425421e+00 1.063509219535768757e+01
7.080610021786491792e+00 1.062550777281412628e+01
7.088264735323559051e+00 1.061580391881474483e+01
7.095919448860624534e+00 1.060597742624950079e+01
7.103574162397690905e+00 1.059602496109926228e+01
7.111228875934758165e+00 1.058594305576815131e+01
7.118883589471824536e+00 1.057572810197639157e+01
7.126538303008890907e+00 1.056537634317873042e+01
7.134193016545957278e+00 1.055488386647027710e+01
7.141847730083023649e+00 1.054424659393790265e+01
7.149502443620090020e+00 1.053346027341143554e+01
7.157157157157156391e+00 1.052252046856439271e+01
7.164811870694222762e+00 1.051142254830903155e+01
7.172466584231289133e+00 1.050016167542506018e+01
7.180121297768356392e+00 1.048873279435515471e+01
7.187776011305422763e+00 1.047713061809361434e+01
7.195430724842488246e+00 1.046534961408680964e+01
7.203085438379555505e+00 1.045338398905551536e+01
7.210740151916621876e+00 1.044122767263960050e+01
7.218394865453687359e+00 1.042887429975470681e+01
7.226049578990754618e+00 1.041631719153843427e+01
7.233704292527820989e+00 1.040354933474980292e+01
7.241359006064888248e+00 1.039056335947030796e+01
7.249013719601954620e+00 1.037735151493733632e+01
7.256668433139020102e+00 1.036390564332090847e+01
7.264323146676087362e+00 1.035021715123211195e+01
7.271977860213153733e+00 1.033627697872605822e+01
7.279632573750219215e+00 1.032207556553282934e+01
7.287287287287286475e+00 1.030760281421656721e+01
7.294942000824352846e+00 1.029284804992466817e+01
7.302596714361420105e+00 1.027779997634507581e+01
7.310251427898486476e+00 1.026244662743930647e+01
7.317906141435553735e+00 1.024677531446066858e+01
7.325560854972619218e+00 1.023077256769997945e+01
7.333215568509685589e+00 1.021442407232317962e+01
7.340870282046752848e+00 1.019771459757499166e+01
7.348524995583818331e+00 1.018062791851735405e+01
7.356179709120884702e+00 1.016314672934856489e+01
7.363834422657951961e+00 1.014525254720510539e+01
7.371489136195018332e+00 1.012692560517897711e+01
7.379143849732085592e+00 1.010814473308433215e+01
7.386798563269151074e+00 1.008888722427169427e+01
7.394453276806217445e+00 1.006912868650901238e+01
7.402107990343284705e+00 1.004884287461679371e+01
7.409762703880350188e+00 1.002800150214816810e+01
7.417417417417416559e+00 1.000657402892989900e+01
7.425072130954483818e+00 nan
7.432726844491550189e+00 nan
7.440381558028616560e+00 nan
7.448036271565682931e+00 nan
7.455690985102749302e+00 nan
7.463345698639815673e+00 nan
7.471000412176882044e+00 nan
7.478655125713948415e+00 nan
7.486309839251014786e+00 nan
7.493964552788082045e+00 nan
7.501619266325148416e+00 nan
7.509273979862213899e+00 nan
7.516928693399281158e+00 nan
7.524583406936347529e+00 nan
7.532238120473413012e+00 nan
7.539892834010480271e+00 nan
7.547547547547546642e+00 nan
7.555202261084613902e+00 nan
7.562856974621680273e+00 nan
7.570511688158745756e+00 nan
7.578166401695813015e+00 nan
7.585821115232879386e+00 nan
7.593475828769946645e+00 nan
7.601130542307012128e+00 nan
7.608785255844078499e+00 nan
7.616439969381145758e+00 nan
7.624094682918212129e+00 nan
7.631749396455279388e+00 nan
7.639404109992344871e+00 nan
7.647058823529411242e+00 nan
