0.000000000000000000e+00 1.323300494515798320e+01
3.061885414826590913e-03 1.310411992932131220e+01
6.123770829653181827e-03 1.310223934994219874e+01
9.185656244479773608e-03 1.310035840206479740e+01
1.224754165930636365e-02 1.309847708424790547e+01
1.530942707413295370e-02 1.309659539504565728e+01
1.837131248895954722e-02 1.309471333300750295e+01
2.143319790378613726e-02 1.309283089667818167e+01
2.449508331861272731e-02 1.309094808459770753e+01
2.755696873343931735e-02 1.308906489530134820e+01
3.061885414826590740e-02 1.308718132731960182e+01
3.368073956309249745e-02 1.308529737917817748e+01
3.674262497791909443e-02 1.308341304939797212e+01
3.980451039274568448e-02 1.308152833649505098e+01
4.286639580757227452e-02 1.307964323898062453e+01
4.592828122239886457e-02 1.307775775536103069e+01
4.899016663722545462e-02 1.307587188413771173e+01
5.205205205205205160e-02 1.307398562380718765e+01
5.511393746687863471e-02 1.307209897286104372e+01
5.817582288170522475e-02 1.307021192978589674e+01
6.123770829653181480e-02 1.306832449306338795e+01
6.429959371135840485e-02 1.306643666117014568e+01
6.736147912618499489e-02 1.306454843257777654e+01
7.042336454101158494e-02 1.306265980575282981e+01
7.348524995583818886e-02 1.306077077915678686e+01
7.654713537066477891e-02 1.305888135124603622e+01
7.960902078549136895e-02 1.305699152047184164e+01
8.267090620031795900e-02 1.305510128528033142e+01
8.573279161514454905e-02 1.305321064411246823e+01
8.879467702997113909e-02 1.305131959540403130e+01
9.185656244479772914e-02 1.304942813758558806e+01
9.491844785962431919e-02 1.304753626908247099e+01
9.798033327445090923e-02 1.304564398831476169e+01
1.010422186892774854e-01 1.304375129369726061e+01
1.041041041041041032e-01 1.304185818363946225e+01
1.071659895189306794e-01 1.303996465654554093e+01
1.102278749337572694e-01 1.303807071081431346e+01
1.132897603485838595e-01 1.303617634483922849e+01
1.163516457634104495e-01 1.303428155700833457e+01
1.194135311782370396e-01 1.303238634570425525e+01
1.224754165930636296e-01 1.303049070930417130e+01
1.255373020078902335e-01 1.302859464617979235e+01
1.285991874227168097e-01 1.302669815469733194e+01
1.316610728375434136e-01 1.302480123321748096e+01
1.347229582523699898e-01 1.302290388009539335e+01
1.377848436671965937e-01 1.302100609368064710e+01
1.408467290820231699e-01 1.301910787231722466e+01
1.439086144968497738e-01 1.301720921434349520e+01
1.469704999116763777e-01 1.301531011809217908e+01
1.500323853265029539e-01 1.301341058189033006e+01
1.530942707413295578e-01 1.301151060405930160e+01
1.561561561561561340e-01 1.300961018291473081e+01
1.592180415709827379e-01 1.300770931676650655e+01
1.622799269858092863e-01 1.300580800391874448e+01
1.653418124006359180e-01 1.300390624266976225e+01
1.684036978154624942e-01 1.300200403131205462e+01
1.714655832302890981e-01 1.300010136813226325e+01
1.745274686451156743e-01 1.299819825141115537e+01
1.775893540599422782e-01 1.299629467942359184e+01
1.806512394747688544e-01 1.299439065043850583e+01
1.837131248895954583e-01 1.299248616271887258e+01
1.867750103044220344e-01 1.299058121452168635e+01
1.898368957192486384e-01 1.298867580409792311e+01
1.928987811340752145e-01 1.298676992969253341e+01
1.959606665489018185e-01 1.298486358954439090e+01
1.990225519637284224e-01 1.298295678188628344e+01
2.020844373785549708e-01 1.298104950494487753e+01
2.051463227933816025e-01 1.297914175694069172e+01
2.082082082082082064e-01 1.297723353608806995e+01
2.112700936230347826e-01 1.297532484059515134e+01
2.143319790378613587e-01 1.297341566866384532e+01
2.173938644526879627e-01 1.297150601848980145e+01
2.204557498675145388e-01 1.296959588826238097e+01
2.235176352823411428e-01 1.296768527616462841e+01
2.265795206971677189e-01 1.296577418037324136e+01
2.296414061119943228e-01 1.296386259905855098e+01
2.327032915268208990e-01 1.296195053038447575e+01
2.357651769416475029e-01 1.296003797250850909e+01
2.388270623564740791e-01 1.295812492358168200e+01
2.418889477713006830e-01 1.295621138174853293e+01
2.449508331861272592e-01 1.295429734514708464e+01
2.480127186009538909e-01 1.295238281190880514e+01
2.510746040157804670e-01 1.295046778015858635e+01
2.541364894306070710e-01 1.294855224801471394e+01
2.571983748454336194e-01 1.294663621358882821e+01
2.602602602602602233e-01 1.294471967498590281e+01
2.633221456750868272e-01 1.294280263030421274e+01
2.663840310899134312e-01 1.294088507763530060e+01
2.694459165047399796e-01 1.293896701506394997e+01
2.725078019195665835e-01 1.293704844066815163e+01
2.755696873343931874e-01 1.293512935251906981e+01
2.786315727492197913e-01 1.293320974868102091e+01
2.816934581640463398e-01 1.293128962721143438e+01
2.847553435788729437e-01 1.292936898616082075e+01
2.878172289936995476e-01 1.292744782357274147e+01
2.908791144085260960e-01 1.292552613748378221e+01
2.939409998233527554e-01 1.292360392592351204e+01
2.970028852381793039e-01 1.292168118691445855e+01
3.000647706530059078e-01 1.291975791847207589e+01
3.031266560678325117e-01 1.291783411860470032e+01
3.061885414826591156e-01 1.291590978531353784e+01
3.092504268974856640e-01 1.291398491659261261e+01
3.123123123123122680e-01 1.291205951042874567e+01
3.153741977271388719e-01 1.291013356480151586e+01
3.184360831419654758e-01 1.290820707768322961e+01
3.214979685567920242e-01 1.290628004703889076e+01
3.245598539716185726e-01 1.290435247082615788e+01
3.276217393864452321e-01 1.290242434699531593e+01
3.306836248012718360e-01 1.290049567348924953e+01
3.337455102160983844e-01 1.289856644824338971e+01
3.368073956309249883e-01 1.289663666918570506e+01
3.398692810457515923e-01 1.289470633423664125e+01
3.429311664605781962e-01 1.289277544130911046e+01
3.459930518754048001e-01 1.289084398830843625e+01
3.490549372902313485e-01 1.288891197313233583e+01
3.521168227050579524e-01 1.288697939367086853e+01
3.551787081198845564e-01 1.288504624780641805e+01
3.582405935347111603e-01 1.288311253341364093e+01
3.613024789495377087e-01 1.288117824835943992e+01
3.643643643643643126e-01 1.287924339050293021e+01
3.674262497791909166e-01 1.287730795769539682e+01
3.704881351940174650e-01 1.287537194778025906e+01
3.735500206088440689e-01 1.287343535859304033e+01
3.766119060236706728e-01 1.287149818796132372e+01
3.796737914384972767e-01 1.286956043370472536e+01
3.827356768533238807e-01 1.286762209363484466e+01
3.857975622681504291e-01 1.286568316555524127e+01
3.888594476829770330e-01 1.286374364726138353e+01
3.919213330978036369e-01 1.286180353654062536e+01
3.949832185126302408e-01 1.285986283117215834e+01
3.980451039274568448e-01 1.285792152892697615e+01
4.011069893422833932e-01 1.285597962756783730e+01
4.041688747571099416e-01 1.285403712484923311e+01
4.072307601719366010e-01 1.285209401851733979e+01
4.102926455867632050e-01 1.285015030630998112e+01
4.133545310015897534e-01 1.284820598595659646e+01
4.164164164164164128e-01 1.284626105517819816e+01
4.194783018312429612e-01 1.284431551168732888e+01
4.225401872460695651e-01 1.284236935318802786e+01
4.256020726608961136e-01 1.284042257737578829e+01
4.286639580757227175e-01 1.283847518193751824e+01
4.317258434905493214e-01 1.283652716455150156e+01
4.347877289053759253e-01 1.283457852288735701e+01
4.378496143202024737e-01 1.283262925460599746e+01
4.409114997350290777e-01 1.283067935735959253e+01
4.439733851498556816e-01 1.282872882879152066e+01
4.470352705646822855e-01 1.282677766653633711e+01
4.500971559795088894e-01 1.282482586821972603e+01
4.531590413943354378e-01 1.282287343145846314e+01
4.562209268091620418e-01 1.282092035386037487e+01
4.592828122239886457e-01 1.281896663302429040e+01
4.623446976388153051e-01 1.281701226654000614e+01
4.654065830536417980e-01 1.281505725198824308e+01
4.684684684684684020e-01 1.281310158694060064e+01
4.715303538832950059e-01 1.281114526895951578e+01
4.745922392981216098e-01 1.280918829559822214e+01
4.776541247129481582e-01 1.280723066440070568e+01
4.807160101277747621e-01 1.280527237290165843e+01
4.837778955426013661e-01 1.280331341862644479e+01
4.868397809574279700e-01 1.280135379909104287e+01
4.899016663722545184e-01 1.279939351180201434e+01
4.929635517870811223e-01 1.279743255425645287e+01
4.960254372019077818e-01 1.279547092394194507e+01
4.990873226167343302e-01 1.279350861833651720e+01
5.021492080315609341e-01 1.279154563490859786e+01
5.052110934463874825e-01 1.278958197111697714e+01
5.082729788612141419e-01 1.278761762441074623e+01
5.113348642760406904e-01 1.278565259222926542e+01
5.143967496908672388e-01 1.278368687200211795e+01
5.174586351056938982e-01 1.278172046114905314e+01
5.205205205205204466e-01 1.277975335707995441e+01
5.235824059353469950e-01 1.277778555719478071e+01
5.266442913501736545e-01 1.277581705888352914e+01
5.297061767650002029e-01 1.277384785952618351e+01
5.327680621798268623e-01 1.277187795649266633e+01
5.358299475946534107e-01 1.276990734714279441e+01
5.388918330094799591e-01 1.276793602882623269e+01
5.419537184243066186e-01 1.276596399888243916e+01
5.450156038391331670e-01 1.276399125464062756e+01
5.480774892539597154e-01 1.276201779341970877e+01
5.511393746687863748e-01 1.276004361252824815e+01
5.542012600836129232e-01 1.275806870926441938e+01
5.572631454984395827e-01 1.275609308091594585e+01
5.603250309132661311e-01 1.275411672476006153e+01
5.633869163280926795e-01 1.275213963806345596e+01
5.664488017429193389e-01 1.275016181808222804e+01
5.695106871577458874e-01 1.274818326206182917e+01
5.725725725725725468e-01 1.274620396723702065e+01
5.756344579873990952e-01 1.274422393083182214e+01
5.786963434022256436e-01 1.274224315005945840e+01
5.817582288170521920e-01 1.274026162212230773e+01
5.848201142318788515e-01 1.273827934421185404e+01
5.878819996467055109e-01 1.273629631350863001e+01
5.909438850615320593e-01 1.273431252718217266e+01
5.940057704763586077e-01 1.273232798239096830e+01
5.970676558911852672e-01 1.273034267628239391e+01
6.001295413060118156e-01 1.272835660599267626e+01
6.031914267208383640e-01 1.272636976864683156e+01
6.062533121356650234e-01 1.272438216135861033e+01
6.093151975504915718e-01 1.272239378123045128e+01
6.123770829653182313e-01 1.272040462535342442e+01
6.154389683801446687e-01 1.271841469080717424e+01
6.185008537949713281e-01 1.271642397465987173e+01
6.215627392097979875e-01 1.271443247396815046e+01
6.246246246246245359e-01 1.271244018577706569e+01
6.276865100394510844e-01 1.271044710712002512e+01
6.307483954542777438e-01 1.270845323501874446e+01
6.338102808691042922e-01 1.270645856648318173e+01
6.368721662839309516e-01 1.270446309851149636e+01
6.399340516987575000e-01 1.270246682808997640e+01
6.429959371135840485e-01 1.270046975219299235e+01
6.460578225284107079e-01 1.269847186778293846e+01
6.491197079432371453e-01 1.269647317181017243e+01
6.521815933580639157e-01 1.269447366121296561e+01
6.552434787728904642e-01 1.269247333291743729e+01
6.583053641877170126e-01 1.269047218383750142e+01
6.613672496025436720e-01 1.268847021087480798e+01
6.644291350173702204e-01 1.268646741091868080e+01
6.674910204321967688e-01 1.268446378084606962e+01
6.705529058470234283e-01 1.268245931752147726e+01
6.736147912618499767e-01 1.268045401779690629e+01
6.766766766766766361e-01 1.267844787851180222e+01
6.797385620915031845e-01 1.267644089649299488e+01
6.828004475063296219e-01 1.267443306855462382e+01
6.858623329211563924e-01 1.267242439149810096e+01
6.889242183359829408e-01 1.267041486211202717e+01
6.919861037508096002e-01 1.266840447717214602e+01
6.950479891656361486e-01 1.266639323344127810e+01
6.981098745804626970e-01 1.266438112766925705e+01
7.011717599952893565e-01 1.266236815659286563e+01
7.042336454101159049e-01 1.266035431693578595e+01
7.072955308249424533e-01 1.265833960540851777e+01
7.103574162397691127e-01 1.265632401870833057e+01
7.134193016545956612e-01 1.265430755351919068e+01
7.164811870694223206e-01 1.265229020651170799e+01
7.195430724842488690e-01 1.265027197434306139e+01
7.226049578990754174e-01 1.264825285365694008e+01
7.256668433139020769e-01 1.264623284108347079e+01
7.287287287287286253e-01 1.264421193323917336e+01
7.317906141435551737e-01 1.264219012672686837e+01
7.348524995583818331e-01 1.264016741813563094e+01
7.379143849732083815e-01 1.263814380404071436e+01
7.409762703880349299e-01 1.263611928100349502e+01
7.440381558028615894e-01 1.263409384557138893e+01
7.471000412176881378e-01 1.263206749427779840e+01
7.501619266325147972e-01 1.263004022364204459e+01
7.532238120473413456e-01 1.262801203016928575e+01
7.562856974621680051e-01 1.262598291035046572e+01
7.593475828769945535e-01 1.262395286066223754e+01
7.624094682918211019e-01 1.262192187756689421e+01
7.654713537066477613e-01 1.261988995751230291e+01
7.685332391214743097e-01 1.261785709693183222e+01
7.715951245363008582e-01 1.261582329224427923e+01
7.746570099511274066e-01 1.261378853985381099e+01
7.777188953659540660e-01 1.261175283614988274e+01
7.807807807807807254e-01 1.260971617750716867e+01
7.838426661956072738e-01 1.260767856028549616e+01
7.869045516104338223e-01 1.260563998082976944e+01
7.899664370252604817e-01 1.260360043546989495e+01
7.930283224400870301e-01 1.260155992052071738e+01
7.960902078549136895e-01 1.259951843228193624e+01
7.991520932697402380e-01 1.259747596703804362e+01
8.022139786845667864e-01 1.259543252105823896e+01
8.052758640993934458e-01 1.259338809059636688e+01
8.083377495142198832e-01 1.259134267189083367e+01
8.113996349290465426e-01 1.258929626116453449e+01
8.144615203438732021e-01 1.258724885462478049e+01
8.175234057586997505e-01 1.258520044846322428e+01
8.205852911735264099e-01 1.258315103885577813e+01
8.236471765883529583e-01 1.258110062196254475e+01
8.267090620031795067e-01 1.257904919392773202e+01
8.297709474180061662e-01 1.257699675087958369e+01
8.328328328328328256e-01 1.257494328893029945e+01
8.358947182476593740e-01 1.257288880417595500e+01
8.389566036624859224e-01 1.257083329269642391e+01
8.420184890773124708e-01 1.256877675055529764e+01
8.450803744921391303e-01 1.256671917379981274e+01
8.481422599069656787e-01 1.256466055846076380e+01
8.512041453217922271e-01 1.256260090055242529e+01
8.542660307366188865e-01 1.256054019607247341e+01
8.573279161514454350e-01 1.255847844100190080e+01
8.603898015662720944e-01 1.255641563130494021e+01
8.634516869810986428e-01 1.255435176292897737e+01
8.665135723959253022e-01 1.255228683180447291e+01
8.695754578107518507e-01 1.255022083384487885e+01
8.726373432255783991e-01 1.254815376494655155e+01
8.756992286404049475e-01 1.254608562098866997e+01
8.787611140552316069e-01 1.254401639783315936e+01
8.818229994700581553e-01 1.254194609132459348e+01
8.848848848848848148e-01 1.253987469729011295e+01
8.879467702997113632e-01 1.253780221153935415e+01
8.910086557145379116e-01 1.253572862986434089e+01
8.940705411293645710e-01 1.253365394803941157e+01
8.971324265441911194e-01 1.253157816182113216e+01
9.001943119590177789e-01 1.252950126694820199e+01
9.032561973738443273e-01 1.252742325914137389e+01
9.063180827886708757e-01 1.252534413410336001e+01
9.093799682034975351e-01 1.252326388751874475e+01
9.124418536183240835e-01 1.252118251505389424e+01
9.155037390331506320e-01 1.251910001235686920e+01
9.185656244479772914e-01 1.251701637505733267e+01
9.216275098628038398e-01 1.251493159876646111e+01
9.246893952776306103e-01 1.251284567907685030e+01
9.277512806924570476e-01 1.251075861156242297e+01
9.308131661072835961e-01 1.250867039177834172e+01
9.338750515221102555e-01 1.250658101526090960e+01
9.369369369369368039e-01 1.250449047752748122e+01
9.399988223517634633e-01 1.250239877407636691e+01
9.430607077665900118e-01 1.250030590038673850e+01
9.461225931814165602e-01 1.249821185191853701e+01
9.491844785962432196e-01 1.249611662411236779e+01
9.522463640110697680e-01 1.249402021238941707e+01
9.553082494258963164e-01 1.249192261215135069e+01
9.583701348407230869e-01 1.248982381878021108e+01
9.614320202555495243e-01 1.248772382763832489e+01
9.644939056703761837e-01 1.248562263406820705e+01
9.675557910852027321e-01 1.248352023339245775e+01
9.706176765000292805e-01 1.248141662091366122e+01
9.736795619148559400e-01 1.247931179191429152e+01
9.767414473296824884e-01 1.247720574165661134e+01
9.798033327445090368e-01 1.247509846538256362e+01
9.828652181593356962e-01 1.247298995831367741e+01
9.859271035741622446e-01 1.247088021565096305e+01
9.889889889889889041e-01 1.246876923257480918e+01
9.920508744038155635e-01 1.246665700424487611e+01
9.951127598186420009e-01 1.246454352580000347e+01
9.981746452334686603e-01 1.246242879235808587e+01
1.001236530648295320e+00 1.246031279901598410e+01
1.004298416063121868e+00 1.245819554084941672e+01
1.007360301477948417e+00 1.245607701291284464e+01
1.010422186892774965e+00 1.245395721023937163e+01
1.013484072307601513e+00 1.245183612784063598e+01
1.016545957722428284e+00 1.244971376070669855e+01
1.019607843137254832e+00 1.244759010380593622e+01
1.022669728552081381e+00 1.244546515208493176e+01
1.025731613966907929e+00 1.244333890046836011e+01
1.028793499381734478e+00 1.244121134385888716e+01
1.031855384796561248e+00 1.243908247713704185e+01
1.034917270211387796e+00 1.243695229516112200e+01
1.037979155626214345e+00 1.243482079276706465e+01
1.041041041041040893e+00 1.243268796476834126e+01
1.044102926455867442e+00 1.243055380595584580e+01
1.047164811870693990e+00 1.242841831109777040e+01
1.050226697285520761e+00 1.242628147493949520e+01
1.053288582700347309e+00 1.242414329220347291e+01
1.056350468115173857e+00 1.242200375758910447e+01
1.059412353530000406e+00 1.241986286577263243e+01
1.062474238944826954e+00 1.241772061140701133e+01
1.065536124359653725e+00 1.241557698912179042e+01
1.068598009774480273e+00 1.241343199352299820e+01
1.071659895189306821e+00 1.241128561919301987e+01
1.074721780604133370e+00 1.240913786069046765e+01
1.077783666018959918e+00 1.240698871255007063e+01
1.080845551433786689e+00 1.240483816928254157e+01
1.083907436848613237e+00 1.240268622537445964e+01
1.086969322263439786e+00 1.240053287528813897e+01
1.090031207678266334e+00 1.239837811346150787e+01
1.093093093093092882e+00 1.239622193430797914e+01
1.096154978507919431e+00 1.239406433221632575e+01
1.099216863922746201e+00 1.239190530155055114e+01
1.102278749337572750e+00 1.238974483664975956e+01
1.105340634752399076e+00 1.238758293182802461e+01
1.108402520167225846e+00 1.238541958137426491e+01
1.111464405582052395e+00 1.238325477955210552e+01
1.114526290996879165e+00 1.238108852059975007e+01
1.117588176411705714e+00 1.237892079872984219e+01
1.120650061826532262e+00 1.237675160812934116e+01
1.123711947241358811e+00 1.237458094295937627e+01
1.126773832656185359e+00 1.237240879735511534e+01
1.129835718071012129e+00 1.237023516542562973e+01
1.132897603485838678e+00 1.236806004125375402e+01
1.135959488900665226e+00 1.236588341889594744e+01
1.139021374315491775e+00 1.236370529238215532e+01
1.142083259730318323e+00 1.236152565571566875e+01
1.145145145145145094e+00 1.235934450287298070e+01
1.148207030559971642e+00 1.235716182780364747e+01
1.151268915974798190e+00 1.235497762443013947e+01
1.154330801389624739e+00 1.235279188664770444e+01
1.157392686804451287e+00 1.235060460832421647e+01
1.160454572219278058e+00 1.234841578330002854e+01
1.163516457634104384e+00 1.234622540538783220e+01
1.166578343048931155e+00 1.234403346837249771e+01
1.169640228463757703e+00 1.234183996601094080e+01
1.172702113878584029e+00 1.233964489203195392e+01
1.175763999293411022e+00 1.233744824013606589e+01
1.178825884708237570e+00 1.233525000399539095e+01
1.181887770123064119e+00 1.233305017725346175e+01
1.184949655537890667e+00 1.233084875352509435e+01
1.188011540952717215e+00 1.232864572639621237e+01
1.191073426367543764e+00 1.232644108942370131e+01
1.194135311782370534e+00 1.232423483613525228e+01
1.197197197197197083e+00 1.232202696002919140e+01
1.200259082612023631e+00 1.231981745457433064e+01
1.203320968026850180e+00 1.231760631320980259e+01
1.206382853441676728e+00 1.231539352934489173e+01
1.209444738856503498e+00 1.231317909635887986e+01
1.212506624271330047e+00 1.231096300760087381e+01
1.215568509686156595e+00 1.230874525638964201e+01
1.218630395100983144e+00 1.230652583601344929e+01
1.221692280515809692e+00 1.230430473972987571e+01
1.224754165930636463e+00 1.230208196076566907e+01
1.227816051345463011e+00 1.229985749231654601e+01
1.230877936760289337e+00 1.229763132754704280e+01
1.233939822175116108e+00 1.229540345959032699e+01
1.237001707589942656e+00 1.229317388154802693e+01
1.240063593004769427e+00 1.229094258649005411e+01
1.243125478419595975e+00 1.228870956745442733e+01
1.246187363834422523e+00 1.228647481744708969e+01
1.249249249249249072e+00 1.228423832944172744e+01
1.252311134664075620e+00 1.228200009637959056e+01
1.255373020078902169e+00 1.227976011116931154e+01
1.258434905493728939e+00 1.227751836668671181e+01
1.261496790908555488e+00 1.227527485577462230e+01
1.264558676323382036e+00 1.227302957124269334e+01
1.267620561738208584e+00 1.227078250586720110e+01
1.270682447153035133e+00 1.226853365239086635e+01
1.273744332567861903e+00 1.226628300352265022e+01
1.276806217982688452e+00 1.226403055193756764e+01
1.279868103397515000e+00 1.226177629027649196e+01
1.282929988812341549e+00 1.225952021114595070e+01
1.285991874227168097e+00 1.225726230711793541e+01
1.289053759641994645e+00 1.225500257072969390e+01
1.292115645056821416e+00 1.225274099448353304e+01
1.295177530471647964e+00 1.225047757084661271e+01
1.298239415886474291e+00 1.224821229225073793e+01
1.301301301301301061e+00 1.224594515109216353e+01
1.304363186716127831e+00 1.224367613973136493e+01
1.307425072130954380e+00 1.224140525049284633e+01
1.310486957545780928e+00 1.223913247566491691e+01
1.313548842960607477e+00 1.223685780749948471e+01
1.316610728375434025e+00 1.223458123821183285e+01
1.319672613790260574e+00 1.223230275998040639e+01
1.322734499205087344e+00 1.223002236494659023e+01
1.325796384619913892e+00 1.222774004521449420e+01
1.328858270034740441e+00 1.222545579285071859e+01
1.331920155449566989e+00 1.222316959988413743e+01
1.334982040864393538e+00 1.222088145830566575e+01
1.338043926279220308e+00 1.221859136006803759e+01
1.341105811694046857e+00 1.221629929708556617e+01
1.344167697108873405e+00 1.221400526123391472e+01
1.347229582523699953e+00 1.221170924434986205e+01
1.350291467938526502e+00 1.220941123823106267e+01
1.353353353353353272e+00 1.220711123463580705e+01
1.356415238768179599e+00 1.220480922528278711e+01
1.359477124183006369e+00 1.220250520185084042e+01
1.362539009597832917e+00 1.220019915597871041e+01
1.365600895012659244e+00 1.219789107926480298e+01
1.368662780427486236e+00 1.219558096326692720e+01
1.371724665842312785e+00 1.219326879950204834e+01
1.374786551257139333e+00 1.219095457944602856e+01
1.377848436671965882e+00 1.218863829453337289e+01
1.380910322086792430e+00 1.218631993615697162e+01
1.383972207501619200e+00 1.218399949566783036e+01
1.387034092916445749e+00 1.218167696437481240e+01
1.390095978331272297e+00 1.217935233354437052e+01
1.393157863746098846e+00 1.217702559440027521e+01
1.396219749160925394e+00 1.217469673812334463e+01
1.399281634575751943e+00 1.217236575585116753e+01
1.402343519990578713e+00 1.217003263867782969e+01
1.405405405405405261e+00 1.216769737765363324e+01
1.408467290820231810e+00 1.216535996378481244e+01
1.411529176235058358e+00 1.216302038803324770e+01
1.414591061649884907e+00 1.216067864131618315e+01
1.417652947064711677e+00 1.215833471450592818e+01
1.420714832479538225e+00 1.215598859842957324e+01
1.423776717894364552e+00 1.215364028386868611e+01
1.426838603309191322e+00 1.215128976155901341e+01
1.429900488724017871e+00 1.214893702219018579e+01
1.432962374138844641e+00 1.214658205640540167e+01
1.436024259553671190e+00 1.214422485480112890e+01
1.439086144968497738e+00 1.214186540792679025e+01
1.442148030383324286e+00 1.213950370628444908e+01
1.445209915798150835e+00 1.213713974032849130e+01
1.448271801212977605e+00 1.213477350046530567e+01
1.451333686627804154e+00 1.213240497705296406e+01
1.454395572042630702e+00 1.213003416040088744e+01
1.457457457457457251e+00 1.212766104076952089e+01
1.460519342872283799e+00 1.212528560836999958e+01
1.463581228287110347e+00 1.212290785336381305e+01
1.466643113701937118e+00 1.212052776586245884e+01
1.469704999116763666e+00 1.211814533592710852e+01
1.472766884531590215e+00 1.211576055356825421e+01
1.475828769946416763e+00 1.211337340874535506e+01
1.478890655361243311e+00 1.211098389136649267e+01
1.481952540776069860e+00 1.210859199128800157e+01
1.485014426190896630e+00 1.210619769831412107e+01
1.488076311605723179e+00 1.210380100219661514e+01
1.491138197020549505e+00 1.210140189263441179e+01
1.494200082435376276e+00 1.209900035927323003e+01
1.497261967850203046e+00 1.209659639170520151e+01
1.500323853265029594e+00 1.209418997946848506e+01
1.503385738679856143e+00 1.209178111204688832e+01
1.506447624094682691e+00 1.208936977886947695e+01
1.509509509509509240e+00 1.208695596931017846e+01
1.512571394924336010e+00 1.208453967268738616e+01
1.515633280339162559e+00 1.208212087826355940e+01
1.518695165753989107e+00 1.207969957524481686e+01
1.521757051168815655e+00 1.207727575278052257e+01
1.524818936583642204e+00 1.207484939996287743e+01
1.527880821998468974e+00 1.207242050582649107e+01
1.530942707413295523e+00 1.206998905934796973e+01
1.534004592828122071e+00 1.206755504944547752e+01
1.537066478242948619e+00 1.206511846497830653e+01
1.540128363657775168e+00 1.206267929474644163e+01
1.543190249072601716e+00 1.206023752749011635e+01
1.546252134487428487e+00 1.205779315188936174e+01
1.549314019902254813e+00 1.205534615656355868e+01
1.552375905317081584e+00 1.205289653007097606e+01
1.555437790731908132e+00 1.205044426090831600e+01
1.558499676146734458e+00 1.204798933751023426e+01
1.561561561561561451e+00 1.204553174824887662e+01
1.564623446976387999e+00 1.204307148143339568e+01
1.567685332391214548e+00 1.204060852530947479e+01
1.570747217806041096e+00 1.203814286805882361e+01
1.573809103220867645e+00 1.203567449779870024e+01
1.576870988635694415e+00 1.203320340258140142e+01
1.579932874050520963e+00 1.203072957039375801e+01
1.582994759465347512e+00 1.202825298915662700e+01
1.586056644880174060e+00 1.202577364672436566e+01
1.589118530295000609e+00 1.202329153088432001e+01
1.592180415709827379e+00 1.202080662935628652e+01
1.595242301124653928e+00 1.201831892979197747e+01
1.598304186539480476e+00 1.201582841977447913e+01
1.601366071954307024e+00 1.201333508681771178e+01
1.604427957369133573e+00 1.201083891836586304e+01
1.607489842783960121e+00 1.200833990179283539e+01
1.610551728198786892e+00 1.200583802440167425e+01
1.613613613613613440e+00 1.200333327342400125e+01
1.616675499028439766e+00 1.200082563601942098e+01
1.619737384443266537e+00 1.199831509927494899e+01
1.622799269858093085e+00 1.199580165020440425e+01
1.625861155272919856e+00 1.199328527574781411e+01
1.628923040687746404e+00 1.199076596277080675e+01
1.631984926102572953e+00 1.198824369806398948e+01
1.635046811517399501e+00 1.198571846834233590e+01
1.638108696932226049e+00 1.198319026024454281e+01
1.641170582347052820e+00 1.198065906033240147e+01
1.644232467761879368e+00 1.197812485509014913e+01
1.647294353176705917e+00 1.197558763092381895e+01
1.650356238591532465e+00 1.197304737416057208e+01
1.653418124006359013e+00 1.197050407104803149e+01
1.656480009421186006e+00 1.196795770775360879e+01
1.659541894836012332e+00 1.196540827036381671e+01
1.662603780250838881e+00 1.196285574488357106e+01
1.665665665665665651e+00 1.196030011723549258e+01
1.668727551080491978e+00 1.195774137325919995e+01
1.671789436495318748e+00 1.195517949871058150e+01
1.674851321910145296e+00 1.195261447926107579e+01
1.677913207324971845e+00 1.195004630049692906e+01
1.680975092739798393e+00 1.194747494791845099e+01
1.684036978154624942e+00 1.194490040693926503e+01
1.687098863569451490e+00 1.194232266288553213e+01
1.690160748984278261e+00 1.193974170099518517e+01
1.693222634399104809e+00 1.193715750641714557e+01
1.696284519813931357e+00 1.193457006421052924e+01
1.699346405228757906e+00 1.193197935934384013e+01
1.702408290643584454e+00 1.192938537669416199e+01
1.705470176058411225e+00 1.192678810104633058e+01
1.708532061473237773e+00 1.192418751709210767e+01
1.711593946888064321e+00 1.192158360942932482e+01
1.714655832302890870e+00 1.191897636256104498e+01
1.717717717717717418e+00 1.191636576089468491e+01
1.720779603132544189e+00 1.191375178874114127e+01
1.723841488547370959e+00 1.191113443031390773e+01
1.726903373962197286e+00 1.190851366972817615e+01
1.729965259377023834e+00 1.190588949099992355e+01
1.733027144791850604e+00 1.190326187804499014e+01
1.736089030206677153e+00 1.190063081467815387e+01
1.739150915621503701e+00 1.189799628461217651e+01
1.742212801036330250e+00 1.189535827145685687e+01
1.745274686451156798e+00 1.189271675871804668e+01
1.748336571865983347e+00 1.189007172979668780e+01
1.751398457280809895e+00 1.188742316798780507e+01
1.754460342695636665e+00 1.188477105647950260e+01
1.757522228110463214e+00 1.188211537835194598e+01
1.760584113525289762e+00 1.187945611657633016e+01
1.763645998940116311e+00 1.187679325401382968e+01
1.766707884354942859e+00 1.187412677341453993e+01
1.769769769769769630e+00 1.187145665741640599e+01
1.772831655184596178e+00 1.186878288854413377e+01
1.775893540599422726e+00 1.186610544920808685e+01
1.778955426014249275e+00 1.186342432170317451e+01
1.782017311429075823e+00 1.186073948820771840e+01
1.785079196843902594e+00 1.185805093078230676e+01
1.788141082258729142e+00 1.185535863136863455e+01
1.791202967673555912e+00 1.185266257178833094e+01
1.794264853088382239e+00 1.184996273374176567e+01
1.797326738503208787e+00 1.184725909880684291e+01
1.800388623918035558e+00 1.184455164843777730e+01
1.803450509332862106e+00 1.184184036396385942e+01
1.806512394747688655e+00 1.183912522658819455e+01
1.809574280162515203e+00 1.183640621738643794e+01
1.812636165577341751e+00 1.183368331730549983e+01
1.815698050992168522e+00 1.183095650716224512e+01
1.818759936406995070e+00 1.182822576764216649e+01
1.821821821821821619e+00 1.182549107929804499e+01
1.824883707236648167e+00 1.182275242254859116e+01
1.827945592651474715e+00 1.182000977767706829e+01
1.831007478066301264e+00 1.181726312482989449e+01
1.834069363481128034e+00 1.181451244401523226e+01
1.837131248895954583e+00 1.181175771510155670e+01
1.840193134310781131e+00 1.180899891781619360e+01
1.843255019725607680e+00 1.180623603174385750e+01
1.846316905140434228e+00 1.180346903632515421e+01
1.849378790555261221e+00 1.180069791085506914e+01
1.852440675970087547e+00 1.179792263448143608e+01
1.855502561384914095e+00 1.179514318620338109e+01
1.858564446799740866e+00 1.179235954486974691e+01
1.861626332214567192e+00 1.178957168917749954e+01
1.864688217629393963e+00 1.178677959767010819e+01
1.867750103044220511e+00 1.178398324873590397e+01
1.870811988459047059e+00 1.178118262060641364e+01
1.873873873873873608e+00 1.177837769135468449e+01
1.876935759288700156e+00 1.177556843889356131e+01
1.879997644703526927e+00 1.177275484097396330e+01
1.883059530118353475e+00 1.176993687518312370e+01
1.886121415533180024e+00 1.176711451894280458e+01
1.889183300948006572e+00 1.176428774950750089e+01
1.892245186362833120e+00 1.176145654396260021e+01
1.895307071777659669e+00 1.175862087922252641e+01
1.898368957192486439e+00 1.175578073202886564e+01
1.901430842607312988e+00 1.175293607894844783e+01
1.904492728022139536e+00 1.175008689637141757e+01
1.907554613436966084e+00 1.174723316050926591e+01
1.910616498851792633e+00 1.174437484739284443e+01
1.913678384266619403e+00 1.174151193287034367e+01
1.916740269681446174e+00 1.173864439260525039e+01
1.919802155096272500e+00 1.173577220207426386e+01
1.922864040511099049e+00 1.173289533656519801e+01
1.925925925925925819e+00 1.173001377117484267e+01
1.928987811340752367e+00 1.172712748080680001e+01
1.932049696755578916e+00 1.172423644016928357e+01
1.935111582170405464e+00 1.172134062377289609e+01
1.938173467585232013e+00 1.171844000592835933e+01
1.941235353000058561e+00 1.171553456074424027e+01
1.944297238414885332e+00 1.171262426212460461e+01
1.947359123829711880e+00 1.170970908376667374e+01
1.950421009244538428e+00 1.170678899915842130e+01
1.953482894659364977e+00 1.170386398157615560e+01
1.956544780074191525e+00 1.170093400408204865e+01
1.959606665489018074e+00 1.169799903952164044e+01
1.962668550903844844e+00 1.169505906052130761e+01
1.965730436318671392e+00 1.169211403948568773e+01
1.968792321733497941e+00 1.168916394859506980e+01
1.971854207148324489e+00 1.168620875980274931e+01
1.974916092563151038e+00 1.168324844483234237e+01
1.977977977977977808e+00 1.168028297517505543e+01
1.981039863392804357e+00 1.167731232208692482e+01
1.984101748807631127e+00 1.167433645658600483e+01
1.987163634222457453e+00 1.167135534944952369e+01
1.990225519637284002e+00 1.166836897121098815e+01
1.993287405052110772e+00 1.166537729215725427e+01
1.996349290466937321e+00 1.166238028232555024e+01
1.999411175881763869e+00 1.165937791150044589e+01
2.002473061296590640e+00 1.165637014921080095e+01
2.005534946711417188e+00 1.165335696472663507e+01
2.008596832126243736e+00 1.165033832705598194e+01
2.011658717541070285e+00 1.164731420494167047e+01
2.014720602955896833e+00 1.164428456685807767e+01
2.017782488370723382e+00 1.164124938100781925e+01
2.020844373785549930e+00 1.163820861531839235e+01
2.023906259200376478e+00 1.163516223743877376e+01
2.026968144615203027e+00 1.163211021473595785e+01
2.030030030030029575e+00 1.162905251429144471e+01
2.033091915444856568e+00 1.162598910289767673e+01
2.036153800859683116e+00 1.162291994705442200e+01
2.039215686274509665e+00 1.161984501296508832e+01
2.042277571689336213e+00 1.161676426653300354e+01
2.045339457104162761e+00 1.161367767335761414e+01
2.048401342518989310e+00 1.161058519873064654e+01
2.051463227933815858e+00 1.160748680763218488e+01
2.054525113348642407e+00 1.160438246472671509e+01
2.057586998763468955e+00 1.160127213435908722e+01
2.060648884178295503e+00 1.159815578055041740e+01
2.063710769593122496e+00 1.159503336699393117e+01
2.066772655007949044e+00 1.159190485705074103e+01
2.069834540422775593e+00 1.158877021374555127e+01
2.072896425837602141e+00 1.158562939976229345e+01
2.075958311252428690e+00 1.158248237743971210e+01
2.079020196667255238e+00 1.157932910876685106e+01
2.082082082082081786e+00 1.157616955537848646e+01
2.085143967496908335e+00 1.157300367855048684e+01
2.088205852911734883e+00 1.156983143919508983e+01
2.091267738326561432e+00 1.156665279785610601e+01
2.094329623741387980e+00 1.156346771470404988e+01
2.097391509156214973e+00 1.156027614953118388e+01
2.100453394571041521e+00 1.155707806174649654e+01
2.103515279985868069e+00 1.155387341037057958e+01
2.106577165400694618e+00 1.155066215403042840e+01
2.109639050815521166e+00 1.154744425095417526e+01
2.112700936230347715e+00 1.154421965896570512e+01
2.115762821645174263e+00 1.154098833547920577e+01
2.118824707060000812e+00 1.153775023749361850e+01
2.121886592474827360e+00 1.153450532158699993e+01
2.124948477889653908e+00 1.153125354391078972e+01
2.128010363304480901e+00 1.152799486018398234e+01
2.131072248719307449e+00 1.152472922568719937e+01
2.134134134134133998e+00 1.152145659525666588e+01
2.137196019548960546e+00 1.151817692327808729e+01
2.140257904963787094e+00 1.151489016368041440e+01
2.143319790378613643e+00 1.151159626992951246e+01
2.146381675793440191e+00 1.150829519502171827e+01
2.149443561208266740e+00 1.150498689147728903e+01
2.152505446623093288e+00 1.150167131133373566e+01
2.155567332037919837e+00 1.149834840613904774e+01
2.158629217452746385e+00 1.149501812694480130e+01
2.161691102867573377e+00 1.149168042429914038e+01
2.164752988282399926e+00 1.148833524823964858e+01
2.167814873697226474e+00 1.148498254828609078e+01
2.170876759112053023e+00 1.148162227343302355e+01
2.173938644526879571e+00 1.147825437214228650e+01
2.177000529941706120e+00 1.147487879233536212e+01
2.180062415356532668e+00 1.147149548138558828e+01
2.183124300771359216e+00 1.146810438611024985e+01
2.186186186186185765e+00 1.146470545276252118e+01
2.189248071601012313e+00 1.146129862702326285e+01
2.192309957015838862e+00 1.145788385399268705e+01
2.195371842430665854e+00 1.145446107818185588e+01
2.198433727845492403e+00 1.145103024350403942e+01
2.201495613260318507e+00 1.144759129326591740e+01
2.204557498675145499e+00 1.144414417015861218e+01
2.207619384089972048e+00 1.144068881624857426e+01
2.210681269504798152e+00 1.143722517296829011e+01
2.213743154919625145e+00 1.143375318110683025e+01
2.216805040334451693e+00 1.143027278080021603e+01
2.219866925749277797e+00 1.142678391152161588e+01
2.222928811164104790e+00 1.142328651207135159e+01
2.225990696578931782e+00 1.141978052056674109e+01
2.229052581993758331e+00 1.141626587443172269e+01
2.232114467408584879e+00 1.141274251038631427e+01
2.235176352823411428e+00 1.140921036443585734e+01
2.238238238238237976e+00 1.140566937186006591e+01
2.241300123653064524e+00 1.140211946720186909e+01
2.244362009067891073e+00 1.139856058425604601e+01
2.247423894482717621e+00 1.139499265605764577e+01
2.250485779897544170e+00 1.139141561487016929e+01
2.253547665312370718e+00 1.138782939217355406e+01
2.256609550727197711e+00 1.138423391865191370e+01
2.259671436142024259e+00 1.138062912418103423e+01
2.262733321556850807e+00 1.137701493781564643e+01
2.265795206971677356e+00 1.137339128777643893e+01
2.268857092386503904e+00 1.136975810143682075e+01
2.271918977801330453e+00 1.136611530530943348e+01
2.274980863216157001e+00 1.136246282503238625e+01
2.278042748630983549e+00 1.135880058535523318e+01
2.281104634045810098e+00 1.135512851012466307e+01
2.284166519460636646e+00 1.135144652226991191e+01
2.287228404875463195e+00 1.134775454378788240e+01
2.290290290290290187e+00 1.134405249572796848e+01
2.293352175705116736e+00 1.134034029817657441e+01
2.296414061119943284e+00 1.133661787024132117e+01
2.299475946534769832e+00 1.133288513003493492e+01
2.302537831949596381e+00 1.132914199465880856e+01
2.305599717364422929e+00 1.132538838018622762e+01
2.308661602779249478e+00 1.132162420164525507e+01
2.311723488194076026e+00 1.131784937300126437e+01
2.314785373608902574e+00 1.131406380713911020e+01
2.317847259023729123e+00 1.131026741584492612e+01
2.320909144438556115e+00 1.130646010978756344e+01
2.323971029853382664e+00 1.130264179849961614e+01
2.327032915268208768e+00 1.129881239035806750e+01
2.330094800683035761e+00 1.129497179256451567e+01
2.333156686097862309e+00 1.129111991112500135e+01
2.336218571512688413e+00 1.128725665082938434e+01
2.339280456927515406e+00 1.128338191523030076e+01
2.342342342342341954e+00 1.127949560662164785e+01
2.345404227757168059e+00 1.127559762601664062e+01
2.348466113171995051e+00 1.127168787312535336e+01
2.351527998586822044e+00 1.126776624633181179e+01
2.354589884001648592e+00 1.126383264267056639e+01
2.357651769416475140e+00 1.125988695780275606e+01
2.360713654831301689e+00 1.125592908599165476e+01
2.363775540246128237e+00 1.125195892007767107e+01
2.366837425660954786e+00 1.124797635145280239e+01
2.369899311075781334e+00 1.124398127003451009e+01
2.372961196490607882e+00 1.123997356423903149e+01
2.376023081905434431e+00 1.123595312095406307e+01
2.379084967320260979e+00 1.123191982551086276e+01
2.382146852735087528e+00 1.122787356165570039e+01
2.385208738149914520e+00 1.122381421152065961e+01
2.388270623564741069e+00 1.121974165559378811e+01
2.391332508979567617e+00 1.121565577268854419e+01
2.394394394394394165e+00 1.121155643991255779e+01
2.397456279809220714e+00 1.120744353263566495e+01
2.400518165224047262e+00 1.120331692445718552e+01
2.403580050638873811e+00 1.119917648717246195e+01
2.406641936053700359e+00 1.119502209073859156e+01
2.409703821468526908e+00 1.119085360323936484e+01
2.412765706883353456e+00 1.118667089084937594e+01
2.415827592298180448e+00 1.118247381779726446e+01
2.418889477713006997e+00 1.117826224632810295e+01
2.421951363127833545e+00 1.117403603666486234e+01
2.425013248542660094e+00 1.116979504696896086e+01
2.428075133957486642e+00 1.116553913329985548e+01
2.431137019372313191e+00 1.116126814957364211e+01
2.434198904787139739e+00 1.115698194752066108e+01
2.437260790201966287e+00 1.115268037664204570e+01
2.440322675616792836e+00 1.114836328416520672e+01
2.443384561031619384e+00 1.114403051499821551e+01
2.446446446446445933e+00 1.113968191168304323e+01
2.449508331861272925e+00 1.113531731434763117e+01
2.452570217276099029e+00 1.113093656065676917e+01
2.455632102690926022e+00 1.112653948576171281e+01
2.458693988105752570e+00 1.112212592224853225e+01
2.461755873520578675e+00 1.111769570008514307e+01
2.464817758935405667e+00 1.111324864656697642e+01
2.467879644350232216e+00 1.110878458626124576e+01
2.470941529765058320e+00 1.110430334094977489e+01
2.474003415179885312e+00 1.109980472957033903e+01
2.477065300594711861e+00 1.109528856815646058e+01
2.480127186009538853e+00 1.109075466977563629e+01
2.483189071424365402e+00 1.108620284446591597e+01
2.486250956839191950e+00 1.108163289917081507e+01
2.489312842254018499e+00 1.107704463767247027e+01
2.492374727668845047e+00 1.107243786052300827e+01
2.495436613083671595e+00 1.106781236497407406e+01
2.498498498498498144e+00 1.106316794490442490e+01
2.501560383913324692e+00 1.105850439074557201e+01
2.504622269328151241e+00 1.105382148940537412e+01
2.507684154742977789e+00 1.104911902418952074e+01
2.510746040157804337e+00 1.104439677472085357e+01
2.513807925572631330e+00 1.103965451685643551e+01
2.516869810987457878e+00 1.103489202260229085e+01
2.519931696402284427e+00 1.103010906002575453e+01
2.522993581817110975e+00 1.102530539316534330e+01
2.526055467231937524e+00 1.102048078193804770e+01
2.529117352646764072e+00 1.101563498204398606e+01
2.532179238061590620e+00 1.101076774486831233e+01
2.535241123476417169e+00 1.100587881738028173e+01
2.538303008891243717e+00 1.100096794202938355e+01
2.541364894306070266e+00 1.099603485663843472e+01
2.544426779720897258e+00 1.099107929429353092e+01
2.547488665135723807e+00 1.098610098323073636e+01
2.550550550550550355e+00 1.098109964671941086e+01
2.553612435965376903e+00 1.097607500294204108e+01
2.556674321380203452e+00 1.097102676487044803e+01
2.559736206795030000e+00 1.096595464013826771e+01
2.562798092209856549e+00 1.096085833090952733e+01
2.565859977624683097e+00 1.095573753374321058e+01
2.568921863039509645e+00 1.095059193945365017e+01
2.571983748454336194e+00 1.094542123296658964e+01
2.575045633869162742e+00 1.094022509317075631e+01
2.578107519283989291e+00 1.093500319276479793e+01
2.581169404698816283e+00 1.092975519809936991e+01
2.584231290113642832e+00 1.092448076901422382e+01
2.587293175528468936e+00 1.091917955867008772e+01
2.590355060943295928e+00 1.091385121337515152e+01
2.593416946358122477e+00 1.090849537240594280e+01
2.596478831772948581e+00 1.090311166782237784e+01
2.599540717187775574e+00 1.089769972427675171e+01
2.602602602602602122e+00 1.089225915881645790e+01
2.605664488017428226e+00 1.088678958068014602e+01
2.608726373432255663e+00 1.088129059108710095e+01
2.611788258847082211e+00 1.087576178301955387e+01
2.614850144261908760e+00 1.087020274099762140e+01
2.617912029676735308e+00 1.086461304084660995e+01
2.620973915091561857e+00 1.085899224945636377e+01
2.624035800506388405e+00 1.085333992453230501e+01
2.627097685921214953e+00 1.084765561433785486e+01
2.630159571336041502e+00 1.084193885742787167e+01
2.633221456750868050e+00 1.083618918237271522e+01
2.636283342165694599e+00 1.083040610747254640e+01
2.639345227580521147e+00 1.082458914046147491e+01
2.642407112995348140e+00 1.081873777820108273e+01
2.645468998410174688e+00 1.081285150636288961e+01
2.648530883825001236e+00 1.080692979909927942e+01
2.651592769239827785e+00 1.080097211870238993e+01
2.654654654654654333e+00 1.079497791525041528e+01
2.657716540069480882e+00 1.078894662624080070e+01
2.660778425484307430e+00 1.078287767620971849e+01
2.663840310899133978e+00 1.077677047633720875e+01
2.666902196313960527e+00 1.077062442403736853e+01
2.669964081728787075e+00 1.076443890253288416e+01
2.673025967143614068e+00 1.075821328041318203e+01
2.676087852558440616e+00 1.075194691117548373e+01
2.679149737973267165e+00 1.074563913274791460e+01
2.682211623388093713e+00 1.073928926699387532e+01
2.685273508802920261e+00 1.073289661919677052e+01
2.688335394217746810e+00 1.072646047752415832e+01
2.691397279632573358e+00 1.071998011247034377e+01
2.694459165047399907e+00 1.071345477627637521e+01
2.697521050462226455e+00 1.070688370232634234e+01
2.700582935877053004e+00 1.070026610451881410e+01
2.703644821291879552e+00 1.069360117661220144e+01
2.706706706706706544e+00 1.068688809154271802e+01
2.709768592121533093e+00 1.068012600071360119e+01
2.712830477536359197e+00 1.067331403325411188e+01
2.715892362951186190e+00 1.066645129524678204e+01
2.718954248366012738e+00 1.065953686892128083e+01
2.722016133780838842e+00 1.065256981181316753e+01
2.725078019195665835e+00 1.064554915588568385e+01
2.728139904610492383e+00 1.063847390661267056e+01
2.731201790025318488e+00 1.063134304202049663e+01
2.734263675440145480e+00 1.062415551168683514e+01
2.737325560854972473e+00 1.061691023569396286e+01
2.740387446269799021e+00 1.060960610353406430e+01
2.743449331684625569e+00 1.060224197296392568e+01
2.746511217099452118e+00 1.059481666880622264e+01
2.749573102514278666e+00 1.058732898169437320e+01
2.752634987929105215e+00 1.057977766675780273e+01
2.755696873343931763e+00 1.057216144224420873e+01
2.758758758758758312e+00 1.056447898807519969e+01
2.761820644173584860e+00 1.055672894433143583e+01
2.764882529588411408e+00 1.054890990966315734e+01
2.767944415003238401e+00 1.054102043962166135e+01
2.771006300418064949e+00 1.053305904490702538e+01
2.774068185832891498e+00 1.052502418952701291e+01
2.777130071247718046e+00 1.051691428886176105e+01
2.780191956662544595e+00 1.050872770762845221e+01
2.783253842077371143e+00 1.050046275773977023e+01
2.786315727492197691e+00 1.049211769604945133e+01
2.789377612907024240e+00 1.048369072197780660e+01
2.792439498321850788e+00 1.047517997500952269e+01
2.795501383736677337e+00 1.046658353205548231e+01
2.798563269151503885e+00 1.045789940466969803e+01
2.801625154566330878e+00 1.044912553611184336e+01
2.804687039981157426e+00 1.044025979824503203e+01
2.807748925395983974e+00 1.043129998825773441e+01
2.810810810810810523e+00 1.042224382519787973e+01
2.813872696225637071e+00 1.041308894630616244e+01
2.816934581640463620e+00 1.040383290313454268e+01
2.819996467055290168e+00 1.039447315743487010e+01
2.823058352470116716e+00 1.038500707680114132e+01
2.826120237884943265e+00 1.037543193004772135e+01
2.829182123299769813e+00 1.036574488230421487e+01
2.832244008714596806e+00 1.035594298980607419e+01
2.835305894129423354e+00 1.034602319435824391e+01
2.838367779544249458e+00 1.033598231744710816e+01
2.841429664959076451e+00 1.032581705397383409e+01
2.844491550373902999e+00 1.031552396557978923e+01
2.847553435788729104e+00 1.030509947353203515e+01
2.850615321203556096e+00 1.029453985113395831e+01
2.853677206618382645e+00 1.028384121562283759e+01
2.856739092033208749e+00 1.027299951951255252e+01
2.859800977448035741e+00 1.026201054133558088e+01
2.862862862862862290e+00 1.025086987573408415e+01
2.865924748277689282e+00 1.023957292284485199e+01
2.868986633692515831e+00 1.022811487691738819e+01
2.872048519107342379e+00 1.021649071409835585e+01
2.875110404522168928e+00 1.020469517930865777e+01
2.878172289936995476e+00 1.019272277213182143e+01
2.881234175351822024e+00 1.018056773162378903e+01
2.884296060766648573e+00 1.016822401994456015e+01
2.887357946181475121e+00 1.015568530470133446e+01
2.890419831596301670e+00 1.014294493988068346e+01
2.893481717011128218e+00 1.012999594523350666e+01
2.896543602425955211e+00 1.011683098396105862e+01
2.899605487840781759e+00 1.010344233853292195e+01
2.902667373255608307e+00 1.008982188444776007e+01
2.905729258670434856e+00 1.007596106172532657e+01
2.908791144085261404e+00 1.006185084389252005e+01
2.911853029500087953e+00 1.004748170419695796e+01
2.914914914914914501e+00 1.003284357874825616e+01
2.917976800329741049e+00 1.001792582624897321e+01
2.921038685744567598e+00 1.000271718393319276e+01
2.924100571159394146e+00 nan
2.927162456574220695e+00 nan
2.930224341989047687e+00 nan
2.933286227403874236e+00 nan
2.936348112818700784e+00 nan
2.939409998233527332e+00 nan
2.942471883648353881e+00 nan
2.945533769063180429e+00 nan
2.948595654478006978e+00 nan
2.951657539892833526e+00 nan
2.954719425307660075e+00 nan
2.957781310722486623e+00 nan
2.960843196137313615e+00 nan
2.963905081552139720e+00 nan
2.966966966966966712e+00 nan
2.970028852381793261e+00 nan
2.973090737796619365e+00 nan
2.976152623211446357e+00 nan
2.979214508626272906e+00 nan
2.982276394041099010e+00 nan
2.985338279455926003e+00 nan
2.988400164870752551e+00 nan
2.991462050285579544e+00 nan
2.994523935700406092e+00 nan
2.997585821115232640e+00 nan
3.000647706530059189e+00 nan
3.003709591944885737e+00 nan
3.006771477359712286e+00 nan
3.009833362774538834e+00 nan
3.012895248189365383e+00 nan
3.015957133604191931e+00 nan
3.019019019019018479e+00 nan
3.022080904433845028e+00 nan
3.025142789848672020e+00 nan
3.028204675263498569e+00 nan
3.031266560678325117e+00 nan
3.034328446093151666e+00 nan
3.037390331507978214e+00 nan
3.040452216922804762e+00 nan
3.043514102337631311e+00 nan
3.046575987752457859e+00 nan
3.049637873167284408e+00 nan
3.052699758582110956e+00 nan
3.055761643996937948e+00 nan
3.058823529411764497e+00 nan
