0.000000000000000000e+00 1.323300494515798320e+01
1.530942707413295457e-03 1.299377541414671100e+01
3.061885414826590913e-03 1.299181048720110887e+01
4.592828122239886804e-03 1.298984506693984287e+01
6.123770829653181827e-03 1.298787915177784669e+01
7.654713537066476850e-03 1.298591274012577301e+01
9.185656244479773608e-03 1.298394583038998462e+01
1.071659895189306863e-02 1.298197842097253130e+01
1.224754165930636365e-02 1.298001051027114627e+01
1.377848436671965868e-02 1.297804209667921427e+01
1.530942707413295370e-02 1.297607317858577680e+01
1.684036978154624872e-02 1.297410375437549845e+01
1.837131248895954722e-02 1.297213382242865798e+01
1.990225519637284224e-02 1.297016338112113765e+01
2.143319790378613726e-02 1.296819242882439838e+01
2.296414061119943228e-02 1.296622096390547085e+01
2.449508331861272731e-02 1.296424898472693599e+01
2.602602602602602580e-02 1.296227648964691248e+01
2.755696873343931735e-02 1.296030347701903729e+01
2.908791144085261238e-02 1.295832994519244963e+01
3.061885414826590740e-02 1.295635589251177855e+01
3.214979685567920242e-02 1.295438131731712161e+01
3.368073956309249745e-02 1.295240621794403424e+01
3.521168227050579247e-02 1.295043059272350661e+01
3.674262497791909443e-02 1.294845443998195655e+01
3.827356768533238945e-02 1.294647775804120116e+01
3.980451039274568448e-02 1.294450054521845139e+01
4.133545310015897950e-02 1.294252279982628906e+01
4.286639580757227452e-02 1.294054452017265078e+01
4.439733851498556955e-02 1.293856570456081556e+01
4.592828122239886457e-02 1.293658635128937817e+01
4.745922392981215959e-02 1.293460645865224734e+01
4.899016663722545462e-02 1.293262602493861202e+01
5.052110934463874270e-02 1.293064504843293783e+01
5.205205205205205160e-02 1.292866352741494040e+01
5.358299475946533968e-02 1.292668146015957653e+01
5.511393746687863471e-02 1.292469884493701748e+01
5.664488017429192973e-02 1.292271568001264015e+01
5.817582288170522475e-02 1.292073196364700749e+01
5.970676558911851978e-02 1.291874769409584545e+01
6.123770829653181480e-02 1.291676286961003051e+01
6.276865100394511676e-02 1.291477748843557372e+01
6.429959371135840485e-02 1.291279154881359759e+01
6.583053641877170681e-02 1.291080504898032544e+01
6.736147912618499489e-02 1.290881798716705120e+01
6.889242183359829685e-02 1.290683036160013586e+01
7.042336454101158494e-02 1.290484217050097904e+01
7.195430724842488690e-02 1.290285341208600656e+01
7.348524995583818886e-02 1.290086408456665090e+01
7.501619266325147695e-02 1.289887418614932812e+01
7.654713537066477891e-02 1.289688371503542896e+01
7.807807807807806699e-02 1.289489266942129220e+01
7.960902078549136895e-02 1.289290104749818511e+01
8.113996349290464316e-02 1.289090884745229637e+01
8.267090620031795900e-02 1.288891606746470053e+01
8.420184890773124708e-02 1.288692270571135623e+01
8.573279161514454905e-02 1.288492876036307422e+01
8.726373432255783713e-02 1.288293422958550316e+01
8.879467702997113909e-02 1.288093911153911364e+01
9.032561973738442718e-02 1.287894340437917329e+01
9.185656244479772914e-02 1.287694710625573258e+01
9.338750515221101722e-02 1.287495021531360173e+01
9.491844785962431919e-02 1.287295272969233118e+01
9.644939056703760727e-02 1.287095464752619733e+01
9.798033327445090923e-02 1.286895596694417598e+01
9.951127598186421119e-02 1.286695668606992804e+01
1.010422186892774854e-01 1.286495680302177469e+01
1.025731613966908012e-01 1.286295631591268318e+01
1.041041041041041032e-01 1.286095522285024373e+01
1.056350468115173913e-01 1.285895352193664465e+01
1.071659895189306794e-01 1.285695121126866702e+01
1.086969322263439813e-01 1.285494828893764740e+01
1.102278749337572694e-01 1.285294475302946360e+01
1.117588176411705714e-01 1.285094060162452045e+01
1.132897603485838595e-01 1.284893583279772145e+01
1.148207030559971614e-01 1.284693044461845268e+01
1.163516457634104495e-01 1.284492443515055626e+01
1.178825884708237515e-01 1.284291780245231607e+01
1.194135311782370396e-01 1.284091054457643644e+01
1.209444738856503415e-01 1.283890265957001375e+01
1.224754165930636296e-01 1.283689414547452579e+01
1.240063593004769454e-01 1.283488500032580149e+01
1.255373020078902335e-01 1.283287522215400323e+01
1.270682447153035355e-01 1.283086480898360904e+01
1.285991874227168097e-01 1.282885375883338241e+01
1.301301301301301117e-01 1.282684206971635987e+01
1.316610728375434136e-01 1.282482973963982076e+01
1.331920155449567156e-01 1.282281676660527481e+01
1.347229582523699898e-01 1.282080314860843373e+01
1.362539009597832917e-01 1.281878888363918634e+01
1.377848436671965937e-01 1.281677396968158256e+01
1.393157863746098957e-01 1.281475840471381211e+01
1.408467290820231699e-01 1.281274218670817611e+01
1.423776717894364718e-01 1.281072531363106926e+01
1.439086144968497738e-01 1.280870778344295324e+01
1.454395572042630480e-01 1.280668959409833541e+01
1.469704999116763777e-01 1.280467074354575452e+01
1.485014426190896519e-01 1.280265122972773995e+01
1.500323853265029539e-01 1.280063105058080453e+01
1.515633280339162559e-01 1.279861020403541616e+01
1.530942707413295578e-01 1.279658868801597116e+01
1.546252134487428320e-01 1.279456650044077470e+01
1.561561561561561340e-01 1.279254363922201598e+01
1.576870988635694359e-01 1.279052010226574865e+01
1.592180415709827379e-01 1.278849588747185706e+01
1.607489842783960121e-01 1.278647099273404208e+01
1.622799269858092863e-01 1.278444541593979622e+01
1.638108696932226160e-01 1.278241915497037162e+01
1.653418124006359180e-01 1.278039220770076589e+01
1.668727551080491922e-01 1.277836457199968834e+01
1.684036978154624942e-01 1.277633624572954751e+01
1.699346405228757961e-01 1.277430722674641217e+01
1.714655832302890981e-01 1.277227751289999702e+01
1.729965259377024001e-01 1.277024710203363433e+01
1.745274686451156743e-01 1.276821599198424906e+01
1.760584113525289762e-01 1.276618418058233395e+01
1.775893540599422782e-01 1.276415166565192649e+01
1.791202967673555801e-01 1.276211844501057513e+01
1.806512394747688544e-01 1.276008451646932862e+01
1.821821821821821563e-01 1.275804987783269340e+01
1.837131248895954583e-01 1.275601452689862469e+01
1.852440675970087325e-01 1.275397846145848391e+01
1.867750103044220344e-01 1.275194167929702793e+01
1.883059530118353364e-01 1.274990417819237187e+01
1.898368957192486384e-01 1.274786595591596594e+01
1.913678384266619403e-01 1.274582701023257769e+01
1.928987811340752145e-01 1.274378733890024762e+01
1.944297238414885165e-01 1.274174693967027672e+01
1.959606665489018185e-01 1.273970581028719806e+01
1.974916092563151204e-01 1.273766394848874484e+01
1.990225519637284224e-01 1.273562135200582901e+01
2.005534946711416966e-01 1.273357801856250227e+01
2.020844373785549708e-01 1.273153394587594889e+01
2.036153800859683005e-01 1.272948913165643603e+01
2.051463227933816025e-01 1.272744357360730305e+01
2.066772655007948767e-01 1.272539726942492422e+01
2.082082082082082064e-01 1.272335021679868561e+01
2.097391509156214806e-01 1.272130241341095136e+01
2.112700936230347826e-01 1.271925385693704413e+01
2.128010363304480568e-01 1.271720454504520603e+01
2.143319790378613587e-01 1.271515447539658084e+01
2.158629217452746607e-01 1.271310364564517492e+01
2.173938644526879627e-01 1.271105205343783773e+01
2.189248071601012369e-01 1.270899969641422445e+01
2.204557498675145388e-01 1.270694657220677470e+01
2.219866925749278408e-01 1.270489267844067527e+01
2.235176352823411428e-01 1.270283801273384050e+01
2.250485779897544447e-01 1.270078257269686617e+01
2.265795206971677189e-01 1.269872635593302057e+01
2.281104634045810209e-01 1.269666936003820013e+01
2.296414061119943228e-01 1.269461158260090272e+01
2.311723488194076526e-01 1.269255302120219753e+01
2.327032915268208990e-01 1.269049367341569479e+01
2.342342342342342010e-01 1.268843353680751562e+01
2.357651769416475029e-01 1.268637260893626006e+01
2.372961196490608049e-01 1.268431088735297863e+01
2.388270623564740791e-01 1.268224836960113677e+01
2.403580050638873811e-01 1.268018505321658829e+01
2.418889477713006830e-01 1.267812093572753440e+01
2.434198904787139850e-01 1.267605601465450960e+01
2.449508331861272592e-01 1.267399028751033363e+01
2.464817758935405612e-01 1.267192375180008135e+01
2.480127186009538909e-01 1.266985640502106314e+01
2.495436613083671651e-01 1.266778824466277520e+01
2.510746040157804670e-01 1.266571926820687644e+01
2.526055467231937413e-01 1.266364947312716183e+01
2.541364894306070710e-01 1.266157885688951090e+01
2.556674321380203452e-01 1.265950741695187176e+01
2.571983748454336194e-01 1.265743515076422554e+01
2.587293175528469491e-01 1.265536205576854023e+01
2.602602602602602233e-01 1.265328812939875114e+01
2.617912029676734975e-01 1.265121336908072003e+01
2.633221456750868272e-01 1.264913777223220315e+01
2.648530883825001014e-01 1.264706133626281392e+01
2.663840310899134312e-01 1.264498405857399632e+01
2.679149737973267054e-01 1.264290593655897510e+01
2.694459165047399796e-01 1.264082696760274160e+01
2.709768592121533093e-01 1.263874714908199515e+01
2.725078019195665835e-01 1.263666647836513235e+01
2.740387446269798577e-01 1.263458495281219029e+01
2.755696873343931874e-01 1.263250256977482167e+01
2.771006300418064616e-01 1.263041932659625921e+01
2.786315727492197913e-01 1.262833522061127312e+01
2.801625154566330655e-01 1.262625024914614258e+01
2.816934581640463398e-01 1.262416440951861318e+01
2.832244008714596695e-01 1.262207769903786136e+01
2.847553435788729437e-01 1.261999011500446066e+01
2.862862862862862734e-01 1.261790165471033909e+01
2.878172289936995476e-01 1.261581231543874715e+01
2.893481717011128218e-01 1.261372209446421522e+01
2.908791144085260960e-01 1.261163098905252156e+01
2.924100571159394257e-01 1.260953899646064436e+01
2.939409998233527554e-01 1.260744611393673686e+01
2.954719425307660297e-01 1.260535233872007588e+01
2.970028852381793039e-01 1.260325766804103331e+01
2.985338279455926336e-01 1.260116209912102647e+01
3.000647706530059078e-01 1.259906562917248962e+01
3.015957133604191820e-01 1.259696825539882781e+01
3.031266560678325117e-01 1.259486997499437777e+01
3.046575987752457859e-01 1.259277078514437065e+01
3.061885414826591156e-01 1.259067068302488757e+01
3.077194841900723343e-01 1.258856966580282410e+01
3.092504268974856640e-01 1.258646773063584412e+01
3.107813696048989938e-01 1.258436487467234599e+01
3.123123123123122680e-01 1.258226109505140933e+01
3.138432550197255422e-01 1.258015638890277188e+01
3.153741977271388719e-01 1.257805075334676381e+01
3.169051404345521461e-01 1.257594418549428816e+01
3.184360831419654758e-01 1.257383668244676755e+01
3.199670258493787500e-01 1.257172824129610156e+01
3.214979685567920242e-01 1.256961885912462407e+01
3.230289112642053539e-01 1.256750853300506421e+01
3.245598539716185726e-01 1.256539726000049839e+01
3.260907966790319579e-01 1.256328503716431300e+01
3.276217393864452321e-01 1.256117186154014931e+01
3.291526820938585063e-01 1.255905773016187155e+01
3.306836248012718360e-01 1.255694264005351357e+01
3.322145675086851102e-01 1.255482658822924158e+01
3.337455102160983844e-01 1.255270957169329904e+01
3.352764529235117141e-01 1.255059158743997472e+01
3.368073956309249883e-01 1.254847263245354227e+01
3.383383383383383181e-01 1.254635270370822475e+01
3.398692810457515923e-01 1.254423179816814837e+01
3.414002237531648110e-01 1.254210991278728926e+01
3.429311664605781962e-01 1.253998704450943436e+01
3.444621091679914704e-01 1.253786319026812279e+01
3.459930518754048001e-01 1.253573834698661393e+01
3.475239945828180743e-01 1.253361251157782874e+01
3.490549372902313485e-01 1.253148568094430360e+01
3.505858799976446782e-01 1.252935785197814944e+01
3.521168227050579524e-01 1.252722902156098783e+01
3.536477654124712267e-01 1.252509918656391719e+01
3.551787081198845564e-01 1.252296834384745594e+01
3.567096508272978306e-01 1.252083649026149281e+01
3.582405935347111603e-01 1.251870362264524061e+01
3.597715362421244345e-01 1.251656973782718474e+01
3.613024789495377087e-01 1.251443483262502987e+01
3.628334216569510384e-01 1.251229890384564847e+01
3.643643643643643126e-01 1.251016194828503814e+01
3.658953070717775868e-01 1.250802396272825767e+01
3.674262497791909166e-01 1.250588494394938444e+01
3.689571924866041908e-01 1.250374488871145928e+01
3.704881351940174650e-01 1.250160379376643327e+01
3.720190779014307947e-01 1.249946165585511082e+01
3.735500206088440689e-01 1.249731847170710708e+01
3.750809633162573986e-01 1.249517423804078398e+01
3.766119060236706728e-01 1.249302895156320048e+01
3.781428487310840025e-01 1.249088260897005576e+01
3.796737914384972767e-01 1.248873520694563766e+01
3.812047341459105509e-01 1.248658674216276587e+01
3.827356768533238807e-01 1.248443721128273864e+01
3.842666195607371549e-01 1.248228661095527237e+01
3.857975622681504291e-01 1.248013493781844474e+01
3.873285049755637033e-01 1.247798218849864682e+01
3.888594476829770330e-01 1.247582835961051728e+01
3.903903903903903627e-01 1.247367344775688558e+01
3.919213330978036369e-01 1.247151744952872043e+01
3.934522758052169111e-01 1.246936036150506411e+01
3.949832185126302408e-01 1.246720218025297910e+01
3.965141612200435151e-01 1.246504290232748779e+01
3.980451039274568448e-01 1.246288252427150667e+01
3.995760466348701190e-01 1.246072104261579838e+01
4.011069893422833932e-01 1.245855845387890248e+01
4.026379320496967229e-01 1.245639475456707679e+01
4.041688747571099416e-01 1.245422994117423698e+01
4.056998174645232713e-01 1.245206401018189268e+01
4.072307601719366010e-01 1.244989695805909236e+01
4.087617028793498752e-01 1.244772878126235227e+01
4.102926455867632050e-01 1.244555947623559611e+01
4.118235882941764792e-01 1.244338903941009811e+01
4.133545310015897534e-01 1.244121746720440669e+01
4.148854737090030831e-01 1.243904475602429294e+01
4.164164164164164128e-01 1.243687090226267955e+01
4.179473591238296870e-01 1.243469590229957511e+01
4.194783018312429612e-01 1.243251975250201191e+01
4.210092445386562354e-01 1.243034244922397491e+01
4.225401872460695651e-01 1.242816398880634310e+01
4.240711299534828393e-01 1.242598436757681135e+01
4.256020726608961136e-01 1.242380358184983535e+01
4.271330153683094433e-01 1.242162162792655167e+01
4.286639580757227175e-01 1.241943850209472089e+01
4.301949007831360472e-01 1.241725420062864593e+01
4.317258434905493214e-01 1.241506871978911519e+01
4.332567861979626511e-01 1.241288205582332616e+01
4.347877289053759253e-01 1.241069420496481079e+01
4.363186716127891995e-01 1.240850516343337517e+01
4.378496143202024737e-01 1.240631492743501596e+01
4.393805570276158035e-01 1.240412349316186003e+01
4.409114997350290777e-01 1.240193085679208274e+01
4.424424424424424074e-01 1.239973701448984045e+01
4.439733851498556816e-01 1.239754196240519235e+01
4.455043278572689558e-01 1.239534569667403119e+01
4.470352705646822855e-01 1.239314821341800510e+01
4.485662132720955597e-01 1.239094950874444123e+01
4.500971559795088894e-01 1.238874957874627647e+01
4.516280986869221636e-01 1.238654841950197039e+01
4.531590413943354378e-01 1.238434602707544308e+01
4.546899841017487676e-01 1.238214239751597745e+01
4.562209268091620418e-01 1.237993752685816418e+01
4.577518695165753160e-01 1.237773141112180220e+01
4.592828122239886457e-01 1.237552404631183300e+01
4.608137549314019199e-01 1.237331542841825538e+01
4.623446976388153051e-01 1.237110555341604723e+01
4.638756403462285238e-01 1.236889441726508210e+01
4.654065830536417980e-01 1.236668201591004745e+01
4.669375257610551277e-01 1.236446834528036298e+01
4.684684684684684020e-01 1.236225340129010064e+01
4.699994111758817317e-01 1.236003717983789763e+01
4.715303538832950059e-01 1.235781967680687110e+01
4.730612965907082801e-01 1.235560088806453471e+01
4.745922392981216098e-01 1.235338080946271866e+01
4.761231820055348840e-01 1.235115943683747375e+01
4.776541247129481582e-01 1.234893676600898793e+01
4.791850674203615434e-01 1.234671279278150635e+01
4.807160101277747621e-01 1.234448751294323188e+01
4.822469528351880919e-01 1.234226092226624161e+01
4.837778955426013661e-01 1.234003301650640161e+01
4.853088382500146403e-01 1.233780379140326566e+01
4.868397809574279700e-01 1.233557324267999533e+01
4.883707236648412442e-01 1.233334136604326403e+01
4.899016663722545184e-01 1.233110815718316289e+01
4.914326090796678481e-01 1.232887361177310837e+01
4.929635517870811223e-01 1.232663772546975345e+01
4.944944944944944520e-01 1.232440049391288461e+01
4.960254372019077818e-01 1.232216191272533479e+01
4.975563799093210005e-01 1.231992197751288209e+01
4.990873226167343302e-01 1.231768068386415393e+01
5.006182653241476599e-01 1.231543802735053461e+01
5.021492080315609341e-01 1.231319400352605697e+01
5.036801507389742083e-01 1.231094860792731360e+01
5.052110934463874825e-01 1.230870183607335022e+01
5.067420361538007567e-01 1.230645368346556801e+01
5.082729788612141419e-01 1.230420414558762054e+01
5.098039215686274161e-01 1.230195321790531793e+01
5.113348642760406904e-01 1.229970089586651127e+01
5.128658069834539646e-01 1.229744717490100214e+01
5.143967496908672388e-01 1.229519205042042529e+01
5.159276923982806240e-01 1.229293551781815452e+01
5.174586351056938982e-01 1.229067757246919257e+01
5.189895778131071724e-01 1.228841820973005916e+01
5.205205205205204466e-01 1.228615742493868801e+01
5.220514632279337208e-01 1.228389521341431845e+01
5.235824059353469950e-01 1.228163157045737641e+01
5.251133486427603803e-01 1.227936649134938030e+01
5.266442913501736545e-01 1.227709997135281483e+01
5.281752340575869287e-01 1.227483200571102628e+01
5.297061767650002029e-01 1.227256258964809987e+01
5.312371194724134771e-01 1.227029171836876209e+01
5.327680621798268623e-01 1.226801938705824746e+01
5.342990048872401365e-01 1.226574559088219196e+01
5.358299475946534107e-01 1.226347032498651757e+01
5.373608903020666849e-01 1.226119358449730790e+01
5.388918330094799591e-01 1.225891536452068920e+01
5.404227757168933444e-01 1.225663566014271488e+01
5.419537184243066186e-01 1.225435446642924830e+01
5.434846611317198928e-01 1.225207177842582595e+01
5.450156038391331670e-01 1.224978759115754912e+01
5.465465465465464412e-01 1.224750189962895064e+01
5.480774892539597154e-01 1.224521469882387770e+01
5.496084319613731006e-01 1.224292598370535323e+01
5.511393746687863748e-01 1.224063574921546582e+01
5.526703173761995380e-01 1.223834399027522579e+01
5.542012600836129232e-01 1.223605070178444620e+01
5.557322027910261975e-01 1.223375587862160430e+01
5.572631454984395827e-01 1.223145951564372069e+01
5.587940882058528569e-01 1.222916160768621197e+01
5.603250309132661311e-01 1.222686214956277517e+01
5.618559736206794053e-01 1.222456113606523509e+01
5.633869163280926795e-01 1.222225856196341987e+01
5.649178590355060647e-01 1.221995442200502069e+01
5.664488017429193389e-01 1.221764871091545324e+01
5.679797444503326131e-01 1.221534142339771556e+01
5.695106871577458874e-01 1.221303255413225308e+01
5.710416298651591616e-01 1.221072209777681294e+01
5.725725725725725468e-01 1.220841004896630189e+01
5.741035152799858210e-01 1.220609640231264414e+01
5.756344579873990952e-01 1.220378115240462868e+01
5.771654006948123694e-01 1.220146429380777064e+01
5.786963434022256436e-01 1.219914582106416390e+01
5.802272861096390288e-01 1.219682572869232295e+01
5.817582288170521920e-01 1.219450401118704086e+01
5.832891715244655773e-01 1.219218066301923109e+01
5.848201142318788515e-01 1.218985567863578368e+01
5.863510569392920146e-01 1.218752905245939822e+01
5.878819996467055109e-01 1.218520077888844000e+01
5.894129423541187851e-01 1.218287085229677302e+01
5.909438850615320593e-01 1.218053926703361078e+01
5.924748277689453335e-01 1.217820601742334929e+01
5.940057704763586077e-01 1.217587109776540899e+01
5.955367131837718819e-01 1.217353450233406775e+01
5.970676558911852672e-01 1.217119622537830814e+01
5.985985985985985414e-01 1.216885626112163798e+01
6.001295413060118156e-01 1.216651460376193228e+01
6.016604840134250898e-01 1.216417124747126266e+01
6.031914267208383640e-01 1.216182618639572688e+01
6.047223694282517492e-01 1.215947941465527471e+01
6.062533121356650234e-01 1.215713092634354631e+01
6.077842548430782976e-01 1.215478071552767858e+01
6.093151975504915718e-01 1.215242877624815065e+01
6.108461402579048460e-01 1.215007510251858669e+01
6.123770829653182313e-01 1.214771968832559601e+01
6.139080256727315055e-01 1.214536252762857593e+01
6.154389683801446687e-01 1.214300361435953945e+01
6.169699110875580539e-01 1.214064294242292341e+01
6.185008537949713281e-01 1.213828050569541617e+01
6.200317965023847133e-01 1.213591629802575333e+01
6.215627392097979875e-01 1.213355031323454369e+01
6.230936819172112617e-01 1.213118254511407201e+01
6.246246246246245359e-01 1.212881298742810365e+01
6.261555673320378101e-01 1.212644163391169805e+01
6.276865100394510844e-01 1.212406847827100798e+01
6.292174527468644696e-01 1.212169351418308594e+01
6.307483954542777438e-01 1.211931673529567988e+01
6.322793381616910180e-01 1.211693813522703422e+01
6.338102808691042922e-01 1.211455770756569272e+01
6.353412235765175664e-01 1.211217544587027994e+01
6.368721662839309516e-01 1.210979134366931298e+01
6.384031089913442258e-01 1.210740539446097941e+01
6.399340516987575000e-01 1.210501759171292946e+01
6.414649944061707743e-01 1.210262792886206640e+01
6.429959371135840485e-01 1.210023639931433337e+01
6.445268798209973227e-01 1.209784299644449135e+01
6.460578225284107079e-01 1.209544771359591131e+01
6.475887652358239821e-01 1.209305054408034330e+01
6.491197079432371453e-01 1.209065148117769617e+01
6.506506506506505305e-01 1.208825051813582263e+01
6.521815933580639157e-01 1.208584764817028123e+01
6.537125360654771900e-01 1.208344286446411786e+01
6.552434787728904642e-01 1.208103616016762238e+01
6.567744214803037384e-01 1.207862752839811726e+01
6.583053641877170126e-01 1.207621696223969643e+01
6.598363068951302868e-01 1.207380445474301034e+01
6.613672496025436720e-01 1.207138999892501552e+01
6.628981923099569462e-01 1.206897358776873652e+01
6.644291350173702204e-01 1.206655521422302257e+01
6.659600777247834946e-01 1.206413487120230066e+01
6.674910204321967688e-01 1.206171255158632505e+01
6.690219631396101541e-01 1.205928824821993395e+01
6.705529058470234283e-01 1.205686195391279014e+01
6.720838485544367025e-01 1.205443366143912520e+01
6.736147912618499767e-01 1.205200336353749080e+01
6.751457339692632509e-01 1.204957105291048514e+01
6.766766766766766361e-01 1.204713672222450072e+01
6.782076193840897993e-01 1.204470036410946143e+01
6.797385620915031845e-01 1.204226197115853836e+01
6.812695047989164587e-01 1.203982153592790283e+01
6.828004475063296219e-01 1.203737905093643512e+01
6.843313902137431182e-01 1.203493450866545800e+01
6.858623329211563924e-01 1.203248790155845782e+01
6.873932756285696666e-01 1.203003922202080389e+01
6.889242183359829408e-01 1.202758846241946245e+01
6.904551610433962150e-01 1.202513561508271600e+01
6.919861037508096002e-01 1.202268067229986848e+01
6.935170464582228744e-01 1.202022362632096097e+01
6.950479891656361486e-01 1.201776446935647158e+01
6.965789318730494228e-01 1.201530319357702226e+01
6.981098745804626970e-01 1.201283979111307154e+01
6.996408172878759713e-01 1.201037425405462322e+01
7.011717599952893565e-01 1.200790657445091369e+01
7.027027027027026307e-01 1.200543674431010466e+01
7.042336454101159049e-01 1.200296475559896336e+01
7.057645881175291791e-01 1.200049060024256775e+01
7.072955308249424533e-01 1.199801427012396715e+01
7.088264735323558385e-01 1.199553575708387321e+01
7.103574162397691127e-01 1.199305505292033303e+01
7.118883589471822759e-01 1.199057214938840055e+01
7.134193016545956612e-01 1.198808703819981147e+01
7.149502443620089354e-01 1.198559971102264043e+01
7.164811870694223206e-01 1.198311015948097236e+01
7.180121297768355948e-01 1.198061837515455608e+01
7.195430724842488690e-01 1.197812434957846683e+01
7.210740151916621432e-01 1.197562807424275277e+01
7.226049578990754174e-01 1.197312954059208678e+01
7.241359006064888026e-01 1.197062874002541655e+01
7.256668433139020769e-01 1.196812566389560040e+01
7.271977860213153511e-01 1.196562030350905026e+01
7.287287287287286253e-01 1.196311265012536396e+01
7.302596714361418995e-01 1.196060269495696105e+01
7.317906141435551737e-01 1.195809042916870979e+01
7.333215568509685589e-01 1.195557584387754524e+01
7.348524995583818331e-01 1.195305893015209975e+01
7.363834422657951073e-01 1.195053967901231040e+01
7.379143849732083815e-01 1.194801808142903532e+01
7.394453276806216557e-01 1.194549412832366819e+01
7.409762703880349299e-01 1.194296781056773149e+01
7.425072130954483152e-01 1.194043911898248567e+01
7.440381558028615894e-01 1.193790804433852770e+01
7.455690985102747526e-01 1.193537457735537366e+01
7.471000412176881378e-01 1.193283870870105723e+01
7.486309839251015230e-01 1.193030042899171050e+01
7.501619266325147972e-01 1.192775972879114477e+01
7.516928693399280714e-01 1.192521659861042238e+01
7.532238120473413456e-01 1.192267102890743580e+01
7.547547547547546198e-01 1.192012301008646702e+01
7.562856974621680051e-01 1.191757253249775417e+01
7.578166401695812793e-01 1.191501958643705095e+01
7.593475828769945535e-01 1.191246416214517545e+01
7.608785255844078277e-01 1.190990624980756252e+01
7.624094682918211019e-01 1.190734583955380899e+01
7.639404109992344871e-01 1.190478292145720829e+01
7.654713537066477613e-01 1.190221748553429215e+01
7.670022964140610355e-01 1.189964952174435275e+01
7.685332391214743097e-01 1.189707901998897555e+01
7.700641818288875839e-01 1.189450597011155253e+01
7.715951245363008582e-01 1.189193036189679908e+01
7.731260672437142434e-01 1.188935218507026725e+01
7.746570099511274066e-01 1.188677142929784836e+01
7.761879526585407918e-01 1.188418808418526673e+01
7.777188953659540660e-01 1.188160213927758413e+01
7.792498380733672292e-01 1.187901358405868457e+01
7.807807807807807254e-01 1.187642240795075033e+01
7.823117234881939996e-01 1.187382860031375564e+01
7.838426661956072738e-01 1.187123215044492142e+01
7.853736089030205481e-01 1.186863304757819648e+01
7.869045516104338223e-01 1.186603128088371051e+01
7.884354943178472075e-01 1.186342683946723042e+01
7.899664370252604817e-01 1.186081971236961330e+01
7.914973797326737559e-01 1.185820988856624680e+01
7.930283224400870301e-01 1.185559735696648609e+01
7.945592651475003043e-01 1.185298210641309069e+01
7.960902078549136895e-01 1.185036412568164543e+01
7.976211505623269638e-01 1.184774340347997779e+01
7.991520932697402380e-01 1.184511992844757700e+01
8.006830359771535122e-01 1.184249368915499545e+01
8.022139786845667864e-01 1.183986467410325005e+01
8.037449213919800606e-01 1.183723287172322003e+01
8.052758640993934458e-01 1.183459827037502521e+01
8.068068068068067200e-01 1.183196085834741318e+01
8.083377495142198832e-01 1.182932062385713579e+01
8.098686922216332684e-01 1.182667755504830076e+01
8.113996349290465426e-01 1.182403163999175177e+01
8.129305776364599279e-01 1.182138286668440585e+01
8.144615203438732021e-01 1.181873122304860146e+01
8.159924630512864763e-01 1.181607669693144302e+01
8.175234057586997505e-01 1.181341927610412590e+01
8.190543484661130247e-01 1.181075894826126316e+01
8.205852911735264099e-01 1.180809570102019634e+01
8.221162338809396841e-01 1.180542952192030981e+01
8.236471765883529583e-01 1.180276039842233082e+01
8.251781192957662325e-01 1.180008831790761370e+01
8.267090620031795067e-01 1.179741326767743814e+01
8.282400047105930030e-01 1.179473523495227560e+01
8.297709474180061662e-01 1.179205420687105921e+01
8.313018901254194404e-01 1.178937017049045188e+01
8.328328328328328256e-01 1.178668311278408609e+01
8.343637755402459888e-01 1.178399302064181775e+01
8.358947182476593740e-01 1.178129988086895530e+01
8.374256609550726482e-01 1.177860368018549231e+01
8.389566036624859224e-01 1.177590440522531168e+01
8.404875463698991966e-01 1.177320204253541291e+01
8.420184890773124708e-01 1.177049657857509501e+01
8.435494317847257451e-01 1.176778799971515177e+01
8.450803744921391303e-01 1.176507629223706353e+01
8.466113171995524045e-01 1.176236144233214631e+01
8.481422599069656787e-01 1.175964343610073826e+01
8.496732026143789529e-01 1.175692225955133274e+01
8.512041453217922271e-01 1.175419789859973108e+01
8.527350880292056123e-01 1.175147033906817207e+01
8.542660307366188865e-01 1.174873956668445452e+01
8.557969734440321607e-01 1.174600556708105081e+01
8.573279161514454350e-01 1.174326832579420277e+01
8.588588588588587092e-01 1.174052782826302277e+01
8.603898015662720944e-01 1.173778405982856476e+01
8.619207442736854796e-01 1.173503700573290054e+01
8.634516869810986428e-01 1.173228665111817470e+01
8.649826296885119170e-01 1.172953298102565611e+01
8.665135723959253022e-01 1.172677598039476798e+01
8.680445151033385764e-01 1.172401563406211800e+01
8.695754578107518507e-01 1.172125192676051597e+01
8.711064005181651249e-01 1.171848484311796135e+01
8.726373432255783991e-01 1.171571436765664842e+01
8.741682859329916733e-01 1.171294048479193073e+01
8.756992286404049475e-01 1.171016317883129965e+01
8.772301713478183327e-01 1.170738243397332567e+01
8.787611140552316069e-01 1.170459823430660329e+01
8.802920567626448811e-01 1.170181056380868334e+01
8.818229994700581553e-01 1.169901940634497706e+01
8.833539421774714295e-01 1.169622474566766535e+01
8.848848848848848148e-01 1.169342656541458680e+01
8.864158275922980890e-01 1.169062484910810618e+01
8.879467702997113632e-01 1.168781958015398104e+01
8.894777130071246374e-01 1.168501074184020716e+01
8.910086557145379116e-01 1.168219831733584968e+01
8.925395984219512968e-01 1.167938228968986181e+01
8.940705411293645710e-01 1.167656264182988757e+01
8.956014838367779562e-01 1.167373935656105388e+01
8.971324265441911194e-01 1.167091241656474310e+01
8.986633692516043936e-01 1.166808180439734954e+01
9.001943119590177789e-01 1.166524750248902720e+01
9.017252546664310531e-01 1.166240949314241071e+01
9.032561973738443273e-01 1.165956775853133642e+01
9.047871400812576015e-01 1.165672228069952787e+01
9.063180827886708757e-01 1.165387304155928128e+01
9.078490254960842609e-01 1.165102002289013150e+01
9.093799682034975351e-01 1.164816320633748781e+01
9.109109109109108093e-01 1.164530257341126784e+01
9.124418536183240835e-01 1.164243810548451030e+01
9.139727963257373577e-01 1.163956978379197160e+01
9.155037390331506320e-01 1.163669758942868881e+01
9.170346817405640172e-01 1.163382150334855325e+01
9.185656244479772914e-01 1.163094150636283608e+01
9.200965671553905656e-01 1.162805757913871929e+01
9.216275098628038398e-01 1.162516970219778933e+01
9.231584525702171140e-01 1.162227785591452545e+01
9.246893952776306103e-01 1.161938202051475244e+01
9.262203379850437734e-01 1.161648217607409883e+01
9.277512806924570476e-01 1.161357830251640166e+01
9.292822233998704329e-01 1.161067037961212023e+01
9.308131661072835961e-01 1.160775838697671425e+01
9.323441088146969813e-01 1.160484230406900075e+01
9.338750515221102555e-01 1.160192211018949671e+01
9.354059942295235297e-01 1.159899778447872798e+01
9.369369369369368039e-01 1.159606930591553642e+01
9.384678796443500781e-01 1.159313665331533905e+01
9.399988223517634633e-01 1.159019980532838012e+01
9.415297650591767376e-01 1.158725874043796367e+01
9.430607077665900118e-01 1.158431343695864513e+01
9.445916504740032860e-01 1.158136387303441772e+01
9.461225931814165602e-01 1.157841002663686147e+01
9.476535358888298344e-01 1.157545187556327093e+01
9.491844785962432196e-01 1.157248939743476868e+01
9.507154213036564938e-01 1.156952256969436732e+01
9.522463640110697680e-01 1.156655136960503683e+01
9.537773067184830422e-01 1.156357577424772032e+01
9.553082494258963164e-01 1.156059576051934101e+01
9.568391921333097017e-01 1.155761130513076296e+01
9.583701348407230869e-01 1.155462238460475000e+01
9.599010775481362501e-01 1.155162897527386789e+01
9.614320202555495243e-01 1.154863105327838113e+01
9.629629629629629095e-01 1.154562859456410173e+01
9.644939056703761837e-01 1.154262157488023099e+01
9.660248483777894579e-01 1.153960996977714792e+01
9.675557910852027321e-01 1.153659375460417813e+01
9.690867337926160063e-01 1.153357290450733430e+01
9.706176765000292805e-01 1.153054739442702470e+01
9.721486192074426658e-01 1.152751719909571548e+01
9.736795619148559400e-01 1.152448229303558591e+01
9.752105046222692142e-01 1.152144265055612316e+01
9.767414473296824884e-01 1.151839824575170468e+01
9.782723900370957626e-01 1.151534905249913443e+01
9.798033327445090368e-01 1.151229504445515062e+01
9.813342754519224220e-01 1.150923619505388906e+01
9.828652181593356962e-01 1.150617247750432348e+01
9.843961608667489704e-01 1.150310386478766134e+01
9.859271035741622446e-01 1.150003032965469707e+01
9.874580462815755189e-01 1.149695184462313691e+01
9.889889889889889041e-01 1.149386838197488636e+01
9.905199316964021783e-01 1.149077991375328978e+01
9.920508744038155635e-01 1.148768641176033078e+01
9.935818171112287267e-01 1.148458784755380258e+01
9.951127598186420009e-01 1.148148419244442309e+01
9.966437025260553861e-01 1.147837541749292001e+01
9.981746452334686603e-01 1.147526149350706426e+01
9.997055879408819345e-01 1.147214239103866440e+01
1.001236530648295320e+00 1.146901808038051662e+01
1.002767473355708594e+00 1.146588853156331034e+01
1.004298416063121868e+00 1.146275371435247692e+01
1.005829358770535142e+00 1.145961359824501891e+01
1.007360301477948417e+00 1.145646815246625572e+01
1.008891244185361691e+00 1.145331734596655160e+01
1.010422186892774965e+00 1.145016114741797431e+01
1.011953129600188239e+00 1.144699952521092001e+01
1.013484072307601513e+00 1.144383244745066897e+01
1.015015015015014788e+00 1.144065988195390737e+01
1.016545957722428284e+00 1.143748179624518180e+01
1.018076900429841558e+00 1.143429815755331269e+01
1.019607843137254832e+00 1.143110893280773510e+01
1.021138785844668107e+00 1.142791408863481095e+01
1.022669728552081381e+00 1.142471359135405429e+01
1.024200671259494655e+00 1.142150740697431743e+01
1.025731613966907929e+00 1.141829550118991676e+01
1.027262556674321203e+00 1.141507783937669451e+01
1.028793499381734478e+00 1.141185438658801665e+01
1.030324442089147752e+00 1.140862510755071035e+01
1.031855384796561248e+00 1.140538996666095350e+01
1.033386327503974522e+00 1.140214892798006652e+01
1.034917270211387796e+00 1.139890195523027572e+01
1.036448212918801071e+00 1.139564901179037726e+01
1.037979155626214345e+00 1.139239006069135662e+01
1.039510098333627619e+00 1.138912506461192820e+01
1.041041041041040893e+00 1.138585398587399666e+01
1.042571983748454167e+00 1.138257678643806692e+01
1.044102926455867442e+00 1.137929342789855802e+01
1.045633869163280716e+00 1.137600387147905856e+01
1.047164811870693990e+00 1.137270807802749140e+01
1.048695754578107486e+00 1.136940600801121448e+01
1.050226697285520761e+00 1.136609762151203107e+01
1.051757639992934035e+00 1.136278287822112887e+01
1.053288582700347309e+00 1.135946173743392507e+01
1.054819525407760583e+00 1.135613415804483672e+01
1.056350468115173857e+00 1.135280009854196237e+01
1.057881410822587132e+00 1.134945951700166944e+01
1.059412353530000406e+00 1.134611237108310888e+01
1.060943296237413680e+00 1.134275861802261964e+01
1.062474238944826954e+00 1.133939821462805497e+01
1.064005181652240450e+00 1.133603111727300217e+01
1.065536124359653725e+00 1.133265728189091703e+01
1.067067067067066999e+00 1.132927666396915534e+01
1.068598009774480273e+00 1.132588921854289410e+01
1.070128952481893547e+00 1.132249490018897120e+01
1.071659895189306821e+00 1.131909366301960063e+01
1.073190837896720096e+00 1.131568546067599534e+01
1.074721780604133370e+00 1.131227024632186406e+01
1.076252723311546644e+00 1.130884797263681918e+01
1.077783666018959918e+00 1.130541859180965858e+01
1.079314608726373192e+00 1.130198205553152668e+01
1.080845551433786689e+00 1.129853831498896710e+01
1.082376494141199963e+00 1.129508732085685452e+01
1.083907436848613237e+00 1.129162902329120044e+01
1.085438379556026511e+00 1.128816337192182750e+01
1.086969322263439786e+00 1.128469031584493010e+01
1.088500264970853060e+00 1.128120980361549286e+01
1.090031207678266334e+00 1.127772178323957064e+01
1.091562150385679608e+00 1.127422620216645832e+01
1.093093093093092882e+00 1.127072300728068122e+01
1.094624035800506157e+00 1.126721214489388068e+01
1.096154978507919431e+00 1.126369356073653627e+01
1.097685921215332927e+00 1.126016719994953164e+01
1.099216863922746201e+00 1.125663300707559422e+01
1.100747806630159253e+00 1.125309092605055383e+01
1.102278749337572750e+00 1.124954090019445552e+01
1.103809692044986024e+00 1.124598287220251613e+01
1.105340634752399076e+00 1.124241678413590506e+01
1.106871577459812572e+00 1.123884257741235082e+01
1.108402520167225846e+00 1.123526019279660559e+01
1.109933462874638899e+00 1.123166957039069302e+01
1.111464405582052395e+00 1.122807064962400148e+01
1.112995348289465891e+00 1.122446336924319255e+01
1.114526290996879165e+00 1.122084766730191063e+01
1.116057233704292440e+00 1.121722348115030243e+01
1.117588176411705714e+00 1.121359074742435169e+01
1.119119119119118988e+00 1.120994940203499546e+01
1.120650061826532262e+00 1.120629938015704319e+01
1.122181004533945536e+00 1.120264061621789153e+01
1.123711947241358811e+00 1.119897304388601533e+01
1.125242889948772085e+00 1.119529659605923477e+01
1.126773832656185359e+00 1.119161120485276939e+01
1.128304775363598855e+00 1.118791680158706114e+01
1.129835718071012129e+00 1.118421331677534347e+01
1.131366660778425404e+00 1.118050068011099718e+01
1.132897603485838678e+00 1.117677882045463811e+01
1.134428546193251952e+00 1.117304766582095432e+01
1.135959488900665226e+00 1.116930714336530883e+01
1.137490431608078501e+00 1.116555717937004033e+01
1.139021374315491775e+00 1.116179769923052589e+01
1.140552317022905049e+00 1.115802862744094526e+01
1.142083259730318323e+00 1.115424988757978042e+01
1.143614202437731597e+00 1.115046140229500438e+01
1.145145145145145094e+00 1.114666309328899096e+01
1.146676087852558368e+00 1.114285488130311030e+01
1.148207030559971642e+00 1.113903668610201336e+01
1.149737973267384916e+00 1.113520842645760212e+01
1.151268915974798190e+00 1.113137002013266930e+01
1.152799858682211465e+00 1.112752138386419709e+01
1.154330801389624739e+00 1.112366243334633431e+01
1.155861744097038013e+00 1.111979308321298987e+01
1.157392686804451287e+00 1.111591324702009587e+01
1.158923629511864561e+00 1.111202283722747985e+01
1.160454572219278058e+00 1.110812176518037653e+01
1.161985514926691332e+00 1.110420994109053794e+01
1.163516457634104384e+00 1.110028727401695114e+01
1.165047400341517880e+00 1.109635367184614729e+01
1.166578343048931155e+00 1.109240904127210037e+01
1.168109285756344207e+00 1.108845328777568717e+01
1.169640228463757703e+00 1.108448631560370501e+01
1.171171171171170977e+00 1.108050802774746302e+01
1.172702113878584029e+00 1.107651832592087970e+01
1.174233056585997526e+00 1.107251711053812038e+01
1.175763999293411022e+00 1.106850428069076209e+01
1.177294942000824296e+00 1.106447973412443631e+01
1.178825884708237570e+00 1.106044336721496535e+01
1.180356827415650844e+00 1.105639507494398899e+01
1.181887770123064119e+00 1.105233475087403860e+01
1.183418712830477393e+00 1.104826228712304470e+01
1.184949655537890667e+00 1.104417757433831326e+01
1.186480598245303941e+00 1.104008050166987687e+01
1.188011540952717215e+00 1.103597095674328088e+01
1.189542483660130490e+00 1.103184882563172842e+01
1.191073426367543764e+00 1.102771399282761422e+01
1.192604369074957260e+00 1.102356634121339241e+01
1.194135311782370534e+00 1.101940575203179051e+01
1.195666254489783809e+00 1.101523210485533255e+01
1.197197197197197083e+00 1.101104527755515505e+01
1.198728139904610357e+00 1.100684514626911259e+01
1.200259082612023631e+00 1.100263158536912478e+01
1.201790025319436905e+00 1.099840446742776479e+01
1.203320968026850180e+00 1.099416366318407512e+01
1.204851910734263454e+00 1.098990904150854675e+01
1.206382853441676728e+00 1.098564046936730598e+01
1.207913796149090224e+00 1.098135781178540782e+01
1.209444738856503498e+00 1.097706093180929088e+01
1.210975681563916773e+00 1.097274969046829085e+01
1.212506624271330047e+00 1.096842394673525689e+01
1.214037566978743321e+00 1.096408355748619101e+01
1.215568509686156595e+00 1.095972837745890871e+01
1.217099452393569869e+00 1.095535825921069772e+01
1.218630395100983144e+00 1.095097305307491808e+01
1.220161337808396418e+00 1.094657260711654168e+01
1.221692280515809692e+00 1.094215676708657625e+01
1.223223223223222966e+00 1.093772537637536857e+01
1.224754165930636463e+00 1.093327827596471735e+01
1.226285108638049515e+00 1.092881530437879078e+01
1.227816051345463011e+00 1.092433629763380232e+01
1.229346994052876285e+00 1.091984108918639684e+01
1.230877936760289337e+00 1.091532950988072415e+01
1.232408879467702834e+00 1.091080138789415521e+01
1.233939822175116108e+00 1.090625654868158811e+01
1.235470764882529160e+00 1.090169481491831505e+01
1.237001707589942656e+00 1.089711600644139367e+01
1.238532650297355930e+00 1.089251994018949965e+01
1.240063593004769427e+00 1.088790643014116455e+01
1.241594535712182701e+00 1.088327528725140603e+01
1.243125478419595975e+00 1.087862631938666524e+01
1.244656421127009249e+00 1.087395933125798919e+01
1.246187363834422523e+00 1.086927412435243845e+01
1.247718306541835798e+00 1.086457049686263687e+01
1.249249249249249072e+00 1.085984824361439038e+01
1.250780191956662346e+00 1.085510715599235709e+01
1.252311134664075620e+00 1.085034702186365863e+01
1.253842077371488894e+00 1.084556762549939535e+01
1.255373020078902169e+00 1.084076874749396779e+01
1.256903962786315665e+00 1.083595016468218475e+01
1.258434905493728939e+00 1.083111165005400522e+01
1.259965848201142213e+00 1.082625297266691078e+01
1.261496790908555488e+00 1.082137389755577850e+01
1.263027733615968762e+00 1.081647418564019958e+01
1.264558676323382036e+00 1.081155359362912982e+01
1.266089619030795310e+00 1.080661187392280809e+01
1.267620561738208584e+00 1.080164877451183258e+01
1.269151504445621859e+00 1.079666403887328485e+01
1.270682447153035133e+00 1.079165740586384459e+01
1.272213389860448629e+00 1.078662860960971948e+01
1.273744332567861903e+00 1.078157737939335448e+01
1.275275275275275177e+00 1.077650343953673406e+01
1.276806217982688452e+00 1.077140650928122234e+01
1.278337160690101726e+00 1.076628630266376518e+01
1.279868103397515000e+00 1.076114252838934249e+01
1.281399046104928274e+00 1.075597488969955506e+01
1.282929988812341549e+00 1.075078308423716500e+01
1.284460931519754823e+00 1.074556680390647401e+01
1.285991874227168097e+00 1.074032573472936747e+01
1.287522816934581371e+00 1.073505955669687495e+01
1.289053759641994645e+00 1.072976794361607311e+01
1.290584702349408142e+00 1.072445056295215871e+01
1.292115645056821416e+00 1.071910707566551046e+01
1.293646587764234468e+00 1.071373713604354094e+01
1.295177530471647964e+00 1.070834039152714823e+01
1.296708473179061238e+00 1.070291648253157035e+01
1.298239415886474291e+00 1.069746504226139017e+01
1.299770358593887787e+00 1.069198569651949882e+01
1.301301301301301061e+00 1.068647806350976914e+01
1.302832244008714113e+00 1.068094175363318854e+01
1.304363186716127831e+00 1.067537636927717593e+01
1.305894129423541106e+00 1.066978150459786256e+01
1.307425072130954380e+00 1.066415674529497970e+01
1.308956014838367654e+00 1.065850166837911672e+01
1.310486957545780928e+00 1.065281584193101061e+01
1.312017900253194203e+00 1.064709882485254511e+01
1.313548842960607477e+00 1.064135016660911326e+01
1.315079785668020751e+00 1.063556940696298980e+01
1.316610728375434025e+00 1.062975607569734393e+01
1.318141671082847299e+00 1.062390969233048033e+01
1.319672613790260574e+00 1.061802976581991409e+01
1.321203556497674070e+00 1.061211579425583196e+01
1.322734499205087344e+00 1.060616726454349390e+01
1.324265441912500618e+00 1.060018365207408841e+01
1.325796384619913892e+00 1.059416442038354056e+01
1.327327327327327167e+00 1.058810902079875405e+01
1.328858270034740441e+00 1.058201689207072071e+01
1.330389212742153715e+00 1.057588745999391122e+01
1.331920155449566989e+00 1.056972013701135360e+01
1.333451098156980263e+00 1.056351432180472472e+01
1.334982040864393538e+00 1.055726939886880089e+01
1.336512983571807034e+00 1.055098473806951809e+01
1.338043926279220308e+00 1.054465969418494531e+01
1.339574868986633582e+00 1.053829360642829549e+01
1.341105811694046857e+00 1.053188579795220647e+01
1.342636754401460131e+00 1.052543557533336838e+01
1.344167697108873405e+00 1.051894222803658252e+01
1.345698639816286679e+00 1.051240502785724651e+01
1.347229582523699953e+00 1.050582322834126003e+01
1.348760525231113228e+00 1.049919606418120388e+01
1.350291467938526502e+00 1.049252275058768724e+01
1.351822410645939776e+00 1.048580248263458792e+01
1.353353353353353272e+00 1.047903443457691353e+01
1.354884296060766546e+00 1.047221775913990349e+01
1.356415238768179599e+00 1.046535158677792055e+01
1.357946181475593095e+00 1.045843502490157206e+01
1.359477124183006369e+00 1.045146715707147322e+01
1.361008066890419421e+00 1.044444704215686315e+01
1.362539009597832917e+00 1.043737371345729059e+01
1.364069952305246192e+00 1.043024617778539209e+01
1.365600895012659244e+00 1.042306341450870377e+01
1.367131837720072740e+00 1.041582437454831833e+01
1.368662780427486236e+00 1.040852797933203178e+01
1.370193723134899511e+00 1.040117311969953739e+01
1.371724665842312785e+00 1.039375865475697758e+01
1.373255608549726059e+00 1.038628341067809835e+01
1.374786551257139333e+00 1.037874617944896904e+01
1.376317493964552607e+00 1.037114571755309989e+01
1.377848436671965882e+00 1.036348074459357882e+01
1.379379379379379156e+00 1.035574994184856301e+01
1.380910322086792430e+00 1.034795195075627561e+01
1.382441264794205704e+00 1.034008537132538841e+01
1.383972207501619200e+00 1.033214876046636199e+01
1.385503150209032475e+00 1.032414063023900930e+01
1.387034092916445749e+00 1.031605944601126090e+01
1.388565035623859023e+00 1.030790362452369990e+01
1.390095978331272297e+00 1.029967153185407902e+01
1.391626921038685571e+00 1.029136148127562578e+01
1.393157863746098846e+00 1.028297173100244066e+01
1.394688806453512120e+00 1.027450048181486153e+01
1.396219749160925394e+00 1.026594587455710972e+01
1.397750691868338668e+00 1.025730598749894540e+01
1.399281634575751943e+00 1.024857883355245391e+01
1.400812577283165439e+00 1.023976235733440809e+01
1.402343519990578713e+00 1.023085443206388412e+01
1.403874462697991987e+00 1.022185285628402340e+01
1.405405405405405261e+00 1.021275535039596960e+01
1.406936348112818536e+00 1.020355955299199913e+01
1.408467290820231810e+00 1.019426301697387771e+01
1.409998233527645084e+00 1.018486320544129242e+01
1.411529176235058358e+00 1.017535748733396872e+01
1.413060118942471632e+00 1.016574313280970365e+01
1.414591061649884907e+00 1.015601730833907901e+01
1.416122004357298403e+00 1.014617707149589876e+01
1.417652947064711677e+00 1.013621936542066315e+01
1.419183889772124729e+00 1.012614101293234725e+01
1.420714832479538225e+00 1.011593871026156677e+01
1.422245775186951500e+00 1.010560902037584086e+01
1.423776717894364552e+00 1.009514836586489928e+01
1.425307660601778048e+00 1.008455302135114628e+01
1.426838603309191322e+00 1.007381910538706116e+01
1.428369546016604374e+00 1.006294257179772522e+01
1.429900488724017871e+00 1.005191920042265430e+01
1.431431431431431145e+00 1.004074458720671714e+01
1.432962374138844641e+00 1.002941413358488809e+01
1.434493316846257915e+00 1.001792303510018556e+01
1.436024259553671190e+00 1.000626626918792716e+01
1.437555202261084464e+00 nan
1.439086144968497738e+00 nan
1.440617087675911012e+00 nan
1.442148030383324286e+00 nan
1.443678973090737561e+00 nan
1.445209915798150835e+00 nan
1.446740858505564109e+00 nan
1.448271801212977605e+00 nan
1.449802743920390879e+00 nan
1.451333686627804154e+00 nan
1.452864629335217428e+00 nan
1.454395572042630702e+00 nan
1.455926514750043976e+00 nan
1.457457457457457251e+00 nan
1.458988400164870525e+00 nan
1.460519342872283799e+00 nan
1.462050285579697073e+00 nan
1.463581228287110347e+00 nan
1.465112170994523844e+00 nan
1.466643113701937118e+00 nan
1.468174056409350392e+00 nan
1.469704999116763666e+00 nan
1.471235941824176940e+00 nan
1.472766884531590215e+00 nan
1.474297827239003489e+00 nan
1.475828769946416763e+00 nan
1.477359712653830037e+00 nan
1.478890655361243311e+00 nan
1.480421598068656808e+00 nan
1.481952540776069860e+00 nan
1.483483483483483356e+00 nan
1.485014426190896630e+00 nan
1.486545368898309682e+00 nan
1.488076311605723179e+00 nan
1.489607254313136453e+00 nan
1.491138197020549505e+00 nan
1.492669139727963001e+00 nan
1.494200082435376276e+00 nan
1.495731025142789772e+00 nan
1.497261967850203046e+00 nan
1.498792910557616320e+00 nan
1.500323853265029594e+00 nan
1.501854795972442869e+00 nan
1.503385738679856143e+00 nan
1.504916681387269417e+00 nan
1.506447624094682691e+00 nan
1.507978566802095965e+00 nan
1.509509509509509240e+00 nan
1.511040452216922514e+00 nan
1.512571394924336010e+00 nan
1.514102337631749284e+00 nan
1.515633280339162559e+00 nan
1.517164223046575833e+00 nan
1.518695165753989107e+00 nan
1.520226108461402381e+00 nan
1.521757051168815655e+00 nan
1.523287993876228930e+00 nan
1.524818936583642204e+00 nan
1.526349879291055478e+00 nan
1.527880821998468974e+00 nan
1.529411764705882248e+00 nan
