0.000000000000000000e+00 1.323300494515798320e+01
7.654713537066477284e-04 1.283152688282614484e+01
1.530942707413295457e-03 1.282949349430653996e+01
2.296414061119943402e-03 1.282745958074611892e+01
3.061885414826590913e-03 1.282542514068233785e+01
3.827356768533238425e-03 1.282339017264898828e+01
4.592828122239886804e-03 1.282135467517619176e+01
5.358299475946534315e-03 1.281931864679038391e+01
6.123770829653181827e-03 1.281728208601428776e+01
6.889242183359829338e-03 1.281524499136691375e+01
7.654713537066476850e-03 1.281320736136354554e+01
8.420184890773124362e-03 1.281116919451571157e+01
9.185656244479773608e-03 1.280913048933118858e+01
9.951127598186421119e-03 1.280709124431397328e+01
1.071659895189306863e-02 1.280505145796427335e+01
1.148207030559971614e-02 1.280301112877849157e+01
1.224754165930636365e-02 1.280097025524921150e+01
1.301301301301301290e-02 1.279892883586518515e+01
1.377848436671965868e-02 1.279688686911131512e+01
1.454395572042630619e-02 1.279484435346863691e+01
1.530942707413295370e-02 1.279280128741430822e+01
1.607489842783960121e-02 1.279075766942159298e+01
1.684036978154624872e-02 1.278871349795984891e+01
1.760584113525289623e-02 1.278666877149450087e+01
1.837131248895954722e-02 1.278462348848704266e+01
1.913678384266619473e-02 1.278257764739500679e+01
1.990225519637284224e-02 1.278053124667195561e+01
2.066772655007948975e-02 1.277848428476746356e+01
2.143319790378613726e-02 1.277643676012710472e+01
2.219866925749278477e-02 1.277438867119243504e+01
2.296414061119943228e-02 1.277234001640097283e+01
2.372961196490607980e-02 1.277029079418618807e+01
2.449508331861272731e-02 1.276824100297748643e+01
2.526055467231937135e-02 1.276619064120018976e+01
2.602602602602602580e-02 1.276413970727551650e+01
2.679149737973266984e-02 1.276208819962057994e+01
2.755696873343931735e-02 1.276003611664835091e+01
2.832244008714596487e-02 1.275798345676766132e+01
2.908791144085261238e-02 1.275593021838317398e+01
2.985338279455925989e-02 1.275387639989537192e+01
3.061885414826590740e-02 1.275182199970054064e+01
3.138432550197255838e-02 1.274976701619075037e+01
3.214979685567920242e-02 1.274771144775383824e+01
3.291526820938585340e-02 1.274565529277339593e+01
3.368073956309249745e-02 1.274359854962875005e+01
3.444621091679914843e-02 1.274154121669493911e+01
3.521168227050579247e-02 1.273948329234270638e+01
3.597715362421244345e-02 1.273742477493847503e+01
3.674262497791909443e-02 1.273536566284433569e+01
3.750809633162573847e-02 1.273330595441802515e+01
3.827356768533238945e-02 1.273124564801290859e+01
3.903903903903903350e-02 1.272918474197796712e+01
3.980451039274568448e-02 1.272712323465776940e+01
4.056998174645232158e-02 1.272506112439246806e+01
4.133545310015897950e-02 1.272299840951776950e+01
4.210092445386562354e-02 1.272093508836492148e+01
4.286639580757227452e-02 1.271887115926069356e+01
4.363186716127891857e-02 1.271680662052735933e+01
4.439733851498556955e-02 1.271474147048267689e+01
4.516280986869221359e-02 1.271267570743986930e+01
4.592828122239886457e-02 1.271060932970761392e+01
4.669375257610550861e-02 1.270854233559001223e+01
4.745922392981215959e-02 1.270647472338657380e+01
4.822469528351880363e-02 1.270440649139220568e+01
4.899016663722545462e-02 1.270233763789718395e+01
4.975563799093210560e-02 1.270026816118714130e+01
5.052110934463874270e-02 1.269819805954304037e+01
5.128658069834540062e-02 1.269612733124116133e+01
5.205205205205205160e-02 1.269405597455308055e+01
5.281752340575869564e-02 1.269198398774564573e+01
5.358299475946533968e-02 1.268991136908096529e+01
5.434846611317199067e-02 1.268783811681638518e+01
5.511393746687863471e-02 1.268576422920446234e+01
5.587940882058528569e-02 1.268368970449295396e+01
5.664488017429192973e-02 1.268161454092479268e+01
5.741035152799858071e-02 1.267953873673806875e+01
5.817582288170522475e-02 1.267746229016600701e+01
5.894129423541187573e-02 1.267538519943694908e+01
5.970676558911851978e-02 1.267330746277432851e+01
6.047223694282517076e-02 1.267122907839665658e+01
6.123770829653181480e-02 1.266915004451749738e+01
6.200317965023847272e-02 1.266707035934544656e+01
6.276865100394511676e-02 1.266499002108411354e+01
6.353412235765176774e-02 1.266290902793209483e+01
6.429959371135840485e-02 1.266082737808295811e+01
6.506506506506505583e-02 1.265874506972522084e+01
6.583053641877170681e-02 1.265666210104232370e+01
6.659600777247835779e-02 1.265457847021261450e+01
6.736147912618499489e-02 1.265249417540932342e+01
6.812695047989164587e-02 1.265040921480054337e+01
6.889242183359829685e-02 1.264832358654920341e+01
6.965789318730494784e-02 1.264623728881305276e+01
7.042336454101158494e-02 1.264415031974463588e+01
7.118883589471823592e-02 1.264206267749126766e+01
7.195430724842488690e-02 1.263997436019501563e+01
7.271977860213152400e-02 1.263788536599267331e+01
7.348524995583818886e-02 1.263579569301574246e+01
7.425072130954482597e-02 1.263370533939040108e+01
7.501619266325147695e-02 1.263161430323749101e+01
7.578166401695812793e-02 1.262952258267249128e+01
7.654713537066477891e-02 1.262743017580548965e+01
7.731260672437141601e-02 1.262533708074116845e+01
7.807807807807806699e-02 1.262324329557877078e+01
7.884354943178471797e-02 1.262114881841208280e+01
7.960902078549136895e-02 1.261905364732941415e+01
8.037449213919800606e-02 1.261695778041356419e+01
8.113996349290464316e-02 1.261486121574180608e+01
8.190543484661130802e-02 1.261276395138585826e+01
8.267090620031795900e-02 1.261066598541186146e+01
8.343637755402459610e-02 1.260856731588035373e+01
8.420184890773124708e-02 1.260646794084624744e+01
8.496732026143789807e-02 1.260436785835880258e+01
8.573279161514454905e-02 1.260226706646160544e+01
8.649826296885120003e-02 1.260016556319253311e+01
8.726373432255783713e-02 1.259806334658374638e+01
8.802920567626448811e-02 1.259596041466164884e+01
8.879467702997113909e-02 1.259385676544686383e+01
8.956014838367779007e-02 1.259175239695421844e+01
9.032561973738442718e-02 1.258964730719270619e+01
9.109109109109107816e-02 1.258754149416546575e+01
9.185656244479772914e-02 1.258543495586976135e+01
9.262203379850436624e-02 1.258332769029694198e+01
9.338750515221101722e-02 1.258121969543242891e+01
9.415297650591766820e-02 1.257911096925568195e+01
9.491844785962431919e-02 1.257700150974017461e+01
9.568391921333097017e-02 1.257489131485336742e+01
9.644939056703760727e-02 1.257278038255668129e+01
9.721486192074425825e-02 1.257066871080546733e+01
9.798033327445090923e-02 1.256855629754898374e+01
9.874580462815756021e-02 1.256644314073036739e+01
9.951127598186421119e-02 1.256432923828660719e+01
1.002767473355708483e-01 1.256221458814850855e+01
1.010422186892774854e-01 1.256009918824067562e+01
1.018076900429841503e-01 1.255798303648148107e+01
1.025731613966908012e-01 1.255586613078303060e+01
1.033386327503974383e-01 1.255374846905114161e+01
1.041041041041041032e-01 1.255163004918531655e+01
1.048695754578107403e-01 1.254951086907870383e+01
1.056350468115173913e-01 1.254739092661808009e+01
1.064005181652240284e-01 1.254527021968381462e+01
1.071659895189306794e-01 1.254314874614983921e+01
1.079314608726373304e-01 1.254102650388362505e+01
1.086969322263439813e-01 1.253890349074614896e+01
1.094624035800506184e-01 1.253677970459186142e+01
1.102278749337572694e-01 1.253465514326865815e+01
1.109933462874639204e-01 1.253252980461785526e+01
1.117588176411705714e-01 1.253040368647415015e+01
1.125242889948772224e-01 1.252827678666559663e+01
1.132897603485838595e-01 1.252614910301357121e+01
1.140552317022905104e-01 1.252402063333274640e+01
1.148207030559971614e-01 1.252189137543105701e+01
1.155861744097038263e-01 1.251976132710966283e+01
1.163516457634104495e-01 1.251763048616293261e+01
1.171171171171171005e-01 1.251549885037839260e+01
1.178825884708237515e-01 1.251336641753671053e+01
1.186480598245304025e-01 1.251123318541166007e+01
1.194135311782370396e-01 1.250909915177008003e+01
1.201790025319436905e-01 1.250696431437185296e+01
1.209444738856503415e-01 1.250482867096986439e+01
1.217099452393569925e-01 1.250269221930997965e+01
1.224754165930636296e-01 1.250055495713099596e+01
1.232408879467702806e-01 1.249841688216462288e+01
1.240063593004769454e-01 1.249627799213544499e+01
1.247718306541835825e-01 1.249413828476088284e+01
1.255373020078902335e-01 1.249199775775116450e+01
1.263027733615968706e-01 1.248985640880929360e+01
1.270682447153035355e-01 1.248771423563100846e+01
1.278337160690101726e-01 1.248557123590474838e+01
1.285991874227168097e-01 1.248342740731162515e+01
1.293646587764234746e-01 1.248128274752538580e+01
1.301301301301301117e-01 1.247913725421237174e+01
1.308956014838367488e-01 1.247699092503148854e+01
1.316610728375434136e-01 1.247484375763417042e+01
1.324265441912500507e-01 1.247269574966434469e+01
1.331920155449567156e-01 1.247054689875839095e+01
1.339574868986633527e-01 1.246839720254511086e+01
1.347229582523699898e-01 1.246624665864568904e+01
1.354884296060766546e-01 1.246409526467365581e+01
1.362539009597832917e-01 1.246194301823484984e+01
1.370193723134899288e-01 1.245978991692738624e+01
1.377848436671965937e-01 1.245763595834161030e+01
1.385503150209032308e-01 1.245548114006006735e+01
1.393157863746098957e-01 1.245332545965746007e+01
1.400812577283165328e-01 1.245116891470061304e+01
1.408467290820231699e-01 1.244901150274843715e+01
1.416122004357298347e-01 1.244685322135188166e+01
1.423776717894364718e-01 1.244469406805390577e+01
1.431431431431431367e-01 1.244253404038943422e+01
1.439086144968497738e-01 1.244037313588531823e+01
1.446740858505564109e-01 1.243821135206029460e+01
1.454395572042630480e-01 1.243604868642495376e+01
1.462050285579697129e-01 1.243388513648168470e+01
1.469704999116763777e-01 1.243172069972465543e+01
1.477359712653830148e-01 1.242955537363974905e+01
1.485014426190896519e-01 1.242738915570454239e+01
1.492669139727963168e-01 1.242522204338825276e+01
1.500323853265029539e-01 1.242305403415170417e+01
1.507978566802095910e-01 1.242088512544727941e+01
1.515633280339162559e-01 1.241871531471888090e+01
1.523287993876228930e-01 1.241654459940189348e+01
1.530942707413295578e-01 1.241437297692313102e+01
1.538597420950361672e-01 1.241220044470080275e+01
1.546252134487428320e-01 1.241002700014447058e+01
1.553906848024494969e-01 1.240785264065499405e+01
1.561561561561561340e-01 1.240567736362450546e+01
1.569216275098627711e-01 1.240350116643634948e+01
1.576870988635694359e-01 1.240132404646504760e+01
1.584525702172760731e-01 1.239914600107625020e+01
1.592180415709827379e-01 1.239696702762669389e+01
1.599835129246893750e-01 1.239478712346415890e+01
1.607489842783960121e-01 1.239260628592741575e+01
1.615144556321026770e-01 1.239042451234618980e+01
1.622799269858092863e-01 1.238824180004110609e+01
1.630453983395159789e-01 1.238605814632365032e+01
1.638108696932226160e-01 1.238387354849611732e+01
1.645763410469292531e-01 1.238168800385156842e+01
1.653418124006359180e-01 1.237950150967378349e+01
1.661072837543425551e-01 1.237731406323720584e+01
1.668727551080491922e-01 1.237512566180691032e+01
1.676382264617558571e-01 1.237293630263853927e+01
1.684036978154624942e-01 1.237074598297826356e+01
1.691691691691691590e-01 1.236855470006273094e+01
1.699346405228757961e-01 1.236636245111902177e+01
1.707001118765824055e-01 1.236416923336458673e+01
1.714655832302890981e-01 1.236197504400721314e+01
1.722310545839957352e-01 1.235977988024496454e+01
1.729965259377024001e-01 1.235758373926613629e+01
1.737619972914090372e-01 1.235538661824920048e+01
1.745274686451156743e-01 1.235318851436275622e+01
1.752929399988223391e-01 1.235098942476548167e+01
1.760584113525289762e-01 1.234878934660607719e+01
1.768238827062356133e-01 1.234658827702321737e+01
1.775893540599422782e-01 1.234438621314549422e+01
1.783548254136489153e-01 1.234218315209137273e+01
1.791202967673555801e-01 1.233997909096912871e+01
1.798857681210622173e-01 1.233777402687680080e+01
1.806512394747688544e-01 1.233556795690213370e+01
1.814167108284755192e-01 1.233336087812252657e+01
1.821821821821821563e-01 1.233115278760497802e+01
1.829476535358887934e-01 1.232894368240603100e+01
1.837131248895954583e-01 1.232673355957171424e+01
1.844785962433020954e-01 1.232452241613749422e+01
1.852440675970087325e-01 1.232231024912821127e+01
1.860095389507153973e-01 1.232009705555802981e+01
1.867750103044220344e-01 1.231788283243037441e+01
1.875404816581286993e-01 1.231566757673788004e+01
1.883059530118353364e-01 1.231345128546232992e+01
1.890714243655420013e-01 1.231123395557460043e+01
1.898368957192486384e-01 1.230901558403459894e+01
1.906023670729552755e-01 1.230679616779120877e+01
1.913678384266619403e-01 1.230457570378223053e+01
1.921333097803685774e-01 1.230235418893431820e+01
1.928987811340752145e-01 1.230013162016292050e+01
1.936642524877818516e-01 1.229790799437222937e+01
1.944297238414885165e-01 1.229568330845510360e+01
1.951951951951951814e-01 1.229345755929301731e+01
1.959606665489018185e-01 1.229123074375600488e+01
1.967261379026084556e-01 1.228900285870258102e+01
1.974916092563151204e-01 1.228677390097969102e+01
1.982570806100217575e-01 1.228454386742265037e+01
1.990225519637284224e-01 1.228231275485507012e+01
1.997880233174350595e-01 1.228008056008880189e+01
2.005534946711416966e-01 1.227784727992387204e+01
2.013189660248483615e-01 1.227561291114841069e+01
2.020844373785549708e-01 1.227337745053860196e+01
2.028499087322616357e-01 1.227114089485859694e+01
2.036153800859683005e-01 1.226890324086046746e+01
2.043808514396749376e-01 1.226666448528412978e+01
2.051463227933816025e-01 1.226442462485727347e+01
2.059117941470882396e-01 1.226218365629530815e+01
2.066772655007948767e-01 1.225994157630128356e+01
2.074427368545015415e-01 1.225769838156582026e+01
2.082082082082082064e-01 1.225545406876705457e+01
2.089736795619148435e-01 1.225320863457055154e+01
2.097391509156214806e-01 1.225096207562924810e+01
2.105046222693281177e-01 1.224871438858337669e+01
2.112700936230347826e-01 1.224646557006039593e+01
2.120355649767414197e-01 1.224421561667492142e+01
2.128010363304480568e-01 1.224196452502864929e+01
2.135665076841547216e-01 1.223971229171028874e+01
2.143319790378613587e-01 1.223745891329548208e+01
2.150974503915680236e-01 1.223520438634674079e+01
2.158629217452746607e-01 1.223294870741336560e+01
2.166283930989813256e-01 1.223069187303137539e+01
2.173938644526879627e-01 1.222843387972342555e+01
2.181593358063945998e-01 1.222617472399873861e+01
2.189248071601012369e-01 1.222391440235303151e+01
2.196902785138079017e-01 1.222165291126842845e+01
2.204557498675145388e-01 1.221939024721338996e+01
2.212212212212212037e-01 1.221712640664263638e+01
2.219866925749278408e-01 1.221486138599707161e+01
2.227521639286344779e-01 1.221259518170369240e+01
2.235176352823411428e-01 1.221032779017552272e+01
2.242831066360477799e-01 1.220805920781152842e+01
2.250485779897544447e-01 1.220578943099653202e+01
2.258140493434610818e-01 1.220351845610114161e+01
2.265795206971677189e-01 1.220124627948165852e+01
2.273449920508743838e-01 1.219897289748000269e+01
2.281104634045810209e-01 1.219669830642362562e+01
2.288759347582876580e-01 1.219442250262542871e+01
2.296414061119943228e-01 1.219214548238367790e+01
2.304068774657009600e-01 1.218986724198192029e+01
2.311723488194076526e-01 1.218758777768889878e+01
2.319378201731142619e-01 1.218530708575846155e+01
2.327032915268208990e-01 1.218302516242948208e+01
2.334687628805275639e-01 1.218074200392576856e+01
2.342342342342342010e-01 1.217845760645597331e+01
2.349997055879408658e-01 1.217617196621351106e+01
2.357651769416475029e-01 1.217388507937646303e+01
2.365306482953541400e-01 1.217159694210748810e+01
2.372961196490608049e-01 1.216930755055373758e+01
2.380615910027674420e-01 1.216701690084675569e+01
2.388270623564740791e-01 1.216472498910239608e+01
2.395925337101807717e-01 1.216243181142072061e+01
2.403580050638873811e-01 1.216013736388591404e+01
2.411234764175940459e-01 1.215784164256618283e+01
2.418889477713006830e-01 1.215554464351366981e+01
2.426544191250073201e-01 1.215324636276434411e+01
2.434198904787139850e-01 1.215094679633791763e+01
2.441853618324206221e-01 1.214864594023774913e+01
2.449508331861272592e-01 1.214634379045073587e+01
2.457163045398339241e-01 1.214404034294721768e+01
2.464817758935405612e-01 1.214173559368089172e+01
2.472472472472472260e-01 1.213942953858868989e+01
2.480127186009538909e-01 1.213712217359070067e+01
2.487781899546605002e-01 1.213481349459005187e+01
2.495436613083671651e-01 1.213250349747281298e+01
2.503091326620738299e-01 1.213019217810789740e+01
2.510746040157804670e-01 1.212787953234694882e+01
2.518400753694871042e-01 1.212556555602424879e+01
2.526055467231937413e-01 1.212325024495660131e+01
2.533710180769003784e-01 1.212093359494322975e+01
2.541364894306070710e-01 1.211861560176567032e+01
2.549019607843137081e-01 1.211629626118767078e+01
2.556674321380203452e-01 1.211397556895506256e+01
2.564329034917269823e-01 1.211165352079567903e+01
2.571983748454336194e-01 1.210933011241921875e+01
2.579638461991403120e-01 1.210700533951715308e+01
2.587293175528469491e-01 1.210467919776260359e+01
2.594947889065535862e-01 1.210235168281023377e+01
2.602602602602602233e-01 1.210002279029613348e+01
2.610257316139668604e-01 1.209769251583770711e+01
2.617912029676734975e-01 1.209536085503355274e+01
2.625566743213801901e-01 1.209302780346335204e+01
2.633221456750868272e-01 1.209069335668774947e+01
2.640876170287934643e-01 1.208835751024822969e+01
2.648530883825001014e-01 1.208602025966700921e+01
2.656185597362067385e-01 1.208368160044690853e+01
2.663840310899134312e-01 1.208134152807122952e+01
2.671495024436200683e-01 1.207900003800363997e+01
2.679149737973267054e-01 1.207665712568804395e+01
2.686804451510333425e-01 1.207431278654846452e+01
2.694459165047399796e-01 1.207196701598891231e+01
2.702113878584466722e-01 1.206961980939326295e+01
2.709768592121533093e-01 1.206727116212513451e+01
2.717423305658599464e-01 1.206492106952774535e+01
2.725078019195665835e-01 1.206256952692380580e+01
2.732732732732732206e-01 1.206021652961536539e+01
2.740387446269798577e-01 1.205786207288370449e+01
2.748042159806865503e-01 1.205550615198918152e+01
2.755696873343931874e-01 1.205314876217111575e+01
2.763351586880997690e-01 1.205078989864764694e+01
2.771006300418064616e-01 1.204842955661559323e+01
2.778661013955130987e-01 1.204606773125032859e+01
2.786315727492197913e-01 1.204370441770563716e+01
2.793970441029264284e-01 1.204133961111356932e+01
2.801625154566330655e-01 1.203897330658431741e+01
2.809279868103397027e-01 1.203660549920605938e+01
2.816934581640463398e-01 1.203423618404482554e+01
2.824589295177530324e-01 1.203186535614435471e+01
2.832244008714596695e-01 1.202949301052594677e+01
2.839898722251663066e-01 1.202711914218831524e+01
2.847553435788729437e-01 1.202474374610745222e+01
2.855208149325795808e-01 1.202236681723646505e+01
2.862862862862862734e-01 1.201998835050543946e+01
2.870517576399929105e-01 1.201760834082128149e+01
2.878172289936995476e-01 1.201522678306757008e+01
2.885827003474061847e-01 1.201284367210440429e+01
2.893481717011128218e-01 1.201045900276824874e+01
2.901136430548195144e-01 1.200807276987177374e+01
2.908791144085260960e-01 1.200568496820370612e+01
2.916445857622327886e-01 1.200329559252866751e+01
2.924100571159394257e-01 1.200090463758701631e+01
2.931755284696460073e-01 1.199851209809468422e+01
2.939409998233527554e-01 1.199611796874301817e+01
2.947064711770593926e-01 1.199372224419861332e+01
2.954719425307660297e-01 1.199132491910315679e+01
2.962374138844726668e-01 1.198892598807324816e+01
2.970028852381793039e-01 1.198652544570024681e+01
2.977683565918859410e-01 1.198412328655008707e+01
2.985338279455926336e-01 1.198171950516312911e+01
2.992992992992992707e-01 1.197931409605396347e+01
3.000647706530059078e-01 1.197690705371125830e+01
3.008302420067125449e-01 1.197449837259757288e+01
3.015957133604191820e-01 1.197208804714918529e+01
3.023611847141258746e-01 1.196967607177591475e+01
3.031266560678325117e-01 1.196726244086094759e+01
3.038921274215391488e-01 1.196484714876064359e+01
3.046575987752457859e-01 1.196243018980436901e+01
3.054230701289524230e-01 1.196001155829430473e+01
3.061885414826591156e-01 1.195759124850526334e+01
3.069540128363657527e-01 1.195516925468450076e+01
3.077194841900723343e-01 1.195274557105152802e+01
3.084849555437790269e-01 1.195032019179792648e+01
3.092504268974856640e-01 1.194789311108714891e+01
3.100158982511923567e-01 1.194546432305433292e+01
3.107813696048989938e-01 1.194303382180609674e+01
3.115468409586056309e-01 1.194060160142035443e+01
3.123123123123122680e-01 1.193816765594611162e+01
3.130777836660189051e-01 1.193573197940326303e+01
3.138432550197255422e-01 1.193329456578239345e+01
3.146087263734322348e-01 1.193085540904457886e+01
3.153741977271388719e-01 1.192841450312117146e+01
3.161396690808455090e-01 1.192597184191360071e+01
3.169051404345521461e-01 1.192352741929316373e+01
3.176706117882587832e-01 1.192108122910080681e+01
3.184360831419654758e-01 1.191863326514692467e+01
3.192015544956721129e-01 1.191618352121113844e+01
3.199670258493787500e-01 1.191373199104207714e+01
3.207324972030853871e-01 1.191127866835716809e+01
3.214979685567920242e-01 1.190882354684241307e+01
3.222634399104986613e-01 1.190636662015216096e+01
3.230289112642053539e-01 1.190390788190889104e+01
3.237943826179119911e-01 1.190144732570298558e+01
3.245598539716185726e-01 1.189898494509249538e+01
3.253253253253252653e-01 1.189652073360292128e+01
3.260907966790319579e-01 1.189405468472697081e+01
3.268562680327385950e-01 1.189158679192433077e+01
3.276217393864452321e-01 1.188911704862142749e+01
3.283872107401518692e-01 1.188664544821119406e+01
3.291526820938585063e-01 1.188417198405282171e+01
3.299181534475651434e-01 1.188169664947152171e+01
3.306836248012718360e-01 1.187921943775828204e+01
3.314490961549784731e-01 1.187674034216961694e+01
3.322145675086851102e-01 1.187425935592731996e+01
3.329800388623917473e-01 1.187177647221820997e+01
3.337455102160983844e-01 1.186929168419387892e+01
3.345109815698050770e-01 1.186680498497043601e+01
3.352764529235117141e-01 1.186431636762825015e+01
3.360419242772183512e-01 1.186182582521168527e+01
3.368073956309249883e-01 1.185933335072884276e+01
3.375728669846316254e-01 1.185683893715128789e+01
3.383383383383383181e-01 1.185434257741378872e+01
3.391038096920448996e-01 1.185184426441404604e+01
3.398692810457515923e-01 1.184934399101241276e+01
3.406347523994582294e-01 1.184684175003162743e+01
3.414002237531648110e-01 1.184433753425653002e+01
3.421656951068715591e-01 1.184183133643378305e+01
3.429311664605781962e-01 1.183932314927158913e+01
3.436966378142848333e-01 1.183681296543940142e+01
3.444621091679914704e-01 1.183430077756764298e+01
3.452275805216981075e-01 1.183178657824740831e+01
3.459930518754048001e-01 1.182927036003017029e+01
3.467585232291114372e-01 1.182675211542748528e+01
3.475239945828180743e-01 1.182423183691069468e+01
3.482894659365247114e-01 1.182170951691062299e+01
3.490549372902313485e-01 1.181918514781726515e+01
3.498204086439379856e-01 1.181665872197948808e+01
3.505858799976446782e-01 1.181413023170471455e+01
3.513513513513513153e-01 1.181159966925861049e+01
3.521168227050579524e-01 1.180906702686477239e+01
3.528822940587645896e-01 1.180653229670439508e+01
3.536477654124712267e-01 1.180399547091596446e+01
3.544132367661779193e-01 1.180145654159491997e+01
3.551787081198845564e-01 1.179891550079333129e+01
3.559441794735911380e-01 1.179637234051956618e+01
3.567096508272978306e-01 1.179382705273794762e+01
3.574751221810044677e-01 1.179127962936843055e+01
3.582405935347111603e-01 1.178873006228623765e+01
3.590060648884177974e-01 1.178617834332153969e+01
3.597715362421244345e-01 1.178362446425908594e+01
3.605370075958310716e-01 1.178106841683786143e+01
3.613024789495377087e-01 1.177851019275073519e+01
3.620679503032444013e-01 1.177594978364409251e+01
3.628334216569510384e-01 1.177338718111747973e+01
3.635988930106576755e-01 1.177082237672323650e+01
3.643643643643643126e-01 1.176825536196612276e+01
3.651298357180709497e-01 1.176568612830295102e+01
3.658953070717775868e-01 1.176311466714220977e+01
3.666607784254842795e-01 1.176054096984367625e+01
3.674262497791909166e-01 1.175796502771804519e+01
3.681917211328975537e-01 1.175538683202652557e+01
3.689571924866041908e-01 1.175280637398045869e+01
3.697226638403108279e-01 1.175022364474092207e+01
3.704881351940174650e-01 1.174763863541832976e+01
3.712536065477241576e-01 1.174505133707202198e+01
3.720190779014307947e-01 1.174246174070986903e+01
3.727845492551373763e-01 1.173986983728785383e+01
3.735500206088440689e-01 1.173727561770964911e+01
3.743154919625507615e-01 1.173467907282621603e+01
3.750809633162573986e-01 1.173208019343536357e+01
3.758464346699640357e-01 1.172947897028132580e+01
3.766119060236706728e-01 1.172687539405432844e+01
3.773773773773773099e-01 1.172426945539015897e+01
3.781428487310840025e-01 1.172166114486971367e+01
3.789083200847906396e-01 1.171905045301856063e+01
3.796737914384972767e-01 1.171643737030648502e+01
3.804392627922039138e-01 1.171382188714703609e+01
3.812047341459105509e-01 1.171120399389706890e+01
3.819702054996172436e-01 1.170858368085627355e+01
3.827356768533238807e-01 1.170596093826671868e+01
3.835011482070305178e-01 1.170333575631236300e+01
3.842666195607371549e-01 1.170070812511858804e+01
3.850320909144437920e-01 1.169807803475170616e+01
3.857975622681504291e-01 1.169544547521848443e+01
3.865630336218571217e-01 1.169281043646563134e+01
3.873285049755637033e-01 1.169017290837932066e+01
3.880939763292703959e-01 1.168753288078466746e+01
3.888594476829770330e-01 1.168489034344523425e+01
3.896249190366836146e-01 1.168224528606250878e+01
3.903903903903903627e-01 1.167959769827538352e+01
3.911558617440969998e-01 1.167694756965963521e+01
3.919213330978036369e-01 1.167429488972739016e+01
3.926868044515102740e-01 1.167163964792659137e+01
3.934522758052169111e-01 1.166898183364045494e+01
3.942177471589236037e-01 1.166632143618691764e+01
3.949832185126302408e-01 1.166365844481809511e+01
3.957486898663368780e-01 1.166099284871970809e+01
3.965141612200435151e-01 1.165832463701053179e+01
3.972796325737501522e-01 1.165565379874181318e+01
3.980451039274568448e-01 1.165298032289669905e+01
3.988105752811634819e-01 1.165030419838965337e+01
3.995760466348701190e-01 1.164762541406586038e+01
4.003415179885767561e-01 1.164494395870064203e+01
4.011069893422833932e-01 1.164225982099883971e+01
4.018724606959900303e-01 1.163957298959421749e+01
4.026379320496967229e-01 1.163688345304884209e+01
4.034034034034033600e-01 1.163419119985245942e+01
4.041688747571099416e-01 1.163149621842186754e+01
4.049343461108166342e-01 1.162879849710028068e+01
4.056998174645232713e-01 1.162609802415668625e+01
4.064652888182299639e-01 1.162339478778519819e+01
4.072307601719366010e-01 1.162068877610439266e+01
4.079962315256432381e-01 1.161797997715665254e+01
4.087617028793498752e-01 1.161526837890749420e+01
4.095271742330565123e-01 1.161255396924488181e+01
4.102926455867632050e-01 1.160983673597855059e+01
4.110581169404698421e-01 1.160711666683931220e+01
4.118235882941764792e-01 1.160439374947834423e+01
4.125890596478831163e-01 1.160166797146649387e+01
4.133545310015897534e-01 1.159893932029355312e+01
4.141200023552965015e-01 1.159620778336753055e+01
4.148854737090030831e-01 1.159347334801393181e+01
4.156509450627097202e-01 1.159073600147500471e+01
4.164164164164164128e-01 1.158799573090899493e+01
4.171818877701229944e-01 1.158525252338938927e+01
4.179473591238296870e-01 1.158250636590414651e+01
4.187128304775363241e-01 1.157975724535492468e+01
4.194783018312429612e-01 1.157700514855629770e+01
4.202437731849495983e-01 1.157425006223495778e+01
4.210092445386562354e-01 1.157149197302891963e+01
4.217747158923628725e-01 1.156873086748670509e+01
4.225401872460695651e-01 1.156596673206652603e+01
4.233056585997762022e-01 1.156319955313545123e+01
4.240711299534828393e-01 1.156042931696857146e+01
4.248366013071894765e-01 1.155765600974814866e+01
4.256020726608961136e-01 1.155487961756275972e+01
4.263675440146028062e-01 1.155210012640641892e+01
4.271330153683094433e-01 1.154931752217771823e+01
4.278984867220160804e-01 1.154653179067891600e+01
4.286639580757227175e-01 1.154374291761505589e+01
4.294294294294293546e-01 1.154095088859305029e+01
4.301949007831360472e-01 1.153815568912075662e+01
4.309603721368427398e-01 1.153535730460605713e+01
4.317258434905493214e-01 1.153255572035590681e+01
4.324913148442559585e-01 1.152975092157538661e+01
4.332567861979626511e-01 1.152694289336673705e+01
4.340222575516692882e-01 1.152413162072838659e+01
4.347877289053759253e-01 1.152131708855395509e+01
4.355532002590825624e-01 1.151849928163127146e+01
4.363186716127891995e-01 1.151567818464134518e+01
4.370841429664958366e-01 1.151285378215735911e+01
4.378496143202024737e-01 1.151002605864362494e+01
4.386150856739091664e-01 1.150719499845453875e+01
4.393805570276158035e-01 1.150436058583352761e+01
4.401460283813224406e-01 1.150152280491196422e+01
4.409114997350290777e-01 1.149868163970809576e+01
4.416769710887357148e-01 1.149583707412593547e+01
4.424424424424424074e-01 1.149298909195415774e+01
4.432079137961490445e-01 1.149013767686496656e+01
4.439733851498556816e-01 1.148728281241296045e+01
4.447388565035623187e-01 1.148442448203398314e+01
4.455043278572689558e-01 1.148156266904394940e+01
4.462697992109756484e-01 1.147869735663766555e+01
4.470352705646822855e-01 1.147582852788764285e+01
4.478007419183889781e-01 1.147295616574287180e+01
4.485662132720955597e-01 1.147008025302761069e+01
4.493316846258021968e-01 1.146720077244014036e+01
4.500971559795088894e-01 1.146431770655150295e+01
4.508626273332155265e-01 1.146143103780423722e+01
4.516280986869221636e-01 1.145854074851109239e+01
4.523935700406288007e-01 1.145564682085371899e+01
4.531590413943354378e-01 1.145274923688135260e+01
4.539245127480421305e-01 1.144984797850947622e+01
4.546899841017487676e-01 1.144694302751846848e+01
4.554554554554554047e-01 1.144403436555223408e+01
4.562209268091620418e-01 1.144112197411681642e+01
4.569863981628686789e-01 1.143820583457899076e+01
4.577518695165753160e-01 1.143528592816483958e+01
4.585173408702820086e-01 1.143236223595831724e+01
4.592828122239886457e-01 1.142943473889978812e+01
4.600482835776952828e-01 1.142650341778454859e+01
4.608137549314019199e-01 1.142356825326132608e+01
4.615792262851085570e-01 1.142062922583077089e+01
4.623446976388153051e-01 1.141768631584391258e+01
4.631101689925218867e-01 1.141473950350060917e+01
4.638756403462285238e-01 1.141178876884797155e+01
4.646411116999352164e-01 1.140883409177876118e+01
4.654065830536417980e-01 1.140587545202977893e+01
4.661720544073484906e-01 1.140291282918022553e+01
4.669375257610551277e-01 1.139994620265004244e+01
4.677029971147617649e-01 1.139697555169822962e+01
4.684684684684684020e-01 1.139400085542113850e+01
4.692339398221750391e-01 1.139102209275075239e+01
4.699994111758817317e-01 1.138803924245293153e+01
4.707648825295883688e-01 1.138505228312564732e+01
4.715303538832950059e-01 1.138206119319718113e+01
4.722958252370016430e-01 1.137906595092430706e+01
4.730612965907082801e-01 1.137606653439044813e+01
4.738267679444149172e-01 1.137306292150380571e+01
4.745922392981216098e-01 1.137005508999547132e+01
4.753577106518282469e-01 1.136704301741749745e+01
4.761231820055348840e-01 1.136402668114096493e+01
4.768886533592415211e-01 1.136100605835400046e+01
4.776541247129481582e-01 1.135798112605978538e+01
4.784195960666548508e-01 1.135495186107452703e+01
4.791850674203615434e-01 1.135191824002540528e+01
4.799505387740681250e-01 1.134888023934849599e+01
4.807160101277747621e-01 1.134583783528665180e+01
4.814814814814814548e-01 1.134279100388737582e+01
4.822469528351880919e-01 1.133973972100064387e+01
4.830124241888947290e-01 1.133668396227670883e+01
4.837778955426013661e-01 1.133362370316387491e+01
4.845433668963080032e-01 1.133055891890623101e+01
4.853088382500146403e-01 1.132748958454136989e+01
4.860743096037213329e-01 1.132441567489805401e+01
4.868397809574279700e-01 1.132133716459386719e+01
4.876052523111346071e-01 1.131825402803282188e+01
4.883707236648412442e-01 1.131516623940294153e+01
4.891361950185478813e-01 1.131207377267379499e+01
4.899016663722545184e-01 1.130897660159401319e+01
4.906671377259612110e-01 1.130587469968875780e+01
4.914326090796678481e-01 1.130276804025715975e+01
4.921980804333744852e-01 1.129965659636971864e+01
4.929635517870811223e-01 1.129654034086566838e+01
4.937290231407877594e-01 1.129341924635029670e+01
4.944944944944944520e-01 1.129029328519223796e+01
4.952599658482010891e-01 1.128716242952071624e+01
4.960254372019077818e-01 1.128402665122275472e+01
4.967909085556143634e-01 1.128088592194034590e+01
4.975563799093210005e-01 1.127774021306756858e+01
4.983218512630276931e-01 1.127458949574767999e+01
4.990873226167343302e-01 1.127143374087015282e+01
4.998527939704409673e-01 1.126827291906767314e+01
5.006182653241476599e-01 1.126510700071309579e+01
5.013837366778542970e-01 1.126193595591634988e+01
5.021492080315609341e-01 1.125875975452130184e+01
5.029146793852675712e-01 1.125557836610256857e+01
5.036801507389742083e-01 1.125239175996229335e+01
5.044456220926808454e-01 1.124919990512685608e+01
5.052110934463874825e-01 1.124600277034355500e+01
5.059765648000941196e-01 1.124280032407721563e+01
5.067420361538007567e-01 1.123959253450676776e+01
5.075075075075073938e-01 1.123637936952176375e+01
5.082729788612141419e-01 1.123316079671884005e+01
5.090384502149207790e-01 1.122993678339812895e+01
5.098039215686274161e-01 1.122670729655961885e+01
5.105693929223340533e-01 1.122347230289945053e+01
5.113348642760406904e-01 1.122023176880616191e+01
5.121003356297473275e-01 1.121698566035687961e+01
5.128658069834539646e-01 1.121373394331343398e+01
5.136312783371606017e-01 1.121047658311844408e+01
5.143967496908672388e-01 1.120721354489130839e+01
5.151622210445738759e-01 1.120394479342415295e+01
5.159276923982806240e-01 1.120067029317771734e+01
5.166931637519872611e-01 1.119739000827716779e+01
5.174586351056938982e-01 1.119410390250784282e+01
5.182241064594005353e-01 1.119081193931094198e+01
5.189895778131071724e-01 1.118751408177914008e+01
5.197550491668138095e-01 1.118421029265213207e+01
5.205205205205204466e-01 1.118090053431210329e+01
5.212859918742270837e-01 1.117758476877914475e+01
5.220514632279337208e-01 1.117426295770656353e+01
5.228169345816403579e-01 1.117093506237614875e+01
5.235824059353469950e-01 1.116760104369334883e+01
5.243478772890537432e-01 1.116426086218236513e+01
5.251133486427603803e-01 1.116091447798117464e+01
5.258788199964670174e-01 1.115756185083647090e+01
5.266442913501736545e-01 1.115420294009851254e+01
5.274097627038802916e-01 1.115083770471590618e+01
5.281752340575869287e-01 1.114746610323028619e+01
5.289407054112935658e-01 1.114408809377091103e+01
5.297061767650002029e-01 1.114070363404918140e+01
5.304716481187068400e-01 1.113731268135304830e+01
5.312371194724134771e-01 1.113391519254134998e+01
5.320025908261202252e-01 1.113051112403803344e+01
5.327680621798268623e-01 1.112710043182629249e+01
5.335335335335334994e-01 1.112368307144260626e+01
5.342990048872401365e-01 1.112025899797067119e+01
5.350644762409467736e-01 1.111682816603523349e+01
5.358299475946534107e-01 1.111339052979582398e+01
5.365954189483600478e-01 1.110994604294037380e+01
5.373608903020666849e-01 1.110649465867873076e+01
5.381263616557733220e-01 1.110303632973605659e+01
5.388918330094799591e-01 1.109957100834612653e+01
5.396573043631865962e-01 1.109609864624448861e+01
5.404227757168933444e-01 1.109261919466153046e+01
5.411882470705999815e-01 1.108913260431540593e+01
5.419537184243066186e-01 1.108563882540484968e+01
5.427191897780132557e-01 1.108213780760186751e+01
5.434846611317198928e-01 1.107862950004428448e+01
5.442501324854265299e-01 1.107511385132818482e+01
5.450156038391331670e-01 1.107159080950019003e+01
5.457810751928398041e-01 1.106806032204963053e+01
5.465465465465464412e-01 1.106452233590055556e+01
5.473120179002530783e-01 1.106097679740360995e+01
5.480774892539597154e-01 1.105742365232776692e+01
5.488429606076664635e-01 1.105386284585190282e+01
5.496084319613731006e-01 1.105029432255624045e+01
5.503739033150796267e-01 1.104671802641360934e+01
5.511393746687863748e-01 1.104313390078057289e+01
5.519048460224930119e-01 1.103954188838838135e+01
5.526703173761995380e-01 1.103594193133376500e+01
5.534357887299062861e-01 1.103233397106954605e+01
5.542012600836129232e-01 1.102871794839510144e+01
5.549667314373194493e-01 1.102509380344662659e+01
5.557322027910261975e-01 1.102146147568723045e+01
5.564976741447329456e-01 1.101782090389684576e+01
5.572631454984395827e-01 1.101417202616195112e+01
5.580286168521462198e-01 1.101051477986509042e+01
5.587940882058528569e-01 1.100684910167422004e+01
5.595595595595594940e-01 1.100317492753182336e+01
5.603250309132661311e-01 1.099949219264384048e+01
5.610905022669727682e-01 1.099580083146838838e+01
5.618559736206794053e-01 1.099210077770425542e+01
5.626214449743860424e-01 1.098839196427917742e+01
5.633869163280926795e-01 1.098467432333789873e+01
5.641523876817994276e-01 1.098094778622999179e+01
5.649178590355060647e-01 1.097721228349744749e+01
5.656833303892127018e-01 1.097346774486202037e+01
5.664488017429193389e-01 1.096971409921233231e+01
5.672142730966259760e-01 1.096595127459072216e+01
5.679797444503326131e-01 1.096217919817983066e+01
5.687452158040392503e-01 1.095839779628893318e+01
5.695106871577458874e-01 1.095460699433999174e+01
5.702761585114525245e-01 1.095080671685343532e+01
5.710416298651591616e-01 1.094699688743365584e+01
5.718071012188657987e-01 1.094317742875420940e+01
5.725725725725725468e-01 1.093934826254273140e+01
5.733380439262791839e-01 1.093550930956553735e+01
5.741035152799858210e-01 1.093166048961190739e+01
5.748689866336924581e-01 1.092780172147807605e+01
5.756344579873990952e-01 1.092393292295086127e+01
5.763999293411057323e-01 1.092005401079098448e+01
5.771654006948123694e-01 1.091616490071604062e+01
5.779308720485190065e-01 1.091226550738310941e+01
5.786963434022256436e-01 1.090835574437101130e+01
5.794618147559322807e-01 1.090443552416219930e+01
5.802272861096390288e-01 1.090050475812426711e+01
5.809927574633456659e-01 1.089656335649106644e+01
5.817582288170521920e-01 1.089261122834343531e+01
5.825237001707589402e-01 1.088864828158951070e+01
5.832891715244655773e-01 1.088467442294462906e+01
5.840546428781721033e-01 1.088068955791079517e+01
5.848201142318788515e-01 1.087669359075571407e+01
5.855855855855854886e-01 1.087268642449136991e+01
5.863510569392920146e-01 1.086866796085214482e+01
5.871165282929987628e-01 1.086463810027246168e+01
5.878819996467055109e-01 1.086059674186394375e+01
5.886474710004121480e-01 1.085654378339206971e+01
5.894129423541187851e-01 1.085247912125232439e+01
5.901784137078254222e-01 1.084840265044581642e+01
5.909438850615320593e-01 1.084431426455436309e+01
5.917093564152386964e-01 1.084021385571501561e+01
5.924748277689453335e-01 1.083610131459402126e+01
5.932402991226519706e-01 1.083197653036019581e+01
5.940057704763586077e-01 1.082783939065770795e+01
5.947712418300652448e-01 1.082368978157823491e+01
5.955367131837718819e-01 1.081952758763249811e+01
5.963021845374786301e-01 1.081535269172113978e+01
5.970676558911852672e-01 1.081116497510493879e+01
5.978331272448919043e-01 1.080696431737434438e+01
5.985985985985985414e-01 1.080275059641829927e+01
5.993640699523051785e-01 1.079852368839233812e+01
6.001295413060118156e-01 1.079428346768595937e+01
6.008950126597184527e-01 1.079002980688920665e+01
6.016604840134250898e-01 1.078576257675849170e+01
6.024259553671317269e-01 1.078148164618158411e+01
6.031914267208383640e-01 1.077718688214179998e+01
6.039568980745451121e-01 1.077287814968130419e+01
6.047223694282517492e-01 1.076855531186356707e+01
6.054878407819583863e-01 1.076421822973488851e+01
6.062533121356650234e-01 1.075986676228501260e+01
6.070187834893716605e-01 1.075550076640678476e+01
6.077842548430782976e-01 1.075112009685480352e+01
6.085497261967849347e-01 1.074672460620310055e+01
6.093151975504915718e-01 1.074231414480173008e+01
6.100806689041982089e-01 1.073788856073232800e+01
6.108461402579048460e-01 1.073344769976253765e+01
6.116116116116114831e-01 1.072899140529931294e+01
6.123770829653182313e-01 1.072451951834104200e+01
6.131425543190247573e-01 1.072003187742847530e+01
6.139080256727315055e-01 1.071552831859439436e+01
6.146734970264381426e-01 1.071100867531201217e+01
6.154389683801446687e-01 1.070647277844205902e+01
6.162044397338514168e-01 1.070192045617848464e+01
6.169699110875580539e-01 1.069735153399279071e+01
6.177353824412645800e-01 1.069276583457689078e+01
6.185008537949713281e-01 1.068816317778449587e+01
6.192663251486779652e-01 1.068354338057095987e+01
6.200317965023847133e-01 1.067890625693153694e+01
6.207972678560913504e-01 1.067425161783801357e+01
6.215627392097979875e-01 1.066957927117363880e+01
6.223282105635046246e-01 1.066488902166634034e+01
6.230936819172112617e-01 1.066018067082010923e+01
6.238591532709178988e-01 1.065545401684456372e+01
6.246246246246245359e-01 1.065070885458258942e+01
6.253900959783311730e-01 1.064594497543599161e+01
6.261555673320378101e-01 1.064116216728912612e+01
6.269210386857444472e-01 1.063636021443041635e+01
6.276865100394510844e-01 1.063153889747168712e+01
6.284519813931578325e-01 1.062669799326526210e+01
6.292174527468644696e-01 1.062183727481873419e+01
6.299829241005711067e-01 1.061695651120731654e+01
6.307483954542777438e-01 1.061205546748374573e+01
6.315138668079843809e-01 1.060713390458559502e+01
6.322793381616910180e-01 1.060219157923992483e+01
6.330448095153976551e-01 1.059722824386522255e+01
6.338102808691042922e-01 1.059224364647046279e+01
6.345757522228109293e-01 1.058723753055126515e+01
6.353412235765175664e-01 1.058220963498298239e+01
6.361066949302243145e-01 1.057715969391066579e+01
6.368721662839309516e-01 1.057208743663575490e+01
6.376376376376375887e-01 1.056699258749940995e+01
6.384031089913442258e-01 1.056187486576233425e+01
6.391685803450508629e-01 1.055673398548099229e+01
6.399340516987575000e-01 1.055156965538007441e+01
6.406995230524641372e-01 1.054638157872108017e+01
6.414649944061707743e-01 1.054116945316686405e+01
6.422304657598774114e-01 1.053593297064202261e+01
6.429959371135840485e-01 1.053067181718894574e+01
6.437614084672906856e-01 1.052538567281937887e+01
6.445268798209973227e-01 1.052007421136133303e+01
6.452923511747040708e-01 1.051473710030116848e+01
6.460578225284107079e-01 1.050937400062064775e+01
6.468232938821172340e-01 1.050398456662881230e+01
6.475887652358239821e-01 1.049856844578842541e+01
6.483542365895306192e-01 1.049312527853683896e+01
6.491197079432371453e-01 1.048765469810100193e+01
6.498851792969438934e-01 1.048215633030642735e+01
6.506506506506505305e-01 1.047662979337988176e+01
6.514161220043570566e-01 1.047107469774550204e+01
6.521815933580639157e-01 1.046549064581414612e+01
6.529470647117705528e-01 1.045987723176565609e+01
6.537125360654771900e-01 1.045423404132376177e+01
6.544780074191838271e-01 1.044856065152334779e+01
6.552434787728904642e-01 1.044285663046974122e+01
6.560089501265971013e-01 1.043712153708972146e+01
6.567744214803037384e-01 1.043135492087388094e+01
6.575398928340103755e-01 1.042555632161001533e+01
6.583053641877170126e-01 1.041972526910713270e+01
6.590708355414236497e-01 1.041386128290970525e+01
6.598363068951302868e-01 1.040796387200174600e+01
6.606017782488370349e-01 1.040203253450027887e+01
6.613672496025436720e-01 1.039606675733774388e+01
6.621327209562503091e-01 1.039006601593285950e+01
6.628981923099569462e-01 1.038402977384944137e+01
6.636636636636635833e-01 1.037795748244263727e+01
6.644291350173702204e-01 1.037184858049205438e+01
6.651946063710768575e-01 1.036570249382115527e+01
6.659600777247834946e-01 1.035951863490233293e+01
6.667255490784901317e-01 1.035329640244701999e+01
6.674910204321967688e-01 1.034703518098013220e+01
6.682564917859035170e-01 1.034073434039815176e+01
6.690219631396101541e-01 1.033439323551008826e+01
6.697874344933167912e-01 1.032801120556050734e+01
6.705529058470234283e-01 1.032158757373381519e+01
6.713183772007300654e-01 1.031512164663889131e+01
6.720838485544367025e-01 1.030861271377315269e+01
6.728493199081433396e-01 1.030206004696504429e+01
6.736147912618499767e-01 1.029546289979395546e+01
6.743802626155566138e-01 1.028882050698640072e+01
6.751457339692632509e-01 1.028213208378737242e+01
6.759112053229698880e-01 1.027539682530559340e+01
6.766766766766766361e-01 1.026861390583137812e+01
6.774421480303832732e-01 1.026178247812574185e+01
6.782076193840897993e-01 1.025490167267930097e+01
6.789730907377965474e-01 1.024797059693939971e+01
6.797385620915031845e-01 1.024098833450387680e+01
6.805040334452097106e-01 1.023395394427969407e+01
6.812695047989164587e-01 1.022686645960462393e+01
6.820349761526230958e-01 1.021972488733003104e+01
6.828004475063296219e-01 1.021252820686270013e+01
6.835659188600363700e-01 1.020527536916348765e+01
6.843313902137431182e-01 1.019796529570048627e+01
6.850968615674497553e-01 1.019059687735422060e+01
6.858623329211563924e-01 1.018316897327220083e+01
6.866278042748630295e-01 1.017568040967009146e+01
6.873932756285696666e-01 1.016812997857643452e+01
6.881587469822763037e-01 1.016051643651777248e+01
6.889242183359829408e-01 1.015283850314079572e+01
6.896896896896895779e-01 1.014509485976783765e+01
6.904551610433962150e-01 1.013728414788187493e+01
6.912206323971028521e-01 1.012940496753692976e+01
6.919861037508096002e-01 1.012145587568940286e+01
6.927515751045162373e-01 1.011343538444564949e+01
6.935170464582228744e-01 1.010534195922075362e+01
6.942825178119295115e-01 1.009717401680306637e+01
6.950479891656361486e-01 1.008892992331873550e+01
6.958134605193427857e-01 1.008060799209001068e+01
6.965789318730494228e-01 1.007220648138065577e+01
6.973444032267560599e-01 1.006372359202131328e+01
6.981098745804626970e-01 1.005515746490716644e+01
6.988753459341693341e-01 1.004650617835959636e+01
6.996408172878759713e-01 1.003776774534297367e+01
7.004062886415827194e-01 1.002894011052703327e+01
7.011717599952893565e-01 1.002002114718449732e+01
7.019372313489959936e-01 1.001100865391284245e+01
7.027027027027026307e-01 1.000190035116824383e+01
7.034681740564092678e-01 nan
7.042336454101159049e-01 nan
7.049991167638225420e-01 nan
7.057645881175291791e-01 nan
7.065300594712358162e-01 nan
7.072955308249424533e-01 nan
7.080610021786492014e-01 nan
7.088264735323558385e-01 nan
7.095919448860623646e-01 nan
7.103574162397691127e-01 nan
7.111228875934757498e-01 nan
7.118883589471822759e-01 nan
7.126538303008890241e-01 nan
7.134193016545956612e-01 nan
7.141847730083021872e-01 nan
7.149502443620089354e-01 nan
7.157157157157155725e-01 nan
7.164811870694223206e-01 nan
7.172466584231289577e-01 nan
7.180121297768355948e-01 nan
7.187776011305422319e-01 nan
7.195430724842488690e-01 nan
7.203085438379555061e-01 nan
7.210740151916621432e-01 nan
7.218394865453687803e-01 nan
7.226049578990754174e-01 nan
7.233704292527820545e-01 nan
7.241359006064888026e-01 nan
7.249013719601954397e-01 nan
7.256668433139020769e-01 nan
7.264323146676087140e-01 nan
7.271977860213153511e-01 nan
7.279632573750219882e-01 nan
7.287287287287286253e-01 nan
7.294942000824352624e-01 nan
7.302596714361418995e-01 nan
7.310251427898485366e-01 nan
7.317906141435551737e-01 nan
7.325560854972619218e-01 nan
7.333215568509685589e-01 nan
7.340870282046751960e-01 nan
7.348524995583818331e-01 nan
7.356179709120884702e-01 nan
7.363834422657951073e-01 nan
7.371489136195017444e-01 nan
7.379143849732083815e-01 nan
7.386798563269150186e-01 nan
7.394453276806216557e-01 nan
7.402107990343284039e-01 nan
7.409762703880349299e-01 nan
7.417417417417416781e-01 nan
7.425072130954483152e-01 nan
7.432726844491548412e-01 nan
7.440381558028615894e-01 nan
7.448036271565682265e-01 nan
7.455690985102747526e-01 nan
7.463345698639815007e-01 nan
7.471000412176881378e-01 nan
7.478655125713948859e-01 nan
7.486309839251015230e-01 nan
7.493964552788081601e-01 nan
7.501619266325147972e-01 nan
7.509273979862214343e-01 nan
7.516928693399280714e-01 nan
7.524583406936347085e-01 nan
7.532238120473413456e-01 nan
7.539892834010479827e-01 nan
7.547547547547546198e-01 nan
7.555202261084612569e-01 nan
7.562856974621680051e-01 nan
7.570511688158746422e-01 nan
7.578166401695812793e-01 nan
7.585821115232879164e-01 nan
7.593475828769945535e-01 nan
7.601130542307011906e-01 nan
7.608785255844078277e-01 nan
7.616439969381144648e-01 nan
7.624094682918211019e-01 nan
7.631749396455277390e-01 nan
7.639404109992344871e-01 nan
7.647058823529411242e-01 nan
