0.000000000000000000e+00 1.323300494515798320e+01
1.530942707413295543e-02 1.319494686724259402e+01
3.061885414826591087e-02 1.319214775148029695e+01
4.592828122239886457e-02 1.318934953620924588e+01
6.123770829653182174e-02 1.318667581617223483e+01
7.654713537066477891e-02 1.318424005865507276e+01
9.185656244479772914e-02 1.318195679610668059e+01
1.071659895189306932e-01 1.317965585217902102e+01
1.224754165930636435e-01 1.317739331891500143e+01
1.377848436671965937e-01 1.317521756256080323e+01
1.530942707413295578e-01 1.317312852179692229e+01
1.684036978154625219e-01 1.317112613546149014e+01
1.837131248895954583e-01 1.316921034255083889e+01
1.990225519637284224e-01 1.316728170531655628e+01
2.143319790378613865e-01 1.316532952983949656e+01
2.296414061119943228e-01 1.316341363899306138e+01
2.449508331861272870e-01 1.316153400904102178e+01
2.602602602602602233e-01 1.315969061630534931e+01
2.755696873343931874e-01 1.315788343716645414e+01
2.908791144085261515e-01 1.315609137496316094e+01
3.061885414826591156e-01 1.315428116688810078e+01
3.214979685567920797e-01 1.315247139537227028e+01
3.368073956309250439e-01 1.315066205943152156e+01
3.521168227050579524e-01 1.314885315808046329e+01
3.674262497791909166e-01 1.314704469033247491e+01
3.827356768533238252e-01 1.314524022761032107e+01
3.980451039274568448e-01 1.314344651634265304e+01
4.133545310015898089e-01 1.314165323342269609e+01
4.286639580757227730e-01 1.313986037786097860e+01
4.439733851498556816e-01 1.313806794866679617e+01
4.592828122239886457e-01 1.313627594484819383e+01
4.745922392981216653e-01 1.313448436541196429e+01
4.899016663722545739e-01 1.313269320936364082e+01
5.052110934463874825e-01 1.313090247570748836e+01
5.205205205205204466e-01 1.312911216344649112e+01
5.358299475946534107e-01 1.312732227158235077e+01
5.511393746687863748e-01 1.312553279911547932e+01
5.664488017429193389e-01 1.312374374504498853e+01
5.817582288170523031e-01 1.312195510836867740e+01
5.970676558911852672e-01 1.312016688808303400e+01
6.123770829653182313e-01 1.311837906669404852e+01
6.276865100394511954e-01 1.311658799747257120e+01
6.429959371135841595e-01 1.311479734444246326e+01
6.583053641877171236e-01 1.311300710658781021e+01
6.736147912618500877e-01 1.311121728289132449e+01
6.889242183359829408e-01 1.310942787233434892e+01
7.042336454101159049e-01 1.310763887389683369e+01
7.195430724842488690e-01 1.310585028655734341e+01
7.348524995583818331e-01 1.310406210929303761e+01
7.501619266325147972e-01 1.310227434107967071e+01
7.654713537066476503e-01 1.310048698089157249e+01
7.807807807807808365e-01 1.309870002770165343e+01
7.960902078549136895e-01 1.309691348048137982e+01
8.113996349290466537e-01 1.309512733820078800e+01
8.267090620031796178e-01 1.309334159982844881e+01
8.420184890773125819e-01 1.309155626433147646e+01
8.573279161514455460e-01 1.308974014388772034e+01
8.726373432255783991e-01 1.308791414910206719e+01
8.879467702997113632e-01 1.308608857559725003e+01
9.032561973738443273e-01 1.308426342228091599e+01
9.185656244479772914e-01 1.308243868805906018e+01
9.338750515221102555e-01 1.308061437183602038e+01
9.491844785962433306e-01 1.307879047251445392e+01
9.644939056703761837e-01 1.307696698899533772e+01
9.798033327445091478e-01 1.307514392017795757e+01
9.951127598186421119e-01 1.307332126495989044e+01
1.010422186892774965e+00 1.307149902223700266e+01
1.025731613966907929e+00 1.306967719090343039e+01
1.041041041041040893e+00 1.306785576985158315e+01
1.056350468115173857e+00 1.306603475797211544e+01
1.071659895189306821e+00 1.306421415415393028e+01
1.086969322263439786e+00 1.306239395728416319e+01
1.102278749337572750e+00 1.306057416624816625e+01
1.117588176411705714e+00 1.305875477992951339e+01
1.132897603485838678e+00 1.305693579720996667e+01
1.148207030559971642e+00 1.305511721696948868e+01
1.163516457634104606e+00 1.305329903808621062e+01
1.178825884708237570e+00 1.305148125943643755e+01
1.194135311782370534e+00 1.304966387989462895e+01
1.209444738856503498e+00 1.304784689833338973e+01
1.224754165930636463e+00 1.304603031362345611e+01
1.240063593004769427e+00 1.304421412463369023e+01
1.255373020078902391e+00 1.304239833023106243e+01
1.270682447153035355e+00 1.304058292928064766e+01
1.285991874227168319e+00 1.303876792064560419e+01
1.301301301301301283e+00 1.303695330318716827e+01
1.316610728375434247e+00 1.303513907576464170e+01
1.331920155449567211e+00 1.303332523723538117e+01
1.347229582523700175e+00 1.303151178645478403e+01
1.362539009597833140e+00 1.302969872227627590e+01
1.377848436671965882e+00 1.302788604355130353e+01
1.393157863746098846e+00 1.302607374912931526e+01
1.408467290820231810e+00 1.302426183785775748e+01
1.423776717894364774e+00 1.302245030858205688e+01
1.439086144968497738e+00 1.302063916014561151e+01
1.454395572042630702e+00 1.301882839138977488e+01
1.469704999116763666e+00 1.301701800115384344e+01
1.485014426190896630e+00 1.301520798827505487e+01
1.500323853265029594e+00 1.301339835158855784e+01
1.515633280339162337e+00 1.301158908992741559e+01
1.530942707413295301e+00 1.300978020212258279e+01
1.546252134487428709e+00 1.300797168700290030e+01
1.561561561561561673e+00 1.300616354339507375e+01
1.576870988635694415e+00 1.300435577012367183e+01
1.592180415709827379e+00 1.300254836601110497e+01
1.607489842783960343e+00 1.300074132987761288e+01
1.622799269858093307e+00 1.299893466054125746e+01
1.638108696932226271e+00 1.299712835681790324e+01
1.653418124006359236e+00 1.299532241752120854e+01
1.668727551080492200e+00 1.299351684146260766e+01
1.684036978154625164e+00 1.299171162745130559e+01
1.699346405228758128e+00 1.298990677429425311e+01
1.714655832302891092e+00 1.298810228079614504e+01
1.729965259377023834e+00 1.298629814575939712e+01
1.745274686451156798e+00 1.298449436798413892e+01
1.760584113525290206e+00 1.298269094626819786e+01
1.775893540599422726e+00 1.298088787940708499e+01
1.791202967673555690e+00 1.297908516619398078e+01
1.806512394747688655e+00 1.297728280541972090e+01
1.821821821821821619e+00 1.297548079587278735e+01
1.837131248895954583e+00 1.297367913633928360e+01
1.852440675970087547e+00 1.297187782560293279e+01
1.867750103044220511e+00 1.297007686244505287e+01
1.883059530118353253e+00 1.296827624564455128e+01
1.898368957192486661e+00 1.296647597397790364e+01
1.913678384266619625e+00 1.296467604621914127e+01
1.928987811340752367e+00 1.296287646113983882e+01
1.944297238414885332e+00 1.296107721750909292e+01
1.959606665489018296e+00 1.295927831409352038e+01
1.974916092563151260e+00 1.295747974965722804e+01
1.990225519637284224e+00 1.295568152296181097e+01
2.005534946711417188e+00 1.295388363276632226e+01
2.020844373785549930e+00 1.295208607782727839e+01
2.036153800859683116e+00 1.295028885689862186e+01
2.051463227933815858e+00 1.294846949465623531e+01
2.066772655007949044e+00 1.294664787341067402e+01
2.082082082082081786e+00 1.294482597236145160e+01
2.097391509156214973e+00 1.294300379063348139e+01
2.112700936230347715e+00 1.294118132734692317e+01
2.128010363304480901e+00 1.293935858161715302e+01
2.143319790378613643e+00 1.293753555255472953e+01
2.158629217452746829e+00 1.293571223926537783e+01
2.173938644526879571e+00 1.293388864084995937e+01
2.189248071601012757e+00 1.293206475640444175e+01
2.204557498675145499e+00 1.293024058501987383e+01
2.219866925749278685e+00 1.292841612578236266e+01
2.235176352823411428e+00 1.292659137777303613e+01
2.250485779897544614e+00 1.292476634006802350e+01
2.265795206971677356e+00 1.292294101173842691e+01
2.281104634045810542e+00 1.292111539185028946e+01
2.296414061119943284e+00 1.291928947946456852e+01
2.311723488194076470e+00 1.291746327363710911e+01
2.327032915268209212e+00 1.291563677341861016e+01
2.342342342342342398e+00 1.291380997785460139e+01
2.357651769416475140e+00 1.291198288598541133e+01
2.372961196490607882e+00 1.291015549684613539e+01
2.388270623564741069e+00 1.290832780946661273e+01
2.403580050638873811e+00 1.290649982287139075e+01
2.418889477713006997e+00 1.290467153607969664e+01
2.434198904787139739e+00 1.290284294810540899e+01
2.449508331861272925e+00 1.290101405795702050e+01
2.464817758935405667e+00 1.289918486463761660e+01
2.480127186009538853e+00 1.289735536714484176e+01
2.495436613083671595e+00 1.289552556447086218e+01
2.510746040157804782e+00 1.289369545560234265e+01
2.526055467231937524e+00 1.289186503952040397e+01
2.541364894306070710e+00 1.289003431520060872e+01
2.556674321380203452e+00 1.288820328161290973e+01
2.571983748454336638e+00 1.288637193772162703e+01
2.587293175528469380e+00 1.288454028248542294e+01
2.602602602602602566e+00 1.288270831485724699e+01
2.617912029676735308e+00 1.288087603378432888e+01
2.633221456750868494e+00 1.287904343820812336e+01
2.648530883825001236e+00 1.287721052706429248e+01
2.663840310899134423e+00 1.287537729928266117e+01
2.679149737973267165e+00 1.287354375378718885e+01
2.694459165047400351e+00 1.287170988949593209e+01
2.709768592121533093e+00 1.286987570532101088e+01
2.725078019195666279e+00 1.286804120016857134e+01
2.740387446269799021e+00 1.286620637293875724e+01
2.755696873343931763e+00 1.286437122252566745e+01
2.771006300418064949e+00 1.286253574781732034e+01
2.786315727492197691e+00 1.286069994769562541e+01
2.801625154566330878e+00 1.285886382103633885e+01
2.816934581640463620e+00 1.285702736670902802e+01
2.832244008714596806e+00 1.285519058357703770e+01
2.847553435788729548e+00 1.285335347049744925e+01
2.862862862862862734e+00 1.285151602632105217e+01
2.878172289936995476e+00 1.284967824989229079e+01
2.893481717011128218e+00 1.284784014004923947e+01
2.908791144085261404e+00 1.284600169562355987e+01
2.924100571159394146e+00 1.284416291544045841e+01
2.939409998233527332e+00 1.284232379831865600e+01
2.954719425307660963e+00 1.284048434307034015e+01
2.970028852381793261e+00 1.283864454850113290e+01
2.985338279455926447e+00 1.283680441341003942e+01
3.000647706530059189e+00 1.283496393658942303e+01
3.015957133604192375e+00 1.283312311682495555e+01
3.031266560678324673e+00 1.283128195289557461e+01
3.046575987752458303e+00 1.282944044357344993e+01
3.061885414826590601e+00 1.282759858762393534e+01
3.077194841900724231e+00 1.282575638380553329e+01
3.092504268974857418e+00 1.282391383086984327e+01
3.107813696048990160e+00 1.282207092756152988e+01
3.123123123123123346e+00 1.282022767261827312e+01
3.138432550197255644e+00 1.281838406477072922e+01
3.153741977271388830e+00 1.281654010274248279e+01
3.169051404345521572e+00 1.281469578525000941e+01
3.184360831419654758e+00 1.281285111100262419e+01
3.199670258493787056e+00 1.281100607870244268e+01
3.214979685567920686e+00 1.280916068704433286e+01
3.230289112642053873e+00 1.280731503278004446e+01
3.245598539716186615e+00 1.280547008788936303e+01
3.260907966790319801e+00 1.280362479215077087e+01
3.276217393864452543e+00 1.280177914422494467e+01
3.291526820938585285e+00 1.279993314276515015e+01
3.306836248012718471e+00 1.279808678641719411e+01
3.322145675086851213e+00 1.279624007381938000e+01
3.337455102160984399e+00 1.279439300360246179e+01
3.352764529235117141e+00 1.279254557438958884e+01
3.368073956309250327e+00 1.279069778479626862e+01
3.383383383383383070e+00 1.278884963343030634e+01
3.398692810457516256e+00 1.278700111889176760e+01
3.414002237531648998e+00 1.278515223977292159e+01
3.429311664605782184e+00 1.278330299465819131e+01
3.444621091679914926e+00 1.278145338212410920e+01
3.459930518754047668e+00 1.277960340073926204e+01
3.475239945828180854e+00 1.277775304906423770e+01
3.490549372902313596e+00 1.277590232565158246e+01
3.505858799976446782e+00 1.277405122904574242e+01
3.521168227050580413e+00 1.277219975778300842e+01
3.536477654124712711e+00 1.277034791039147521e+01
3.551787081198845453e+00 1.276849568539097568e+01
3.567096508272978639e+00 1.276664308129303471e+01
3.582405935347111381e+00 1.276479009660081410e+01
3.597715362421244123e+00 1.276293672980905747e+01
3.613024789495377309e+00 1.276108297940403347e+01
3.628334216569510051e+00 1.275922884386348599e+01
3.643643643643643237e+00 1.275737432165657737e+01
3.658953070717776868e+00 1.275551941124381905e+01
3.674262497791909166e+00 1.275366411107704145e+01
3.689571924866042796e+00 1.275180841959931044e+01
3.704881351940175094e+00 1.274995233524488647e+01
3.720190779014308280e+00 1.274809585643915888e+01
3.735500206088441022e+00 1.274623898159858904e+01
3.750809633162574208e+00 1.274438170913065527e+01
3.766119060236706506e+00 1.274252403743378537e+01
3.781428487310840136e+00 1.274066596489730863e+01
3.796737914384973323e+00 1.273880748990138301e+01
3.812047341459106065e+00 1.273694861081693830e+01
3.827356768533239251e+00 1.273508932600561927e+01
3.842666195607371993e+00 1.273322963381971995e+01
3.857975622681504735e+00 1.273136953260211968e+01
3.873285049755637921e+00 1.272950902068622625e+01
3.888594476829770663e+00 1.272764809639589956e+01
3.903903903903903849e+00 1.272578675804540893e+01
3.919213330978036591e+00 1.272392500393934078e+01
3.934522758052168889e+00 1.272206283237256308e+01
3.949832185126302520e+00 1.272020024163013474e+01
3.965141612200435706e+00 1.271833722998725413e+01
3.980451039274568448e+00 1.271647379570918801e+01
3.995760466348701634e+00 1.271460993705120046e+01
4.011069893422834376e+00 1.271274565225849607e+01
4.026379320496967118e+00 1.271088093956613463e+01
4.041688747571099860e+00 1.270901579719898145e+01
4.056998174645233490e+00 1.270715022337161670e+01
4.072307601719366232e+00 1.270528421628828752e+01
4.087617028793498974e+00 1.270341777414281736e+01
4.102926455867631717e+00 1.270155089511854740e+01
4.118235882941765347e+00 1.269968357738826015e+01
4.133545310015898089e+00 1.269781581911410306e+01
4.148854737090030831e+00 1.269594761844752284e+01
4.164164164164163573e+00 1.269407897352918724e+01
4.179473591238297203e+00 1.269220988248891047e+01
4.194783018312429945e+00 1.269034034344557860e+01
4.210092445386562687e+00 1.268847035450707317e+01
4.225401872460695429e+00 1.268659991377019480e+01
4.240711299534829060e+00 1.268472901932059038e+01
4.256020726608961802e+00 1.268285766923266600e+01
4.271330153683094544e+00 1.268098586156951946e+01
4.286639580757227286e+00 1.267911359438284968e+01
4.301949007831360916e+00 1.267724086571288922e+01
4.317258434905493658e+00 1.267536767358831007e+01
4.332567861979626400e+00 1.267349401602615977e+01
4.347877289053759142e+00 1.267161989103176012e+01
4.363186716127891884e+00 1.266974529659863791e+01
4.378496143202025515e+00 1.266787023070843610e+01
4.393805570276158257e+00 1.266599469133083566e+01
4.409114997350290999e+00 1.266411867642346145e+01
4.424424424424423741e+00 1.266224218393180223e+01
4.439733851498557371e+00 1.266036521178912722e+01
4.455043278572690113e+00 1.265848775791639369e+01
4.470352705646822855e+00 1.265660982022215997e+01
4.485662132720955597e+00 1.265473139660249835e+01
4.500971559795089227e+00 1.265285248494090631e+01
4.516280986869221969e+00 1.265097308310821411e+01
4.531590413943354712e+00 1.264909318896249957e+01
4.546899841017487454e+00 1.264721280034898676e+01
4.562209268091621084e+00 1.264533191509995902e+01
4.577518695165753826e+00 1.264345053103467187e+01
4.592828122239886568e+00 1.264156864595924290e+01
4.608137549314019310e+00 1.263968625766657183e+01
4.623446976388152940e+00 1.263780336393623926e+01
4.638756403462285682e+00 1.263591996253440541e+01
4.654065830536418424e+00 1.263403605121372308e+01
4.669375257610551166e+00 1.263215162771322753e+01
4.684684684684684797e+00 1.263026668975824407e+01
4.699994111758817539e+00 1.262838123506028865e+01
4.715303538832950281e+00 1.262649526131696121e+01
4.730612965907083023e+00 1.262460876621184980e+01
4.745922392981215765e+00 1.262272174741442043e+01
4.761231820055349395e+00 1.262083420257992472e+01
4.776541247129482137e+00 1.261894612934928084e+01
4.791850674203614879e+00 1.261705752534897940e+01
4.807160101277747621e+00 1.261516838819096975e+01
4.822469528351881252e+00 1.261327871547256052e+01
4.837778955426013994e+00 1.261138850477629525e+01
4.853088382500146736e+00 1.260949775366986536e+01
4.868397809574279478e+00 1.260760645970597693e+01
4.883707236648413108e+00 1.260571462042225477e+01
4.899016663722545850e+00 1.260382223334112339e+01
4.914326090796678592e+00 1.260192929596969513e+01
4.929635517870811334e+00 1.260003580579965465e+01
4.944944944944944965e+00 1.259814176030714350e+01
4.960254372019077707e+00 1.259624715695264108e+01
4.975563799093210449e+00 1.259435199318085452e+01
4.990873226167343191e+00 1.259245626642058902e+01
5.006182653241476821e+00 1.259055997408463767e+01
5.021492080315609563e+00 1.258866311356965184e+01
5.036801507389742305e+00 1.258676568225602921e+01
5.052110934463875047e+00 1.258486767750777702e+01
5.067420361538008677e+00 1.258296909667240193e+01
5.082729788612141419e+00 1.258106993708077148e+01
5.098039215686274161e+00 1.257917019604699860e+01
5.113348642760406904e+00 1.257726987086830484e+01
5.128658069834539646e+00 1.257536895882489958e+01
5.143967496908673276e+00 1.257346745717983971e+01
5.159276923982806018e+00 1.257156536317890705e+01
5.174586351056938760e+00 1.256966267405046978e+01
5.189895778131071502e+00 1.256775938700535633e+01
5.205205205205205132e+00 1.256585549923670797e+01
5.220514632279337874e+00 1.256395100791985264e+01
5.235824059353470616e+00 1.256204591021216288e+01
5.251133486427603358e+00 1.256014020325292080e+01
5.266442913501736989e+00 1.255823388416316533e+01
5.281752340575869731e+00 1.255632695004557320e+01
5.297061767650002473e+00 1.255441939798429374e+01
5.312371194724135215e+00 1.255251122504481387e+01
5.327680621798268845e+00 1.255060242827381600e+01
5.342990048872401587e+00 1.254869300469902527e+01
5.358299475946534329e+00 1.254678295132906030e+01
5.373608903020667071e+00 1.254487226515329112e+01
5.388918330094800702e+00 1.254296094314167931e+01
5.404227757168933444e+00 1.254104898224463049e+01
5.419537184243066186e+00 1.253913637939283809e+01
5.434846611317198928e+00 1.253722313149712697e+01
5.450156038391332558e+00 1.253530923544830245e+01
5.465465465465465300e+00 1.253339468811698154e+01
5.480774892539598042e+00 1.253147948635344200e+01
5.496084319613729896e+00 1.252956362698745529e+01
5.511393746687863526e+00 1.252764710682812499e+01
5.526703173761997157e+00 1.252572992266372687e+01
5.542012600836129899e+00 1.252381207126153484e+01
5.557322027910261752e+00 1.252189354936765575e+01
5.572631454984395383e+00 1.251997435370686418e+01
5.587940882058529013e+00 1.251805448098242302e+01
5.603250309132661755e+00 1.251613392787592183e+01
5.618559736206795385e+00 1.251421269104709211e+01
5.633869163280927239e+00 1.251229076713363675e+01
5.649178590355060869e+00 1.251036815275105063e+01
5.664488017429193611e+00 1.250844484449244298e+01
5.679797444503327242e+00 1.250652083892835442e+01
5.695106871577459096e+00 1.250459613260657399e+01
5.710416298651592726e+00 1.250267072205195262e+01
5.725725725725725468e+00 1.250074460376622199e+01
5.741035152799858210e+00 1.249881777422780260e+01
5.756344579873990952e+00 1.249689022989161202e+01
5.771654006948124582e+00 1.249496196718887475e+01
5.786963434022256436e+00 1.249303298252693040e+01
5.802272861096390066e+00 1.249110327228903650e+01
5.817582288170522808e+00 1.248917283283416602e+01
5.832891715244656439e+00 1.248724166049681372e+01
5.848201142318788293e+00 1.248530975158679546e+01
5.863510569392921923e+00 1.248337710238903675e+01
5.878819996467054665e+00 1.248144370916337742e+01
5.894129423541188295e+00 1.247950956814435486e+01
5.909438850615321925e+00 1.247757467554099797e+01
5.924748277689453779e+00 1.247563902753661935e+01
5.940057704763586521e+00 1.247370262028859500e+01
5.955367131837720152e+00 1.247176544992815295e+01
5.970676558911852894e+00 1.246982751256015121e+01
5.985985985985985636e+00 1.246788853218201076e+01
6.001295413060118378e+00 1.246594113650772151e+01
6.016604840134251120e+00 1.246399287453088256e+01
6.031914267208384750e+00 1.246204374220783073e+01
6.047223694282517492e+00 1.246009373546622534e+01
6.062533121356649346e+00 1.245814285020479772e+01
6.077842548430782976e+00 1.245619108229310967e+01
6.093151975504916606e+00 1.245423842757130650e+01
6.108461402579049349e+00 1.245228488184985949e+01
6.123770829653181202e+00 1.245033044090932250e+01
6.139080256727314833e+00 1.244837510050006024e+01
6.154389683801448463e+00 1.244641885634200307e+01
6.169699110875581205e+00 1.244446170412438057e+01
6.185008537949714835e+00 1.244250363950545690e+01
6.200317965023846689e+00 1.244054465811225896e+01
6.215627392097980319e+00 1.243858475554031884e+01
6.230936819172113061e+00 1.243662392735338784e+01
6.246246246246246692e+00 1.243466216908316824e+01
6.261555673320378546e+00 1.243269947622903437e+01
6.276865100394511288e+00 1.243073584425775202e+01
6.292174527468644918e+00 1.242877126860319237e+01
6.307483954542777660e+00 1.242680574466604604e+01
6.322793381616910402e+00 1.242483926781353354e+01
6.338102808691043144e+00 1.242287183337911216e+01
6.353412235765175886e+00 1.242090343666218111e+01
6.368721662839309516e+00 1.241893407292777773e+01
6.384031089913442258e+00 1.241696373740628623e+01
6.399340516987574112e+00 1.241499242529311964e+01
6.414649944061707743e+00 1.241302013174841967e+01
6.429959371135841373e+00 1.241104685189674051e+01
6.445268798209974115e+00 1.240907258082674147e+01
6.460578225284107745e+00 1.240709731359085488e+01
6.475887652358241375e+00 1.240512104520498227e+01
6.491197079432373229e+00 1.240314377064815510e+01
6.506506506506505971e+00 1.240116548486221326e+01
6.521815933580639602e+00 1.239918618275146933e+01
6.537125360654772344e+00 1.239720585918238349e+01
6.552434787728905086e+00 1.239522450898320827e+01
6.567744214803037828e+00 1.239324212694365990e+01
6.583053641877170570e+00 1.239125870781456840e+01
6.598363068951304200e+00 1.238927424630752405e+01
6.613672496025436942e+00 1.238728873709453104e+01
6.628981923099568796e+00 1.238530217480764506e+01
6.644291350173702426e+00 1.238331455403861447e+01
6.659600777247836056e+00 1.238132586933851442e+01
6.674910204321968799e+00 1.237933611521737909e+01
6.690219631396100652e+00 1.237734528614383400e+01
6.705529058470234283e+00 1.237535337654471057e+01
6.720838485544367025e+00 1.237336038080467127e+01
6.736147912618500655e+00 1.237136629326582238e+01
6.751457339692634285e+00 1.236937110822733388e+01
6.766766766766766139e+00 1.236737481994503263e+01
6.782076193840898881e+00 1.236537742263101514e+01
6.797385620915032511e+00 1.236337891045324433e+01
6.812695047989166142e+00 1.236137927753514454e+01
6.828004475063297996e+00 1.235937851795518938e+01
6.843313902137430738e+00 1.235737662574648965e+01
6.858623329211564368e+00 1.235537359489637232e+01
6.873932756285697110e+00 1.235336941934595956e+01
6.889242183359829852e+00 1.235136409298974058e+01
6.904551610433962594e+00 1.234935760967513652e+01
6.919861037508095336e+00 1.234734996320206690e+01
6.935170464582228966e+00 1.234534114732250387e+01
6.950479891656361708e+00 1.234333115574003159e+01
6.965789318730493562e+00 1.234131998210938441e+01
6.981098745804627193e+00 1.233930762003600456e+01
6.996408172878760823e+00 1.233729406307556431e+01
7.011717599952893565e+00 1.233527930473351653e+01
7.027027027027027195e+00 1.233326333846460621e+01
7.042336454101160825e+00 1.233124615767240861e+01
7.057645881175292679e+00 1.232922775570883545e+01
7.072955308249425421e+00 1.232720812587365700e+01
7.088264735323559051e+00 1.232518726141400478e+01
7.103574162397690905e+00 1.232316515552387237e+01
7.118883589471824536e+00 1.232114180134361447e+01
7.134193016545957278e+00 1.231911719195943711e+01
7.149502443620090020e+00 1.231709132040288424e+01
7.164811870694222762e+00 1.231506417965031730e+01
7.180121297768356392e+00 1.231303576262238408e+01
7.195430724842488246e+00 1.231100606218349824e+01
7.210740151916621876e+00 1.230897507114128686e+01
7.226049578990754618e+00 1.230694278224606109e+01
7.241359006064888248e+00 1.230490918819025481e+01
7.256668433139020102e+00 1.230287428160787755e+01
7.271977860213153733e+00 1.230083805507394601e+01
7.287287287287286475e+00 1.229880050110392098e+01
7.302596714361420105e+00 1.229676161215313179e+01
7.317906141435553735e+00 1.229472138061619013e+01
7.333215568509685589e+00 1.229267979882641271e+01
7.348524995583818331e+00 1.229063685905521375e+01
7.363834422657951961e+00 1.228859255351152058e+01
7.379143849732085592e+00 1.228654687434115189e+01
7.394453276806217445e+00 1.228449981362621024e+01
7.409762703880350188e+00 1.228245136338446564e+01
7.425072130954483818e+00 1.228040151556871606e+01
7.440381558028616560e+00 1.227835026206616220e+01
7.455690985102749302e+00 1.227629759469776083e+01
7.471000412176882044e+00 1.227424350521758178e+01
7.486309839251014786e+00 1.227218798531213650e+01
7.501619266325148416e+00 1.227013102659973320e+01
7.516928693399281158e+00 1.226807262062979120e+01
7.532238120473413012e+00 1.226601275888216769e+01
7.547547547547546642e+00 1.226395143276647026e+01
7.562856974621680273e+00 1.226188863362135884e+01
7.578166401695813015e+00 1.225982435271385285e+01
7.593475828769946645e+00 1.225775858123860651e+01
7.608785255844078499e+00 1.225569131031720538e+01
7.624094682918212129e+00 1.225362253099742915e+01
7.639404109992344871e+00 1.225155223425251805e+01
7.654713537066478501e+00 1.224948041098043738e+01
7.670022964140610355e+00 1.224740705200311730e+01
7.685332391214743986e+00 1.224533214806569781e+01
7.700641818288876728e+00 1.224325568983575252e+01
7.715951245363009470e+00 1.224117766790252482e+01
7.731260672437142212e+00 1.223909807277612671e+01
7.746570099511275842e+00 1.223701689488675193e+01
7.761879526585407696e+00 1.223493412458386764e+01
7.777188953659541326e+00 1.223284975213540271e+01
7.792498380733674068e+00 1.223076376772692520e+01
7.807807807807807698e+00 1.222867616146080572e+01
7.823117234881939552e+00 1.222658692335538255e+01
7.838426661956073183e+00 1.222449604334410012e+01
7.853736089030205925e+00 1.222240351127465630e+01
7.869045516104337779e+00 1.222030931690812494e+01
7.884354943178473185e+00 1.221821344991808012e+01
7.899664370252605039e+00 1.221611589988969904e+01
7.914973797326737781e+00 1.221401665631886146e+01
7.930283224400871411e+00 1.221191570861124021e+01
7.945592651475005042e+00 1.220981304608137563e+01
7.960902078549136895e+00 1.220770865795174132e+01
7.976211505623269638e+00 1.220560253335180612e+01
7.991520932697403268e+00 1.220349466131706961e+01
8.006830359771536010e+00 1.220138503078810110e+01
8.022139786845668752e+00 1.219927363060956260e+01
8.037449213919801494e+00 1.219716044952921941e+01
8.052758640993934236e+00 1.219504547619693824e+01
8.068068068068066978e+00 1.219292869916368005e+01
8.083377495142199720e+00 1.219081010688046796e+01
8.098686922216334239e+00 1.218868968769736050e+01
8.113996349290466981e+00 1.218656742986240005e+01
8.129305776364599723e+00 1.218444332152055587e+01
8.144615203438732465e+00 1.218231735071264765e+01
8.159924630512865207e+00 1.218018950537426193e+01
8.175234057586997949e+00 1.217805977333466316e+01
8.190543484661130691e+00 1.217592814231567111e+01
8.205852911735263433e+00 1.217379459993054880e+01
8.221162338809397951e+00 1.217165913368286212e+01
8.236471765883530693e+00 1.216952173096532519e+01
8.251781192957663436e+00 1.216738237905865283e+01
8.267090620031796178e+00 1.216524106513037040e+01
8.282400047105928920e+00 1.216309777623362898e+01
8.297709474180061662e+00 1.216095249930600275e+01
8.313018901254194404e+00 1.215880522116827045e+01
8.328328328328327146e+00 1.215665592852318078e+01
8.343637755402459888e+00 1.215450460795421428e+01
8.358947182476594406e+00 1.215235124592431148e+01
8.374256609550727148e+00 1.215019582877460103e+01
8.389566036624859890e+00 1.214803834272311711e+01
8.404875463698992633e+00 1.214587877386347969e+01
8.420184890773125375e+00 1.214371710816358529e+01
8.435494317847258117e+00 1.214155333146426052e+01
8.450803744921390859e+00 1.213938742947792271e+01
8.466113171995523601e+00 1.213721938778719789e+01
8.481422599069658119e+00 1.213504919184354591e+01
8.496732026143790861e+00 1.213287682696585712e+01
8.512041453217923603e+00 1.213070227833903303e+01
8.527350880292056345e+00 1.212852553101255992e+01
8.542660307366189087e+00 1.212634656989905402e+01
8.557969734440321830e+00 1.212416537977279063e+01
8.573279161514454572e+00 1.212198194526822981e+01
8.588588588588587314e+00 1.211979625087850287e+01
8.603898015662721832e+00 1.211760828095390430e+01
8.619207442736854574e+00 1.211541801970034449e+01
8.634516869810987316e+00 1.211322545117780258e+01
8.649826296885120058e+00 1.211103055929874905e+01
8.665135723959252800e+00 1.210883332782655053e+01
8.680445151033385542e+00 1.210663374037386575e+01
8.695754578107518284e+00 1.210443178040101309e+01
8.711064005181651027e+00 1.210222743121432032e+01
8.726373432255783769e+00 1.210002067596445841e+01
8.741682859329918287e+00 1.209781149764475394e+01
8.756992286404051029e+00 1.209559353433233397e+01
8.772301713478183771e+00 1.209337290189883873e+01
8.787611140552316513e+00 1.209114967886318937e+01
8.802920567626449255e+00 1.208892384666329534e+01
8.818229994700581997e+00 1.208669538656394593e+01
8.833539421774714739e+00 1.208446427965488112e+01
8.848848848848847481e+00 1.208223050684883582e+01
8.864158275922982000e+00 1.207999404887955919e+01
8.879467702997114742e+00 1.207775488629981986e+01
8.894777130071247484e+00 1.207551299947936840e+01
8.910086557145380226e+00 1.207326836860289276e+01
8.925395984219512968e+00 1.207102097366794702e+01
8.940705411293645710e+00 1.206877079448284107e+01
8.956014838367778452e+00 1.206651781066452145e+01
8.971324265441911194e+00 1.206426200163642015e+01
8.986633692516045713e+00 1.206200334662627149e+01
9.001943119590178455e+00 1.205974182466391831e+01
9.017252546664311197e+00 1.205747741457907551e+01
9.032561973738443939e+00 1.205521009499907414e+01
9.047871400812576681e+00 1.205293984434658050e+01
9.063180827886709423e+00 1.205066664083728156e+01
9.078490254960842165e+00 1.204839046247755263e+01
9.093799682034974907e+00 1.204611128706208234e+01
9.109109109109107649e+00 1.204382909217148345e+01
9.124418536183242168e+00 1.204154385516986814e+01
9.139727963257374910e+00 1.203925555320239482e+01
9.155037390331507652e+00 1.203696416319278661e+01
9.170346817405640394e+00 1.203466966184081777e+01
9.185656244479773136e+00 1.203237202561977703e+01
9.200965671553905878e+00 1.203007123077388840e+01
9.216275098628038620e+00 1.202776725331571406e+01
9.231584525702171362e+00 1.202546006902352183e+01
9.246893952776305881e+00 1.202314965343861530e+01
9.262203379850438623e+00 1.202083598186263913e+01
9.277512806924571365e+00 1.201851902935485228e+01
9.292822233998704107e+00 1.201619877072936404e+01
9.308131661072836849e+00 1.201387518055234516e+01
9.323441088146969591e+00 1.201154823313919273e+01
9.338750515221102333e+00 1.200921790255167565e+01
9.354059942295235075e+00 1.200688416259504443e+01
9.369369369369369593e+00 1.200454698681508958e+01
9.384678796443502335e+00 1.200220634849519108e+01
9.399988223517635078e+00 1.199986222065331276e+01
9.415297650591767820e+00 1.199751457603897720e+01
9.430607077665900562e+00 1.199516338713018548e+01
9.445916504740033304e+00 1.199280862613031928e+01
9.461225931814166046e+00 1.199045026496500199e+01
9.476535358888298788e+00 1.198808827527891019e+01
9.491844785962431530e+00 1.198572262843257086e+01
9.507154213036566048e+00 1.198335329549909467e+01
9.522463640110698790e+00 1.198098024726089683e+01
9.537773067184831532e+00 1.197860345420635930e+01
9.553082494258964275e+00 1.197622288652646816e+01
9.568391921333097017e+00 1.197383851411140121e+01
9.583701348407229759e+00 1.197145030654708009e+01
9.599010775481362501e+00 1.196905823311169215e+01
9.614320202555495243e+00 1.196666226277215372e+01
9.629629629629629761e+00 1.196426236418053968e+01
9.644939056703762503e+00 1.196185850567048625e+01
9.660248483777895245e+00 1.195945065525352824e+01
9.675557910852027987e+00 1.195703878061541303e+01
9.690867337926160729e+00 1.195462284911235784e+01
9.706176765000293472e+00 1.195220282776728205e+01
9.721486192074426214e+00 1.194977868326597203e+01
9.736795619148558956e+00 1.194735038195322652e+01
9.752105046222693474e+00 1.194491788982894320e+01
9.767414473296826216e+00 1.194248117254416464e+01
9.782723900370958958e+00 1.194004019539707961e+01
9.798033327445091700e+00 1.193759492332897842e+01
9.813342754519224442e+00 1.193514532092016189e+01
9.828652181593357184e+00 1.193269135238580958e+01
9.843961608667489926e+00 1.193023298157179113e+01
9.859271035741622669e+00 1.192777017195043676e+01
9.874580462815755411e+00 1.192530288661626514e+01
9.889889889889889929e+00 1.192283108828164906e+01
9.905199316964022671e+00 1.192035473927244915e+01
9.920508744038155413e+00 1.191787380152358722e+01
9.935818171112288155e+00 1.191538823657457158e+01
9.951127598186420897e+00 1.191289800556498335e+01
9.966437025260553639e+00 1.191040306922989345e+01
9.981746452334686381e+00 1.190790338789524760e+01
9.997055879408819123e+00 1.190539892147318746e+01
1.001236530648295364e+01 1.190288962945732898e+01
1.002767473355708638e+01 1.190037547091798231e+01
1.004298416063121913e+01 1.189785640449732185e+01
1.005829358770535187e+01 1.189533238840450302e+01
1.007360301477948461e+01 1.189280338041072760e+01
1.008891244185361735e+01 1.189026933784424855e+01
1.010422186892775009e+01 1.188773021758533055e+01
1.011953129600188284e+01 1.188518597606114824e+01
1.013484072307601735e+01 1.188263656924062772e+01
1.015015015015015010e+01 1.188008195262924538e+01
1.016545957722428284e+01 1.187752208126374498e+01
1.018076900429841558e+01 1.187495690970682816e+01
1.019607843137254832e+01 1.187238639204176671e+01
1.021138785844668107e+01 1.186981048186696164e+01
1.022669728552081381e+01 1.186722913229045062e+01
1.024200671259494655e+01 1.186464229592434272e+01
1.025731613966907929e+01 1.186204992487921750e+01
1.027262556674321381e+01 1.185945197075843005e+01
1.028793499381734655e+01 1.185684838465239110e+01
1.030324442089147929e+01 1.185423911713276013e+01
1.031855384796561204e+01 1.185162411824658690e+01
1.033386327503974478e+01 1.184900333751039803e+01
1.034917270211387752e+01 1.184637672390420349e+01
1.036448212918801026e+01 1.184374422586545172e+01
1.037979155626214300e+01 1.184110579128292429e+01
1.039510098333627752e+01 1.183846136749055411e+01
1.041041041041041026e+01 1.183581090126118518e+01
1.042571983748454301e+01 1.183315433880026646e+01
1.044102926455867575e+01 1.183049162573948365e+01
1.045633869163280849e+01 1.182782270713031103e+01
1.047164811870694123e+01 1.182514752743750464e+01
1.048695754578107397e+01 1.182246603053253331e+01
1.050226697285520672e+01 1.181977815968692269e+01
1.051757639992934124e+01 1.181708385756554769e+01
1.053288582700347398e+01 1.181438306621983791e+01
1.054819525407760672e+01 1.181167572708092806e+01
1.056350468115173946e+01 1.180896178095271765e+01
1.057881410822587220e+01 1.180624116800487933e+01
1.059412353530000495e+01 1.180351382776576763e+01
1.060943296237413769e+01 1.180077969911527624e+01
1.062474238944827043e+01 1.179803872027760470e+01
1.064005181652240317e+01 1.179529082881395574e+01
1.065536124359653769e+01 1.179253596161514928e+01
1.067067067067067043e+01 1.178977405489415631e+01
1.068598009774480317e+01 1.178700504417856720e+01
1.070128952481893592e+01 1.178422886430296046e+01
1.071659895189306866e+01 1.178144544940119864e+01
1.073190837896720140e+01 1.177865473289863374e+01
1.074721780604133414e+01 1.177585664750424677e+01
1.076252723311546688e+01 1.177305112520267372e+01
1.077783666018960140e+01 1.177023809724616932e+01
1.079314608726373415e+01 1.176741749414645888e+01
1.080845551433786689e+01 1.176458924566652264e+01
1.082376494141199963e+01 1.176175328081227178e+01
1.083907436848613237e+01 1.175890952782413912e+01
1.085438379556026511e+01 1.175605791416856327e+01
1.086969322263439786e+01 1.175319836652939820e+01
1.088500264970853060e+01 1.175033081079919839e+01
1.090031207678266512e+01 1.174745517207041878e+01
1.091562150385679786e+01 1.174457137462650991e+01
1.093093093093093060e+01 1.174167934193290286e+01
1.094624035800506157e+01 1.173877899662788771e+01
1.096154978507919608e+01 1.173587026051339066e+01
1.097685921215332883e+01 1.173295305454562865e+01
1.099216863922745979e+01 1.173002729882565376e+01
1.100747806630159431e+01 1.172709291258978226e+01
1.102278749337572705e+01 1.172414981419989921e+01
1.103809692044986157e+01 1.172119792113364767e+01
1.105340634752399431e+01 1.171823714997447397e+01
1.106871577459812528e+01 1.171526741640157177e+01
1.108402520167225980e+01 1.171228863517966445e+01
1.109933462874639254e+01 1.170930072014867029e+01
1.111464405582052350e+01 1.170630358421322192e+01
1.112995348289465802e+01 1.170329713933203664e+01
1.114526290996879077e+01 1.170028129650714455e+01
1.116057233704292528e+01 1.169725596577296578e+01
1.117588176411705803e+01 1.169422105618522423e+01
1.119119119119119254e+01 1.169117647580970676e+01
1.120650061826532351e+01 1.168812213171085013e+01
1.122181004533945625e+01 1.168505792994015380e+01
1.123711947241359077e+01 1.168198377552442935e+01
1.125242889948772174e+01 1.167889957245385801e+01
1.126773832656185448e+01 1.167580522366984574e+01
1.128304775363598900e+01 1.167270063105271660e+01
1.129835718071012174e+01 1.166958569540917345e+01
1.131366660778425626e+01 1.166646031645956860e+01
1.132897603485838722e+01 1.166332439282495237e+01
1.134428546193251996e+01 1.166017782201389430e+01
1.135959488900665448e+01 1.165702050040909654e+01
1.137490431608078545e+01 1.165385232325373899e+01
1.139021374315491819e+01 1.165067318463759527e+01
1.140552317022905271e+01 1.164748297748289474e+01
1.142083259730318545e+01 1.164428159352991443e+01
1.143614202437731819e+01 1.164106892332228860e+01
1.145145145145145094e+01 1.163784485619206066e+01
1.146676087852558368e+01 1.163460928024440477e+01
1.148207030559971642e+01 1.163136208234207558e+01
1.149737973267384916e+01 1.162810314808952050e+01
1.151268915974798190e+01 1.162483253646026249e+01
1.152799858682211465e+01 1.162154997685852109e+01
1.154330801389624916e+01 1.161825533938482735e+01
1.155861744097038191e+01 1.161494850465237327e+01
1.157392686804451287e+01 1.161162935193467582e+01
1.158923629511864739e+01 1.160829775914759310e+01
1.160454572219278013e+01 1.160495360283094435e+01
1.161985514926691110e+01 1.160159675812969837e+01
1.163516457634104562e+01 1.159822709877471603e+01
1.165047400341517836e+01 1.159484449706305575e+01
1.166578343048931288e+01 1.159144882383777819e+01
1.168109285756344562e+01 1.158803994846727647e+01
1.169640228463757659e+01 1.158461773882408785e+01
1.171171171171171110e+01 1.158118206126316707e+01
1.172702113878584385e+01 1.157773278059962330e+01
1.174233056585997481e+01 1.157426976008586550e+01
1.175763999293410933e+01 1.157079286138816165e+01
1.177294942000824207e+01 1.156730194456258509e+01
1.178825884708237659e+01 1.156379686803030893e+01
1.180356827415650933e+01 1.156027748855223258e+01
1.181887770123064385e+01 1.155674366120292973e+01
1.183418712830477482e+01 1.155319523934386439e+01
1.184949655537890756e+01 1.154963207459586627e+01
1.186480598245304208e+01 1.154605401681083521e+01
1.188011540952717304e+01 1.154246091404263908e+01
1.189542483660130578e+01 1.153885261251717509e+01
1.191073426367544030e+01 1.153522895660157488e+01
1.192604369074957305e+01 1.153158978877250185e+01
1.194135311782370579e+01 1.152793494958352660e+01
1.195666254489783853e+01 1.152426427763152894e+01
1.197197197197197127e+01 1.152057760952210153e+01
1.198728139904610401e+01 1.151687477983391616e+01
1.200259082612023676e+01 1.151315562108200652e+01
1.201790025319436950e+01 1.150941996367994058e+01
1.203320968026850224e+01 1.150566763590082964e+01
1.204851910734263676e+01 1.150189846383713643e+01
1.206382853441676950e+01 1.149811227135924163e+01
1.207913796149090047e+01 1.149430888007271889e+01
1.209444738856503498e+01 1.149048810927426167e+01
1.210975681563916773e+01 1.148664977590625469e+01
1.212506624271329869e+01 1.148279369450987097e+01
1.214037566978743321e+01 1.147891967717670703e+01
1.215568509686156595e+01 1.147502753349887605e+01
1.217099452393569692e+01 1.147111707051749541e+01
1.218630395100983321e+01 1.146718809266952377e+01
1.220161337808396418e+01 1.146324040173290548e+01
1.221692280515809870e+01 1.145927379676991187e+01
1.223223223223223144e+01 1.145528807406867955e+01
1.224754165930636240e+01 1.145128302708282853e+01
1.226285108638049692e+01 1.144725844636912626e+01
1.227816051345462967e+01 1.144321411952311784e+01
1.229346994052876063e+01 1.143914983111264760e+01
1.230877936760289693e+01 1.143506536260920292e+01
1.232408879467703144e+01 1.143096049231701272e+01
1.233939822175116241e+01 1.142683499529979763e+01
1.235470764882529515e+01 1.142268864330512734e+01
1.237001707589942967e+01 1.141852120468626985e+01
1.238532650297356064e+01 1.141433244432146488e+01
1.240063593004769338e+01 1.141012212353052035e+01
1.241594535712182790e+01 1.140588999998865916e+01
1.243125478419596064e+01 1.140163582763749339e+01
1.244656421127009516e+01 1.139735935659305710e+01
1.246187363834422612e+01 1.139306033305077648e+01
1.247718306541835886e+01 1.138873849918727288e+01
1.249249249249249338e+01 1.138439359305891152e+01
1.250780191956662435e+01 1.138002534849695735e+01
1.252311134664075709e+01 1.137563349499923326e+01
1.253842077371489161e+01 1.137121775761816345e+01
1.255373020078902258e+01 1.136677785684508102e+01
1.256903962786315709e+01 1.136231257616012158e+01
1.258434905493728984e+01 1.135782248117342519e+01
1.259965848201142258e+01 1.135330730347848949e+01
1.261496790908555532e+01 1.134876674268962660e+01
1.263027733615968806e+01 1.134420049319026802e+01
1.264558676323382080e+01 1.133960824399104439e+01
1.266089619030795355e+01 1.133498967858313122e+01
1.267620561738208629e+01 1.133034447478662088e+01
1.269151504445622081e+01 1.132567230459377505e+01
1.270682447153035177e+01 1.132097283400699617e+01
1.272213389860448629e+01 1.131624572287128849e+01
1.273744332567861903e+01 1.131149062470105804e+01
1.275275275275275000e+01 1.130670718650100959e+01
1.276806217982688452e+01 1.130189504858095439e+01
1.278337160690101726e+01 1.129705384436431181e+01
1.279868103397514822e+01 1.129218320019004551e+01
1.281399046104928452e+01 1.128728273510783708e+01
1.282929988812341549e+01 1.128235206066622176e+01
1.284460931519755000e+01 1.127739078069342682e+01
1.285991874227168275e+01 1.127239849107065872e+01
1.287522816934581371e+01 1.126737477949755650e+01
1.289053759641994823e+01 1.126231922524948814e+01
1.290584702349408097e+01 1.125723139892642877e+01
1.292115645056821549e+01 1.125211086219305834e+01
1.293646587764234646e+01 1.124695716750977148e+01
1.295177530471648275e+01 1.124176985785423000e+01
1.296708473179061372e+01 1.123654846643311522e+01
1.298239415886474646e+01 1.123129251638366455e+01
1.299770358593888098e+01 1.122600152046461197e+01
1.301301301301301194e+01 1.122067498073612590e+01
1.302832244008714468e+01 1.121531238822825571e+01
1.304363186716127920e+01 1.120991322259747847e+01
1.305894129423541017e+01 1.120447695177083425e+01
1.307425072130954469e+01 1.119900303157713850e+01
1.308956014838367743e+01 1.119349090536475977e+01
1.310486957545781017e+01 1.118794000360538021e+01
1.312017900253194291e+01 1.118234974348316868e+01
1.313548842960607566e+01 1.117671952846874817e+01
1.315079785668020840e+01 1.117104874787729152e+01
1.316610728375434114e+01 1.116533677641009703e+01
1.318141671082847388e+01 1.115958297367889429e+01
1.319672613790260840e+01 1.115378668371213600e+01
1.321203556497673937e+01 1.114794723444251723e+01
1.322734499205087388e+01 1.114206393717481092e+01
1.324265441912500663e+01 1.113613608603323080e+01
1.325796384619913759e+01 1.113016295738732175e+01
1.327327327327327211e+01 1.112414380925543966e+01
1.328858270034740485e+01 1.111807788068477443e+01
1.330389212742153582e+01 1.111196439110685041e+01
1.331920155449567211e+01 1.110580253966731767e+01
1.333451098156980308e+01 1.109959150452887577e+01
1.334982040864393760e+01 1.109333044214600150e+01
1.336512983571807034e+01 1.108701848651016597e+01
1.338043926279220130e+01 1.108065474836410225e+01
1.339574868986633582e+01 1.107423831438360118e+01
1.341105811694046857e+01 1.106776824632526512e+01
1.342636754401459953e+01 1.106124358013850717e+01
1.344167697108873405e+01 1.105466332504000526e+01
1.345698639816287034e+01 1.104802646254875853e+01
1.347229582523700131e+01 1.104133194547967634e+01
1.348760525231113405e+01 1.103457869689361281e+01
1.350291467938526857e+01 1.102776560900159630e+01
1.351822410645939954e+01 1.102089154202082177e+01
1.353353353353353228e+01 1.101395532297990343e+01
1.354884296060766680e+01 1.100695574447067493e+01
1.356415238768179776e+01 1.099989156334365781e+01
1.357946181475593406e+01 1.099276149934416580e+01
1.359477124183006502e+01 1.098556423368581569e+01
1.361008066890419776e+01 1.097829840148655833e+01
1.362539009597833228e+01 1.097096177162508113e+01
1.364069952305246325e+01 1.096355368607029668e+01
1.365600895012659599e+01 1.095607265435787703e+01
1.367131837720073051e+01 1.094851713921903169e+01
1.368662780427486148e+01 1.094088555469403268e+01
1.370193723134899599e+01 1.093317626415349508e+01
1.371724665842312874e+01 1.092538757822201312e+01
1.373255608549726148e+01 1.091751775259829493e+01
1.374786551257139422e+01 1.090956498576570866e+01
1.376317493964552696e+01 1.090152741658651614e+01
1.377848436671965970e+01 1.089340312177275827e+01
1.379379379379379245e+01 1.088519011322620678e+01
1.380910322086792519e+01 1.087688633523918291e+01
1.382441264794205793e+01 1.086848966154756013e+01
1.383972207501619067e+01 1.085999789222655743e+01
1.385503150209032519e+01 1.085140875041925668e+01
1.387034092916445793e+01 1.084271987888699762e+01
1.388565035623858890e+01 1.083392883637005433e+01
1.390095978331272342e+01 1.082503309374599709e+01
1.391626921038685616e+01 1.081603002997232643e+01
1.393157863746098712e+01 1.080691692779873492e+01
1.394688806453512164e+01 1.079769096923336136e+01
1.396219749160925439e+01 1.078834923074607488e+01
1.397750691868338890e+01 1.077888867819047114e+01
1.399281634575752165e+01 1.076930616142475650e+01
1.400812577283165261e+01 1.075959840861014172e+01
1.402343519990578713e+01 1.074976202016345894e+01
1.403874462697991987e+01 1.073979346233889487e+01
1.405405405405405439e+01 1.072968906041147186e+01
1.406936348112818536e+01 1.071944499143265439e+01
1.408467290820232165e+01 1.070905727652579387e+01
1.409998233527645262e+01 1.069852177268636417e+01
1.411529176235058536e+01 1.068783416404868980e+01
1.413060118942471988e+01 1.067698995257759265e+01
1.414591061649885084e+01 1.066598444813937263e+01
1.416122004357298358e+01 1.065481275790249782e+01
1.417652947064711810e+01 1.064346977501364222e+01
1.419183889772124907e+01 1.063195016648954727e+01
1.420714832479538181e+01 1.062024836025950059e+01
1.422245775186951633e+01 1.060835853128688377e+01
1.423776717894364907e+01 1.059627458669112698e+01
1.425307660601778181e+01 1.058399014978361130e+01
1.426838603309191456e+01 1.057149854292228497e+01
1.428369546016604730e+01 1.055879276907995568e+01
1.429900488724018004e+01 1.054586549201034806e+01
1.431431431431431278e+01 1.053270901488372502e+01
1.432962374138844552e+01 1.051931525725020045e+01
1.434493316846257827e+01 1.050567573017345069e+01
1.436024259553671278e+01 1.049178150936021758e+01
1.437555202261084553e+01 1.047762320609149000e+01
1.439086144968497649e+01 1.046319093573924519e+01
1.440617087675911101e+01 1.044847428362773556e+01
1.442148030383324375e+01 1.043346226797020471e+01
1.443678973090737472e+01 1.041814329957986196e+01
1.445209915798150924e+01 1.040250513801777288e+01
1.446740858505564198e+01 1.038653484379896241e+01
1.448271801212977650e+01 1.037021872623083318e+01
1.449802743920390924e+01 1.035354228640426477e+01
1.451333686627804020e+01 1.033649015479596933e+01
1.452864629335217472e+01 1.031904602286991413e+01
1.454395572042630747e+01 1.030119256798425376e+01
1.455926514750043843e+01 1.028291137081623141e+01
1.457457457457457295e+01 1.026418282440910623e+01
1.458988400164870569e+01 1.024498603381961637e+01
1.460519342872284021e+01 1.022529870519842277e+01
1.462050285579697295e+01 1.020509702296642374e+01
1.463581228287110747e+01 1.018435551355148760e+01
1.465112170994523844e+01 1.016304689391836646e+01
1.466643113701937118e+01 1.014114184644643579e+01
1.468174056409350570e+01 1.011860767999026933e+01
1.469704999116763666e+01 1.009541174170912115e+01
1.471235941824176940e+01 1.007151759874491859e+01
1.472766884531590392e+01 1.004688593804801400e+01
1.474297827239003666e+01 1.002147426717457712e+01
1.475828769946417118e+01 nan
1.477359712653830215e+01 nan
1.478890655361243489e+01 nan
1.480421598068656941e+01 nan
1.481952540776070038e+01 nan
1.483483483483483312e+01 nan
1.485014426190896764e+01 nan
1.486545368898310038e+01 nan
1.488076311605723312e+01 nan
1.489607254313136586e+01 nan
1.491138197020549860e+01 nan
1.492669139727963135e+01 nan
1.494200082435376409e+01 nan
1.495731025142789683e+01 nan
1.497261967850202957e+01 nan
1.498792910557616409e+01 nan
1.500323853265029683e+01 nan
1.501854795972442780e+01 nan
1.503385738679856232e+01 nan
1.504916681387269506e+01 nan
1.506447624094682602e+01 nan
1.507978566802096054e+01 nan
1.509509509509509328e+01 nan
1.511040452216922780e+01 nan
1.512571394924336055e+01 nan
1.514102337631749151e+01 nan
1.515633280339162603e+01 nan
1.517164223046575877e+01 nan
1.518695165753989329e+01 nan
1.520226108461402426e+01 nan
1.521757051168815700e+01 nan
1.523287993876229152e+01 nan
1.524818936583642426e+01 nan
1.526349879291055878e+01 nan
1.527880821998468974e+01 nan
1.529411764705882248e+01 nan
