0.000000000000000000e+00 1.323300494515798320e+01
3.061885414826590913e-03 1.305965962051312168e+01
6.123770829653181827e-03 1.305613545096840333e+01
9.185656244479773608e-03 1.305261203316785057e+01
1.224754165930636365e-02 1.304908936278479814e+01
1.530942707413295370e-02 1.304584162553133098e+01
1.837131248895954722e-02 1.304262069731345797e+01
2.143319790378613726e-02 1.303940039038354648e+01
2.449508331861272731e-02 1.303639726713910285e+01
2.755696873343931735e-02 1.303355501799169858e+01
3.061885414826590740e-02 1.303071323967564332e+01
3.368073956309249745e-02 1.302787192899586799e+01
3.674262497791909443e-02 1.302503108274654586e+01
3.980451039274568448e-02 1.302219069771102511e+01
4.286639580757227452e-02 1.301935077066177193e+01
4.592828122239886457e-02 1.301651129836030485e+01
4.899016663722545462e-02 1.301378747538850433e+01
5.205205205205205160e-02 1.301112558395009344e+01
5.511393746687863471e-02 1.300849817381026163e+01
5.817582288170522475e-02 1.300590522396606907e+01
6.123770829653181480e-02 1.300334671352955773e+01
6.429959371135840485e-02 1.300082262172834824e+01
6.736147912618499489e-02 1.299833292790625983e+01
7.042336454101158494e-02 1.299587752270443453e+01
7.348524995583818886e-02 1.299335084298238385e+01
7.654713537066477891e-02 1.299084638591177310e+01
7.960902078549136895e-02 1.298836413755011066e+01
8.267090620031795900e-02 1.298590408402644947e+01
8.573279161514454905e-02 1.298346621154180269e+01
8.879467702997113909e-02 1.298105050636953095e+01
9.185656244479772914e-02 1.297865695485575976e+01
9.491844785962431919e-02 1.297628554341978457e+01
9.798033327445090923e-02 1.297393625855448462e+01
1.010422186892774854e-01 1.297160908682674396e+01
1.041041041041041032e-01 1.296930401487786177e+01
1.071659895189306794e-01 1.296702102942398227e+01
1.102278749337572694e-01 1.296476011725652100e+01
1.132897603485838595e-01 1.296252126524259296e+01
1.163516457634104495e-01 1.296030446032544781e+01
1.194135311782370396e-01 1.295810968952490683e+01
1.224754165930636296e-01 1.295588800941330021e+01
1.255373020078902335e-01 1.295364884889795221e+01
1.285991874227168097e-01 1.295142220998083538e+01
1.316610728375434136e-01 1.294920808454588723e+01
1.347229582523699898e-01 1.294700646451629389e+01
1.377848436671965937e-01 1.294481734185472277e+01
1.408467290820231699e-01 1.294264070856358728e+01
1.439086144968497738e-01 1.294047655668529551e+01
1.469704999116763777e-01 1.293832487830250244e+01
1.500323853265029539e-01 1.293618566553837823e+01
1.530942707413295578e-01 1.293405891055685331e+01
1.561561561561561340e-01 1.293194460556289371e+01
1.592180415709827379e-01 1.292984274280275514e+01
1.622799269858092863e-01 1.292775331456425825e+01
1.653418124006359180e-01 1.292567631317704802e+01
1.684036978154624942e-01 1.292361173101287264e+01
1.714655832302890981e-01 1.292155228516134358e+01
1.745274686451156743e-01 1.291947402769216957e+01
1.775893540599422782e-01 1.291740150551386890e+01
1.806512394747688544e-01 1.291533433514548435e+01
1.837131248895954583e-01 1.291327213334942314e+01
1.867750103044220344e-01 1.291121451712890433e+01
1.898368957192486384e-01 1.290916110372539904e+01
1.928987811340752145e-01 1.290711151061605833e+01
1.959606665489018185e-01 1.290506535551110190e+01
1.990225519637284224e-01 1.290302225635121403e+01
2.020844373785549708e-01 1.290098183130490384e+01
2.051463227933816025e-01 1.289894369876585145e+01
2.082082082082082064e-01 1.289690747735025056e+01
2.112700936230347826e-01 1.289487278589410657e+01
2.143319790378613587e-01 1.289283924345053478e+01
2.173938644526879627e-01 1.289080646928703544e+01
2.204557498675145388e-01 1.288877408288275106e+01
2.235176352823411428e-01 1.288677219267271923e+01
2.265795206971677189e-01 1.288478019641167371e+01
2.296414061119943228e-01 1.288279122995431258e+01
2.327032915268208990e-01 1.288080503080374761e+01
2.357651769416475029e-01 1.287882133661032391e+01
2.388270623564740791e-01 1.287683988516975653e+01
2.418889477713006830e-01 1.287486041442127416e+01
2.449508331861272592e-01 1.287288266244575041e+01
2.480127186009538909e-01 1.287090636746379957e+01
2.510746040157804670e-01 1.286893126783389185e+01
2.541364894306070710e-01 1.286695710205042609e+01
2.571983748454336194e-01 1.286498360874179525e+01
2.602602602602602233e-01 1.286301052666845735e+01
2.633221456750868272e-01 1.286103759472096009e+01
2.663840310899134312e-01 1.285906455191797626e+01
2.694459165047399796e-01 1.285709113740431953e+01
2.725078019195665835e-01 1.285511709044892470e+01
2.755696873343931874e-01 1.285314215044285291e+01
2.786315727492197913e-01 1.285116605689724523e+01
2.816934581640463398e-01 1.284918854944127453e+01
2.847553435788729437e-01 1.284720936782009382e+01
2.878172289936995476e-01 1.284522825189274720e+01
2.908791144085260960e-01 1.284324494163008090e+01
2.939409998233527554e-01 1.284125917711263298e+01
2.970028852381793039e-01 1.283927069852851588e+01
3.000647706530059078e-01 1.283727924617125993e+01
3.031266560678325117e-01 1.283528456043767640e+01
3.061885414826591156e-01 1.283328638182566372e+01
3.092504268974856640e-01 1.283128445093204029e+01
3.123123123123122680e-01 1.282927850845031692e+01
3.153741977271388719e-01 1.282730090237188669e+01
3.184360831419654758e-01 1.282533772979614639e+01
3.214979685567920242e-01 1.282337459497871635e+01
3.245598539716185726e-01 1.282141138946879977e+01
3.276217393864452321e-01 1.281944800485457314e+01
3.306836248012718360e-01 1.281748433276231225e+01
3.337455102160983844e-01 1.281552026485551110e+01
3.368073956309249883e-01 1.281355569283400619e+01
3.398692810457515923e-01 1.281159050843308300e+01
3.429311664605781962e-01 1.280962460342257003e+01
3.459930518754048001e-01 1.280765786960594887e+01
3.490549372902313485e-01 1.280569019881942694e+01
3.521168227050579524e-01 1.280372148293101731e+01
3.551787081198845564e-01 1.280175161383962568e+01
3.582405935347111603e-01 1.279978048347409114e+01
3.613024789495377087e-01 1.279780798379226781e+01
3.643643643643643126e-01 1.279583400678004779e+01
3.674262497791909166e-01 1.279385844445042864e+01
3.704881351940174650e-01 1.279188118884251857e+01
3.735500206088440689e-01 1.278990213202058257e+01
3.766119060236706728e-01 1.278792116607304941e+01
3.796737914384972767e-01 1.278593818311152575e+01
3.827356768533238807e-01 1.278395307526978719e+01
3.857975622681504291e-01 1.278196573470278175e+01
3.888594476829770330e-01 1.277997605358560129e+01
3.919213330978036369e-01 1.277798392411246908e+01
3.949832185126302408e-01 1.277598923849570056e+01
3.980451039274568448e-01 1.277399188896465709e+01
4.011069893422833932e-01 1.277199176776470324e+01
4.041688747571099416e-01 1.276998876715614628e+01
4.072307601719366010e-01 1.276799777405219594e+01
4.102926455867632050e-01 1.276601779625153554e+01
4.133545310015897534e-01 1.276403736358629004e+01
4.164164164164164128e-01 1.276205645460118632e+01
4.194783018312429612e-01 1.276007504783629720e+01
4.225401872460695651e-01 1.275809312182685140e+01
4.256020726608961136e-01 1.275611065510302211e+01
4.286639580757227175e-01 1.275412762618972984e+01
4.317258434905493214e-01 1.275214401360643990e+01
4.347877289053759253e-01 1.275015979586694748e+01
4.378496143202024737e-01 1.274817495147917157e+01
4.409114997350290777e-01 1.274618945894494892e+01
4.439733851498556816e-01 1.274420329675981023e+01
4.470352705646822855e-01 1.274221644341277226e+01
4.500971559795088894e-01 1.274022887738611942e+01
4.531590413943354378e-01 1.273824057715517988e+01
4.562209268091620418e-01 1.273625152118811066e+01
4.592828122239886457e-01 1.273426168794566848e+01
4.623446976388153051e-01 1.273227105588098595e+01
4.654065830536417980e-01 1.273027960343934240e+01
4.684684684684684020e-01 1.272828730905793115e+01
4.715303538832950059e-01 1.272629415116563223e+01
4.745922392981216098e-01 1.272430010818277779e+01
4.776541247129481582e-01 1.272230515852090527e+01
4.807160101277747621e-01 1.272030928058253174e+01
4.837778955426013661e-01 1.271831245276090172e+01
4.868397809574279700e-01 1.271631465343974909e+01
4.899016663722545184e-01 1.271431586099304667e+01
4.929635517870811223e-01 1.271231605378476281e+01
4.960254372019077818e-01 1.271031521016860566e+01
4.990873226167343302e-01 1.270831549200999433e+01
5.021492080315609341e-01 1.270631803151115058e+01
5.052110934463874825e-01 1.270432002095257573e+01
5.082729788612141419e-01 1.270232145761811005e+01
5.113348642760406904e-01 1.270032233878082017e+01
5.143967496908672388e-01 1.269832266170294943e+01
5.174586351056938982e-01 1.269632242363586805e+01
5.205205205205204466e-01 1.269432162182002877e+01
5.235824059353469950e-01 1.269232025348492776e+01
5.266442913501736545e-01 1.269031831584904602e+01
5.297061767650002029e-01 1.268831580611981380e+01
5.327680621798268623e-01 1.268631272149355738e+01
5.358299475946534107e-01 1.268430905915545281e+01
5.388918330094799591e-01 1.268230481627947981e+01
5.419537184243066186e-01 1.268029999002837194e+01
5.450156038391331670e-01 1.267829457755357936e+01
5.480774892539597154e-01 1.267628857599519776e+01
5.511393746687863748e-01 1.267428198248194882e+01
5.542012600836129232e-01 1.267227479413110913e+01
5.572631454984395827e-01 1.267026700804847472e+01
5.603250309132661311e-01 1.266825862132830771e+01
5.633869163280926795e-01 1.266624963105328661e+01
5.664488017429193389e-01 1.266424003429445655e+01
5.695106871577458874e-01 1.266222982811118669e+01
5.725725725725725468e-01 1.266021900955111157e+01
5.756344579873990952e-01 1.265820757565009025e+01
5.786963434022256436e-01 1.265619552343214416e+01
5.817582288170521920e-01 1.265418284990942333e+01
5.848201142318788515e-01 1.265216955208213889e+01
5.878819996467055109e-01 1.265015562693852580e+01
5.909438850615320593e-01 1.264813884819270484e+01
5.940057704763586077e-01 1.264611600347162224e+01
5.970676558911852672e-01 1.264409233980965830e+01
6.001295413060118156e-01 1.264206785413520251e+01
6.031914267208383640e-01 1.264004254336293975e+01
6.062533121356650234e-01 1.263801640439378993e+01
6.093151975504915718e-01 1.263598943411485465e+01
6.123770829653182313e-01 1.263396162939934619e+01
6.154389683801446687e-01 1.263193298710652712e+01
6.185008537949713281e-01 1.262990350408165163e+01
6.215627392097979875e-01 1.262787317715589452e+01
6.246246246246245359e-01 1.262584200314629435e+01
6.276865100394510844e-01 1.262380997885569123e+01
6.307483954542777438e-01 1.262177710107265227e+01
6.338102808691042922e-01 1.261974336657142004e+01
6.368721662839309516e-01 1.261770877211183794e+01
6.399340516987575000e-01 1.261567331443929341e+01
6.429959371135840485e-01 1.261363699028464502e+01
6.460578225284107079e-01 1.261159979636416395e+01
6.491197079432371453e-01 1.260956172937945929e+01
6.521815933580639157e-01 1.260752278601742482e+01
6.552434787728904642e-01 1.260548296295015724e+01
6.583053641877170126e-01 1.260344225683490116e+01
6.613672496025436720e-01 1.260140066431397976e+01
6.644291350173702204e-01 1.259935818201471847e+01
6.674910204321967688e-01 1.259731480654938984e+01
6.705529058470234283e-01 1.259527053451513900e+01
6.736147912618499767e-01 1.259322536249391433e+01
6.766766766766766361e-01 1.259117928705239997e+01
6.797385620915031845e-01 1.258913230474194833e+01
6.828004475063296219e-01 1.258708441209850903e+01
6.858623329211563924e-01 1.258503560564255608e+01
6.889242183359829408e-01 1.258298588187902922e+01
6.919861037508096002e-01 1.258093523729724694e+01
6.950479891656361486e-01 1.257888366837084604e+01
6.981098745804626970e-01 1.257683117155771235e+01
7.011717599952893565e-01 1.257477774329990439e+01
7.042336454101159049e-01 1.257272338002358225e+01
7.072955308249424533e-01 1.257066807813893128e+01
7.103574162397691127e-01 1.256861183404010340e+01
7.134193016545956612e-01 1.256655464410512835e+01
7.164811870694223206e-01 1.256449650469584967e+01
7.195430724842488690e-01 1.256243741215785192e+01
7.226049578990754174e-01 1.256037736282037720e+01
7.256668433139020769e-01 1.255831635299626292e+01
7.287287287287286253e-01 1.255625437898186014e+01
7.317906141435551737e-01 1.255419143705696072e+01
7.348524995583818331e-01 1.255212752348472272e+01
7.379143849732083815e-01 1.255006263451159043e+01
7.409762703880349299e-01 1.254799676636722516e+01
7.440381558028615894e-01 1.254592991526442169e+01
7.471000412176881378e-01 1.254386207739903902e+01
7.501619266325147972e-01 1.254179324894991510e+01
7.532238120473413456e-01 1.253972342607879931e+01
7.562856974621680051e-01 1.253765260493026190e+01
7.593475828769945535e-01 1.253558078163163003e+01
7.624094682918211019e-01 1.253350795229289361e+01
7.654713537066477613e-01 1.253143411300664134e+01
7.685332391214743097e-01 1.252935925984797016e+01
7.715951245363008582e-01 1.252728338887441240e+01
7.746570099511274066e-01 1.252520649612584869e+01
7.777188953659540660e-01 1.252312857762443876e+01
7.807807807807807254e-01 1.252104962937452548e+01
7.838426661956072738e-01 1.251896964736256557e+01
7.869045516104338223e-01 1.251688862755704434e+01
7.899664370252604817e-01 1.251480656590838869e+01
7.930283224400870301e-01 1.251272345834889244e+01
7.960902078549136895e-01 1.251063930079262931e+01
7.991520932697402380e-01 1.250855408913536593e+01
8.022139786845667864e-01 1.250646781925448714e+01
8.052758640993934458e-01 1.250438048700890370e+01
8.083377495142198832e-01 1.250229208823897054e+01
8.113996349290465426e-01 1.250020261876640149e+01
8.144615203438732021e-01 1.249811207439418581e+01
8.175234057586997505e-01 1.249602045090649938e+01
8.205852911735264099e-01 1.249392774406861761e+01
8.236471765883529583e-01 1.249183394962683735e+01
8.267090620031795067e-01 1.248973906330837558e+01
8.297709474180061662e-01 1.248764308082129304e+01
8.328328328328328256e-01 1.248554599785440011e+01
8.358947182476593740e-01 1.248344781007717508e+01
8.389566036624859224e-01 1.248134851313966642e+01
8.420184890773124708e-01 1.247924664048303889e+01
8.450803744921391303e-01 1.247713793050022346e+01
8.481422599069656787e-01 1.247502792485895817e+01
8.512041453217922271e-01 1.247291661904637472e+01
8.542660307366188865e-01 1.247080400852774495e+01
8.573279161514454350e-01 1.246869008874638496e+01
8.603898015662720944e-01 1.246657485512354135e+01
8.634516869810986428e-01 1.246445830305828650e+01
8.665135723959253022e-01 1.246234042792741192e+01
8.695754578107518507e-01 1.246022122508531993e+01
8.726373432255783991e-01 1.245810068986390995e+01
8.756992286404049475e-01 1.245597881757247372e+01
8.787611140552316069e-01 1.245385560349758514e+01
8.818229994700581553e-01 1.245173104290298660e+01
8.848848848848848148e-01 1.244960513102948063e+01
8.879467702997113632e-01 1.244747786309481263e+01
8.910086557145379116e-01 1.244534923429356787e+01
8.940705411293645710e-01 1.244321923979704714e+01
8.971324265441911194e-01 1.244108787475316191e+01
9.001943119590177789e-01 1.243895513428631538e+01
9.032561973738443273e-01 1.243682101349728697e+01
9.063180827886708757e-01 1.243468550746311863e+01
9.093799682034975351e-01 1.243254861123699584e+01
9.124418536183240835e-01 1.243041031984813927e+01
9.155037390331506320e-01 1.242827062830167506e+01
9.185656244479772914e-01 1.242612953157852118e+01
9.216275098628038398e-01 1.242398702463527016e+01
9.246893952776306103e-01 1.242184310240407186e+01
9.277512806924570476e-01 1.241969775979250912e+01
9.308131661072835961e-01 1.241755099168347165e+01
9.338750515221102555e-01 1.241540279293504945e+01
9.369369369369368039e-01 1.241325315838039600e+01
9.399988223517634633e-01 1.241110208282761107e+01
9.430607077665900118e-01 1.240894956105961811e+01
9.461225931814165602e-01 1.240679558783403991e+01
9.491844785962432196e-01 1.240464015788306895e+01
9.522463640110697680e-01 1.240248326591334660e+01
9.553082494258963164e-01 1.240032490660583697e+01
9.583701348407230869e-01 1.239816507461569373e+01
9.614320202555495243e-01 1.239600376457214104e+01
9.644939056703761837e-01 1.239384097107833149e+01
9.675557910852027321e-01 1.239167668871123595e+01
9.706176765000292805e-01 1.238951091202149613e+01
9.736795619148559400e-01 1.238734363553329842e+01
9.767414473296824884e-01 1.238517485374424965e+01
9.798033327445090368e-01 1.238300456112523484e+01
9.828652181593356962e-01 1.238083275212028767e+01
9.859271035741622446e-01 1.237865942114646245e+01
9.889889889889889041e-01 1.237648456259368679e+01
9.920508744038155635e-01 1.237430817082463896e+01
9.951127598186420009e-01 1.237213024017460050e+01
9.981746452334686603e-01 1.236995076495132651e+01
1.001236530648295320e+00 1.236776973943490709e+01
1.004298416063121868e+00 1.236558715787762353e+01
1.007360301477948417e+00 1.236340301450381318e+01
1.010422186892774965e+00 1.236121730350973102e+01
1.013484072307601513e+00 1.235903001906340037e+01
1.016545957722428284e+00 1.235684115530447968e+01
1.019607843137254832e+00 1.235465070634410978e+01
1.022669728552081381e+00 1.235245866626478062e+01
1.025731613966907929e+00 1.235026502912017854e+01
1.028793499381734478e+00 1.234806978893504592e+01
1.031855384796561248e+00 1.234587293970503197e+01
1.034917270211387796e+00 1.234367447539654172e+01
1.037979155626214345e+00 1.234147438994659751e+01
1.041041041041040893e+00 1.233927267726268084e+01
1.044102926455867442e+00 1.233706933122258143e+01
1.047164811870693990e+00 1.233486434567425860e+01
1.050226697285520761e+00 1.233265771443567260e+01
1.053288582700347309e+00 1.233044943129464244e+01
1.056350468115173857e+00 1.232823949000868957e+01
1.059412353530000406e+00 1.232602788430487983e+01
1.062474238944826954e+00 1.232381460787967598e+01
1.065536124359653725e+00 1.232159965439876537e+01
1.068598009774480273e+00 1.231938301749691966e+01
1.071659895189306821e+00 1.231716469077782250e+01
1.074721780604133370e+00 1.231494466781391850e+01
1.077783666018959918e+00 1.231272294214624630e+01
1.080845551433786689e+00 1.231049950728427866e+01
1.083907436848613237e+00 1.230827435670576087e+01
1.086969322263439786e+00 1.230604748385654368e+01
1.090031207678266334e+00 1.230381888215041641e+01
1.093093093093092882e+00 1.230158813184830890e+01
1.096154978507919431e+00 1.229935251089506920e+01
1.099216863922746201e+00 1.229711505429733265e+01
1.102278749337572750e+00 1.229487575524755805e+01
1.105340634752399076e+00 1.229263460690390453e+01
1.108402520167225846e+00 1.229039160239004325e+01
1.111464405582052395e+00 1.228814673479498509e+01
1.114526290996879165e+00 1.228589999717288528e+01
1.117588176411705714e+00 1.228365138254286393e+01
1.120650061826532262e+00 1.228140088388881423e+01
1.123711947241358811e+00 1.227914849415921950e+01
1.126773832656185359e+00 1.227689420626695949e+01
1.129835718071012129e+00 1.227463801308911329e+01
1.132897603485838678e+00 1.227237990746678165e+01
1.135959488900665226e+00 1.227011988220487915e+01
1.139021374315491775e+00 1.226785793007194414e+01
1.142083259730318323e+00 1.226559404379994156e+01
1.145145145145145094e+00 1.226332821608406931e+01
1.148207030559971642e+00 1.226106043958254688e+01
1.151268915974798190e+00 1.225879070691642880e+01
1.154330801389624739e+00 1.225651901066939331e+01
1.157392686804451287e+00 1.225424534338754157e+01
1.160454572219278058e+00 1.225196969757918808e+01
1.163516457634104384e+00 1.224969206571466351e+01
1.166578343048931155e+00 1.224741244022609798e+01
1.169640228463757703e+00 1.224513081350720789e+01
1.172702113878584029e+00 1.224284717791309873e+01
1.175763999293411022e+00 1.224056152576003953e+01
1.178825884708237570e+00 1.223827384932525320e+01
1.181887770123064119e+00 1.223598414084669628e+01
1.184949655537890667e+00 1.223369239252285468e+01
1.188011540952717215e+00 1.223139859651250205e+01
1.191073426367543764e+00 1.222910274493449734e+01
1.194135311782370534e+00 1.222680482986755734e+01
1.197197197197197083e+00 1.222450484335002763e+01
1.200259082612023631e+00 1.222220277737965866e+01
1.203320968026850180e+00 1.221989862391338200e+01
1.206382853441676728e+00 1.221759237486707583e+01
1.209444738856503498e+00 1.221528402211533404e+01
1.212506624271330047e+00 1.221297355749123525e+01
1.215568509686156595e+00 1.221066097278610840e+01
1.218630395100983144e+00 1.220834625974929111e+01
1.221692280515809692e+00 1.220602941008789522e+01
1.224754165930636463e+00 1.220371041546656343e+01
1.227816051345463011e+00 1.220138926750723307e+01
1.230877936760289337e+00 1.219906595778888025e+01
1.233939822175116108e+00 1.219674047784728366e+01
1.237001707589942656e+00 1.219441281917476871e+01
1.240063593004769427e+00 1.219208297321996248e+01
1.243125478419595975e+00 1.218975093138753962e+01
1.246187363834422523e+00 1.218741668503796660e+01
1.249249249249249072e+00 1.218508022548724412e+01
1.252311134664075620e+00 1.218274154400665132e+01
1.255373020078902169e+00 1.218040063182247934e+01
1.258434905493728939e+00 1.217805748011577727e+01
1.261496790908555488e+00 1.217571208002207683e+01
1.264558676323382036e+00 1.217336442263112772e+01
1.267620561738208584e+00 1.217101449898663468e+01
1.270682447153035133e+00 1.216866230008597327e+01
1.273744332567861903e+00 1.216630781687992346e+01
1.276806217982688452e+00 1.216395104027239427e+01
1.279868103397515000e+00 1.216159196112013419e+01
1.282929988812341549e+00 1.215923057023245946e+01
1.285991874227168097e+00 1.215686685837096803e+01
1.289053759641994645e+00 1.215450081624924472e+01
1.292115645056821416e+00 1.215213243453258585e+01
1.295177530471647964e+00 1.214976170383769549e+01
1.298239415886474291e+00 1.214738861473239240e+01
1.301301301301301061e+00 1.214501315773532397e+01
1.304363186716127831e+00 1.214263532331565187e+01
1.307425072130954380e+00 1.214025510189275892e+01
1.310486957545780928e+00 1.213787248383593642e+01
1.313548842960607477e+00 1.213548745946408935e+01
1.316610728375434025e+00 1.213310001904540769e+01
1.319672613790260574e+00 1.213071015279706977e+01
1.322734499205087344e+00 1.212831785088491188e+01
1.325796384619913892e+00 1.212592310342312096e+01
1.328858270034740441e+00 1.212352590047390244e+01
1.331920155449566989e+00 1.212112623204715867e+01
1.334982040864393538e+00 1.211872408810016033e+01
1.338043926279220308e+00 1.211631945853721604e+01
1.341105811694046857e+00 1.211391233320933480e+01
1.344167697108873405e+00 1.211150253772512642e+01
1.347229582523699953e+00 1.210908486467505263e+01
1.350291467938526502e+00 1.210666459002069217e+01
1.353353353353353272e+00 1.210424170324250071e+01
1.356415238768179599e+00 1.210181619376413309e+01
1.359477124183006369e+00 1.209938805095207215e+01
1.362539009597832917e+00 1.209695726411525563e+01
1.365600895012659244e+00 1.209452382250470848e+01
1.368662780427486236e+00 1.209208771531314675e+01
1.371724665842312785e+00 1.208964893167461518e+01
1.374786551257139333e+00 1.208720746066408047e+01
1.377848436671965882e+00 1.208476329129705107e+01
1.380910322086792430e+00 1.208231641252918109e+01
1.383972207501619200e+00 1.207986681325586353e+01
1.387034092916445749e+00 1.207741448231183945e+01
1.390095978331272297e+00 1.207495940847078231e+01
1.393157863746098846e+00 1.207250158044488764e+01
1.396219749160925394e+00 1.207004098688445914e+01
1.399281634575751943e+00 1.206757761637748949e+01
1.402343519990578713e+00 1.206511145744923041e+01
1.405405405405405261e+00 1.206264249856177528e+01
1.408467290820231810e+00 1.206017072811361679e+01
1.411529176235058358e+00 1.205769613443920996e+01
1.414591061649884907e+00 1.205521870580853516e+01
1.417652947064711677e+00 1.205273843042664872e+01
1.420714832479538225e+00 1.205025529643322990e+01
1.423776717894364552e+00 1.204776929190212620e+01
1.426838603309191322e+00 1.204528040484089502e+01
1.429900488724017871e+00 1.204278862319033117e+01
1.432962374138844641e+00 1.204029393482400145e+01
1.436024259553671190e+00 1.203779632754776507e+01
1.439086144968497738e+00 1.203529578909929931e+01
1.442148030383324286e+00 1.203279230714760217e+01
1.445209915798150835e+00 1.203028586929250920e+01
1.448271801212977605e+00 1.202777646306419257e+01
1.451333686627804154e+00 1.202526407592266189e+01
1.454395572042630702e+00 1.202274869525725087e+01
1.457457457457457251e+00 1.202023030838610929e+01
1.460519342872283799e+00 1.201770890255567892e+01
1.463581228287110347e+00 1.201518446494017311e+01
1.466643113701937118e+00 1.201265698264104209e+01
1.469704999116763666e+00 1.201012644268643470e+01
1.472766884531590215e+00 1.200759283203066374e+01
1.475828769946416763e+00 1.200505613755364642e+01
1.478890655361243311e+00 1.200251634606035367e+01
1.481952540776069860e+00 1.199997344428025237e+01
1.485014426190896630e+00 1.199742741886672981e+01
1.488076311605723179e+00 1.199487825639652527e+01
1.491138197020549505e+00 1.199232594336914381e+01
1.494200082435376276e+00 1.198977046620627540e+01
1.497261967850203046e+00 1.198721181125119273e+01
1.500323853265029594e+00 1.198464996476815436e+01
1.503385738679856143e+00 1.198208491294179545e+01
1.506447624094682691e+00 1.197951664187651311e+01
1.509509509509509240e+00 1.197694513759584112e+01
1.512571394924336010e+00 1.197437038604181936e+01
1.515633280339162559e+00 1.197179237307436495e+01
1.518695165753989107e+00 1.196921108447061144e+01
1.521757051168815655e+00 1.196662650592427468e+01
1.524818936583642204e+00 1.196403862304497601e+01
1.527880821998468974e+00 1.196144742135758499e+01
1.530942707413295523e+00 1.195885288630153731e+01
1.534004592828122071e+00 1.195625500323015800e+01
1.537066478242948619e+00 1.195365375740995439e+01
1.540128363657775168e+00 1.195104913401993230e+01
1.543190249072601716e+00 1.194844111815087651e+01
1.546252134487428487e+00 1.194582969480463142e+01
1.549314019902254813e+00 1.194321484889338336e+01
1.552375905317081584e+00 1.194059656523891633e+01
1.555437790731908132e+00 1.193797482857187475e+01
1.558499676146734458e+00 1.193534962353099971e+01
1.561561561561561451e+00 1.193272093466237926e+01
1.564623446976387999e+00 1.193008874641866690e+01
1.567685332391214548e+00 1.192745304315829635e+01
1.570747217806041096e+00 1.192481380914470535e+01
1.573809103220867645e+00 1.192217102854552024e+01
1.576870988635694415e+00 1.191952468543174781e+01
1.579932874050520963e+00 1.191687476377695631e+01
1.582994759465347512e+00 1.191422124745644417e+01
1.586056644880174060e+00 1.191156412024639621e+01
1.589118530295000609e+00 1.190890336582302744e+01
1.592180415709827379e+00 1.190623896776172863e+01
1.595242301124653928e+00 1.190357090953618346e+01
1.598304186539480476e+00 1.190089917451748391e+01
1.601366071954307024e+00 1.189822374597324028e+01
1.604427957369133573e+00 1.189554460706666816e+01
1.607489842783960121e+00 1.189286174085566294e+01
1.610551728198786892e+00 1.189017513029188322e+01
1.613613613613613440e+00 1.188748475821979333e+01
1.616675499028439766e+00 1.188479060737571302e+01
1.619737384443266537e+00 1.188209266038685108e+01
1.622799269858093085e+00 1.187939089977032658e+01
1.625861155272919856e+00 1.187668530793216704e+01
1.628923040687746404e+00 1.187397586716631537e+01
1.631984926102572953e+00 1.187126255965359789e+01
1.635046811517399501e+00 1.186854536746070288e+01
1.638108696932226049e+00 1.186582427253913075e+01
1.641170582347052820e+00 1.186309925672413002e+01
1.644232467761879368e+00 1.186037030173363327e+01
1.647294353176705917e+00 1.185763738916716648e+01
1.650356238591532465e+00 1.185490050050474231e+01
1.653418124006359013e+00 1.185215961710575172e+01
1.656480009421186006e+00 1.184941472020782527e+01
1.659541894836012332e+00 1.184666579092569805e+01
1.662603780250838881e+00 1.184391281025003906e+01
1.665665665665665651e+00 1.184115575904627704e+01
1.668727551080491978e+00 1.183839461805341209e+01
1.671789436495318748e+00 1.183562936788280595e+01
1.674851321910145296e+00 1.183285998901695635e+01
1.677913207324971845e+00 1.183008646180825707e+01
1.680975092739798393e+00 1.182730876647774565e+01
1.684036978154624942e+00 1.182452688311382083e+01
1.687098863569451490e+00 1.182174079167095826e+01
1.690160748984278261e+00 1.181895047196840132e+01
1.693222634399104809e+00 1.181615590368883240e+01
1.696284519813931357e+00 1.181335706637703176e+01
1.699346405228757906e+00 1.181055393943850973e+01
1.702408290643584454e+00 1.180774650213813715e+01
1.705470176058411225e+00 1.180493473359872780e+01
1.708532061473237773e+00 1.180211861279964403e+01
1.711593946888064321e+00 1.179929811857533295e+01
1.714655832302890870e+00 1.179647322961389122e+01
1.717717717717717418e+00 1.179364392445556753e+01
1.720779603132544189e+00 1.179081018149128113e+01
1.723841488547370959e+00 1.178797197896109772e+01
1.726903373962197286e+00 1.178512929495268402e+01
1.729965259377023834e+00 1.178228210739975346e+01
1.733027144791850604e+00 1.177943039408048698e+01
1.736089030206677153e+00 1.177657413261591834e+01
1.739150915621503701e+00 1.177371330046832121e+01
1.742212801036330250e+00 1.177084787493954465e+01
1.745274686451156798e+00 1.176797783316935586e+01
1.748336571865983347e+00 1.176510315213374014e+01
1.751398457280809895e+00 1.176222380864317429e+01
1.754460342695636665e+00 1.175933977934089469e+01
1.757522228110463214e+00 1.175645104070112801e+01
1.760584113525289762e+00 1.175355756902729176e+01
1.763645998940116311e+00 1.175065934045018778e+01
1.766707884354942859e+00 1.174775633092614946e+01
1.769769769769769630e+00 1.174484851623517834e+01
1.772831655184596178e+00 1.174193587197905408e+01
1.775893540599422726e+00 1.173901837357939826e+01
1.778955426014249275e+00 1.173609599627573985e+01
1.782017311429075823e+00 1.173316871512353288e+01
1.785079196843902594e+00 1.173023650499214909e+01
1.788141082258729142e+00 1.172729934056284407e+01
1.791202967673555912e+00 1.172435719632670370e+01
1.794264853088382239e+00 1.172141004658254460e+01
1.797326738503208787e+00 1.171845786543479306e+01
1.800388623918035558e+00 1.171550062679133397e+01
1.803450509332862106e+00 1.171253830436132759e+01
1.806512394747688655e+00 1.170957087165300159e+01
1.809574280162515203e+00 1.170659830197139151e+01
1.812636165577341751e+00 1.170362056841607590e+01
1.815698050992168522e+00 1.170063764387885463e+01
1.818759936406995070e+00 1.169764950104141299e+01
1.821821821821821619e+00 1.169465611237293245e+01
1.824883707236648167e+00 1.169165745012768909e+01
1.827945592651474715e+00 1.168864129384664352e+01
1.831007478066301264e+00 1.168561957520318373e+01
1.834069363481128034e+00 1.168259231460532455e+01
1.837131248895954583e+00 1.167955948261741028e+01
1.840193134310781131e+00 1.167652104956709103e+01
1.843255019725607680e+00 1.167347698554257462e+01
1.846316905140434228e+00 1.167042726038985023e+01
1.849378790555261221e+00 1.166737184370986924e+01
1.852440675970087547e+00 1.166431070485567822e+01
1.855502561384914095e+00 1.166124381292951284e+01
1.858564446799740866e+00 1.165817113677985795e+01
1.861626332214567192e+00 1.165509264499844733e+01
1.864688217629393963e+00 1.165200830591722791e+01
1.867750103044220511e+00 1.164891808760528491e+01
1.870811988459047059e+00 1.164582195786570828e+01
1.873873873873873608e+00 1.164271988423241844e+01
1.876935759288700156e+00 1.163961183396694743e+01
1.879997644703526927e+00 1.163649777405516872e+01
1.883059530118353475e+00 1.163337767120397359e+01
1.886121415533180024e+00 1.163025149183790496e+01
1.889183300948006572e+00 1.162711920209573968e+01
1.892245186362833120e+00 1.162398076782701217e+01
1.895307071777659669e+00 1.162083615458848840e+01
1.898368957192486439e+00 1.161768532764059536e+01
1.901430842607312988e+00 1.161452825194378491e+01
1.904492728022139536e+00 1.161136489215484424e+01
1.907554613436966084e+00 1.160819521262315313e+01
1.910616498851792633e+00 1.160501917738688249e+01
1.913678384266619403e+00 1.160183675016913973e+01
1.916740269681446174e+00 1.159864789437404120e+01
1.919802155096272500e+00 1.159545257308274380e+01
1.922864040511099049e+00 1.159225074904939490e+01
1.925925925925925819e+00 1.158904238469703607e+01
1.928987811340752367e+00 1.158582744211343396e+01
1.932049696755578916e+00 1.158260588304685434e+01
1.935111582170405464e+00 1.157937766890175801e+01
1.938173467585232013e+00 1.157614276073444337e+01
1.941235353000058561e+00 1.157290111924861620e+01
1.944297238414885332e+00 1.156965270479088481e+01
1.947359123829711880e+00 1.156639747734618773e+01
1.950421009244538428e+00 1.156313539653316091e+01
1.953482894659364977e+00 1.155986642159941091e+01
1.956544780074191525e+00 1.155659051141672578e+01
1.959606665489018074e+00 1.155330762447621851e+01
1.962668550903844844e+00 1.155001771888337636e+01
1.965730436318671392e+00 1.154672075235303552e+01
1.968792321733497941e+00 1.154341668220429540e+01
1.971854207148324489e+00 1.154010546535531923e+01
1.974916092563151038e+00 1.153678705831807605e+01
1.977977977977977808e+00 1.153346141719299567e+01
1.981039863392804357e+00 1.153012849766352410e+01
1.984101748807631127e+00 1.152678825499060977e+01
1.987163634222457453e+00 1.152344064400708312e+01
1.990225519637284002e+00 1.152008561911196338e+01
1.993287405052110772e+00 1.151672313426465344e+01
1.996349290466937321e+00 1.151335314297906010e+01
1.999411175881763869e+00 1.150997559831760420e+01
2.002473061296590640e+00 1.150659045288514370e+01
2.005534946711417188e+00 1.150319765882278134e+01
2.008596832126243736e+00 1.149979716780159400e+01
2.011658717541070285e+00 1.149638893101623793e+01
2.014720602955896833e+00 1.149297289917846498e+01
2.017782488370723382e+00 1.148954902251051102e+01
2.020844373785549930e+00 1.148611725073840262e+01
2.023906259200376478e+00 1.148267753308513051e+01
2.026968144615203027e+00 1.147922981826371824e+01
2.030030030030029575e+00 1.147577405447017362e+01
2.033091915444856568e+00 1.147231018937632285e+01
2.036153800859683116e+00 1.146883817012252749e+01
2.039215686274509665e+00 1.146535794331026992e+01
2.042277571689336213e+00 1.146186945499462517e+01
2.045339457104162761e+00 1.145837265067659594e+01
2.048401342518989310e+00 1.145486747529532678e+01
2.051463227933815858e+00 1.145135387322017984e+01
2.054525113348642407e+00 1.144783178824267367e+01
2.057586998763468955e+00 1.144430116356829430e+01
2.060648884178295503e+00 1.144076194180815165e+01
2.063710769593122496e+00 1.143721406497050985e+01
2.066772655007949044e+00 1.143365747445215419e+01
2.069834540422775593e+00 1.143009211102962475e+01
2.072896425837602141e+00 1.142651791485028490e+01
2.075958311252428690e+00 1.142293482542324234e+01
2.079020196667255238e+00 1.141934278161011562e+01
2.082082082082081786e+00 1.141574172161562473e+01
2.085143967496908335e+00 1.141213158297803787e+01
2.088205852911734883e+00 1.140851230255942639e+01
2.091267738326561432e+00 1.140488381653577221e+01
2.094329623741387980e+00 1.140124606038688349e+01
2.097391509156214973e+00 1.139759896888613611e+01
2.100453394571041521e+00 1.139394247609003408e+01
2.103515279985868069e+00 1.139027651532759045e+01
2.106577165400694618e+00 1.138660101918950041e+01
2.109639050815521166e+00 1.138291591951714388e+01
2.112700936230347715e+00 1.137922114739136425e+01
2.115762821645174263e+00 1.137551663312107131e+01
2.118824707060000812e+00 1.137180230623161847e+01
2.121886592474827360e+00 1.136807809545297232e+01
2.124948477889653908e+00 1.136434392870767596e+01
2.128010363304480901e+00 1.136059973309858862e+01
2.131072248719307449e+00 1.135684543489638898e+01
2.134134134134133998e+00 1.135308095952686536e+01
2.137196019548960546e+00 1.134930623155796425e+01
2.140257904963787094e+00 1.134552117468659738e+01
2.143319790378613643e+00 1.134172571172520705e+01
2.146381675793440191e+00 1.133791976458808115e+01
2.149443561208266740e+00 1.133410325427740872e+01
2.152505446623093288e+00 1.133027610086908510e+01
2.155567332037919837e+00 1.132643822349822926e+01
2.158629217452746385e+00 1.132258954034445431e+01
2.161691102867573377e+00 1.131872996861684122e+01
2.164752988282399926e+00 1.131485942453863025e+01
2.167814873697226474e+00 1.131097782333162094e+01
2.170876759112053023e+00 1.130708507920028438e+01
2.173938644526879571e+00 1.130318110531554865e+01
2.177000529941706120e+00 1.129926581379829997e+01
2.180062415356532668e+00 1.129533911570253579e+01
2.183124300771359216e+00 1.129140092099821757e+01
2.186186186186185765e+00 1.128745113855377546e+01
2.189248071601012313e+00 1.128348967611827014e+01
2.192309957015838862e+00 1.127951644030321532e+01
2.195371842430665854e+00 1.127553133656403794e+01
2.198433727845492403e+00 1.127153426918116885e+01
2.201495613260318507e+00 1.126752514124076754e+01
2.204557498675145499e+00 1.126350385461504899e+01
2.207619384089972048e+00 1.125947030994224640e+01
2.210681269504798152e+00 1.125542440660614041e+01
2.213743154919625145e+00 1.125136604271519758e+01
2.216805040334451693e+00 1.124729511508128255e+01
2.219866925749277797e+00 1.124321151919794737e+01
2.222928811164104790e+00 1.123911514921826083e+01
2.225990696578931782e+00 1.123500589793220961e+01
2.229052581993758331e+00 1.123088365674362166e+01
2.232114467408584879e+00 1.122674831564661879e+01
2.235176352823411428e+00 1.122259976320158970e+01
2.238238238238237976e+00 1.121843788651066731e+01
2.241300123653064524e+00 1.121426257119267689e+01
2.244362009067891073e+00 1.121007370135759373e+01
2.247423894482717621e+00 1.120587115958044855e+01
2.250485779897544170e+00 1.120165482687467673e+01
2.253547665312370718e+00 1.119742458266492591e+01
2.256609550727197711e+00 1.119318030475928261e+01
2.259671436142024259e+00 1.118892186932089494e+01
2.262733321556850807e+00 1.118464915083900735e+01
2.265795206971677356e+00 1.118036202209936825e+01
2.268857092386503904e+00 1.117606035415400711e+01
2.271918977801330453e+00 1.117174401629034541e+01
2.274980863216157001e+00 1.116741287599965915e+01
2.278042748630983549e+00 1.116306679894484155e+01
2.281104634045810098e+00 1.115870564892746586e+01
2.284166519460636646e+00 1.115432928785412514e+01
2.287228404875463195e+00 1.114993757570203492e+01
2.290290290290290187e+00 1.114553037048387729e+01
2.293352175705116736e+00 1.114110752821185635e+01
2.296414061119943284e+00 1.113666890286096489e+01
2.299475946534769832e+00 1.113221434633141627e+01
2.302537831949596381e+00 1.112774370841025195e+01
2.305599717364422929e+00 1.112325683673205923e+01
2.308661602779249478e+00 1.111874677186035321e+01
2.311723488194076026e+00 1.111421952072959662e+01
2.314785373608902574e+00 1.110967518334737392e+01
2.317847259023729123e+00 1.110511359506876872e+01
2.320909144438556115e+00 1.110053458882949151e+01
2.323971029853382664e+00 1.109593799509971568e+01
2.327032915268208768e+00 1.109132364183683350e+01
2.330094800683035761e+00 1.108669135443709663e+01
2.333156686097862309e+00 1.108204095568614811e+01
2.336218571512688413e+00 1.107737226570835887e+01
2.339280456927515406e+00 1.107268510191498656e+01
2.342342342342341954e+00 1.106797927895108913e+01
2.345404227757168059e+00 1.106325460864118249e+01
2.348466113171995051e+00 1.105851089993358194e+01
2.351527998586822044e+00 1.105374795884341133e+01
2.354589884001648592e+00 1.104896558839423548e+01
2.357651769416475140e+00 1.104416358855826275e+01
2.360713654831301689e+00 1.103934175619510860e+01
2.363775540246128237e+00 1.103449988498903700e+01
2.366837425660954786e+00 1.102963776538466689e+01
2.369899311075781334e+00 1.102475518452108894e+01
2.372961196490607882e+00 1.101985192616434972e+01
2.376023081905434431e+00 1.101492777063823425e+01
2.379084967320260979e+00 1.100998249475333246e+01
2.382146852735087528e+00 1.100501587173431872e+01
2.385208738149914520e+00 1.100002767114536439e+01
2.388270623564741069e+00 1.099501765881370119e+01
2.391332508979567617e+00 1.098998559675119324e+01
2.394394394394394165e+00 1.098493124307390900e+01
2.397456279809220714e+00 1.097985435191963965e+01
2.400518165224047262e+00 1.097475467336325572e+01
2.403580050638873811e+00 1.096963195332987340e+01
2.406641936053700359e+00 1.096448593350576495e+01
2.409703821468526908e+00 1.095931635124690473e+01
2.412765706883353456e+00 1.095412293948512072e+01
2.415827592298180448e+00 1.094890542663176092e+01
2.418889477713006997e+00 1.094366353647878398e+01
2.421951363127833545e+00 1.093839698809720495e+01
2.425013248542660094e+00 1.093310549573281598e+01
2.428075133957486642e+00 1.092778876869909510e+01
2.431137019372313191e+00 1.092244535671624561e+01
2.434198904787139739e+00 1.091707426845410467e+01
2.437260790201966287e+00 1.091167688032526684e+01
2.440322675616792836e+00 1.090625287900020801e+01
2.443384561031619384e+00 1.090080194559920024e+01
2.446446446446445933e+00 1.089532375556534127e+01
2.449508331861272925e+00 1.088981797853405808e+01
2.452570217276099029e+00 1.088428427819893862e+01
2.455632102690926022e+00 1.087872231217375507e+01
2.458693988105752570e+00 1.087313173185058091e+01
2.461755873520578675e+00 1.086751218225387028e+01
2.464817758935405667e+00 1.086186330189030613e+01
2.467879644350232216e+00 1.085618472259438150e+01
2.470941529765058320e+00 1.085047606936944220e+01
2.474003415179885312e+00 1.084473696022413414e+01
2.477065300594711861e+00 1.083896700600405261e+01
2.480127186009538853e+00 1.083316581021842673e+01
2.483189071424365402e+00 1.082733296886167906e+01
2.486250956839191950e+00 1.082146807022967749e+01
2.489312842254018499e+00 1.081557069473048394e+01
2.492374727668845047e+00 1.080964041468940984e+01
2.495436613083671595e+00 1.080367679414819371e+01
2.498498498498498144e+00 1.079767938865805021e+01
2.501560383913324692e+00 1.079164774506640967e+01
2.504622269328151241e+00 1.078558140129709919e+01
2.507684154742977789e+00 1.077947988612373642e+01
2.510746040157804337e+00 1.077334271893607109e+01
2.513807925572631330e+00 1.076716940949903645e+01
2.516869810987457878e+00 1.076095945770423867e+01
2.519931696402284427e+00 1.075471235331357356e+01
2.522993581817110975e+00 1.074842757569472340e+01
2.526055467231937524e+00 1.074210459354818781e+01
2.529117352646764072e+00 1.073574286462555349e+01
2.532179238061590620e+00 1.072934183543865494e+01
2.535241123476417169e+00 1.072290094095929547e+01
2.538303008891243717e+00 1.071641960430913798e+01
2.541364894306070266e+00 1.070989723643941893e+01
2.544426779720897258e+00 1.070333323580005924e+01
2.547488665135723807e+00 1.069672698799778487e+01
2.550550550550550355e+00 1.069007786544279170e+01
2.553612435965376903e+00 1.068338522698354787e+01
2.556674321380203452e+00 1.067664684762266880e+01
2.559736206795030000e+00 1.066986318162589242e+01
2.562798092209856549e+00 1.066303383054307652e+01
2.565859977624683097e+00 1.065615808935652531e+01
2.568921863039509645e+00 1.064923523734096911e+01
2.571983748454336194e+00 1.064226453761226843e+01
2.575045633869162742e+00 1.063524523666029609e+01
2.578107519283989291e+00 1.062817656386529563e+01
2.581169404698816283e+00 1.062105773099703931e+01
2.584231290113642832e+00 1.061388793169606615e+01
2.587293175528468936e+00 1.060666634093622918e+01
2.590355060943295928e+00 1.059939211446776852e+01
2.593416946358122477e+00 1.059206438824007357e+01
2.596478831772948581e+00 1.058468227780325854e+01
2.599540717187775574e+00 1.057724487768760824e+01
2.602602602602602122e+00 1.056975126075998794e+01
2.605664488017428226e+00 1.056220047755612157e+01
2.608726373432255663e+00 1.055459155558773965e+01
2.611788258847082211e+00 1.054692349862346035e+01
2.614850144261908760e+00 1.053919528594218491e+01
2.617912029676735308e+00 1.053140587155782981e+01
2.620973915091561857e+00 1.052355418341405091e+01
2.624035800506388405e+00 1.051563912254760425e+01
2.627097685921214953e+00 1.050765956221888331e+01
2.630159571336041502e+00 1.049961434700813889e+01
2.633221456750868050e+00 1.049150229187574723e+01
2.636283342165694599e+00 1.048332218118486203e+01
2.639345227580521147e+00 1.047507276768465445e+01
2.642407112995348140e+00 1.046675277145226879e+01
2.645468998410174688e+00 1.045836087879151499e+01
2.648530883825001236e+00 1.044989574108619124e+01
2.651592769239827785e+00 1.044135597360585876e+01
2.654654654654654333e+00 1.043274015426168688e+01
2.657716540069480882e+00 1.042404682230997004e+01
2.660778425484307430e+00 1.041527447700065068e+01
2.663840310899133978e+00 1.040642157616810870e+01
2.666902196313960527e+00 1.039748653476134344e+01
2.669964081728787075e+00 1.038846772331040036e+01
2.673025967143614068e+00 1.037936346632581319e+01
2.676087852558440616e+00 1.037017204062761166e+01
2.679149737973267165e+00 1.036089115893889279e+01
2.682211623388093713e+00 1.035151809912347964e+01
2.685273508802920261e+00 1.034205229632369161e+01
2.688335394217746810e+00 1.033249181520057647e+01
2.691397279632573358e+00 1.032283466307653619e+01
2.694459165047399907e+00 1.031307878775218434e+01
2.697521050462226455e+00 1.030322207522165812e+01
2.700582935877053004e+00 1.029326234728082845e+01
2.703644821291879552e+00 1.028319735902249121e+01
2.706706706706706544e+00 nan
2.709768592121533093e+00 nan
2.712830477536359197e+00 nan
2.715892362951186190e+00 nan
2.718954248366012738e+00 nan
2.722016133780838842e+00 nan
2.725078019195665835e+00 nan
2.728139904610492383e+00 nan
2.731201790025318488e+00 nan
2.734263675440145480e+00 nan
2.737325560854972473e+00 nan
2.740387446269799021e+00 nan
2.743449331684625569e+00 nan
2.746511217099452118e+00 nan
2.749573102514278666e+00 nan
2.752634987929105215e+00 nan
2.755696873343931763e+00 nan
2.758758758758758312e+00 nan
2.761820644173584860e+00 nan
2.764882529588411408e+00 nan
2.767944415003238401e+00 nan
2.771006300418064949e+00 nan
2.774068185832891498e+00 nan
2.777130071247718046e+00 nan
2.780191956662544595e+00 nan
2.783253842077371143e+00 nan
2.786315727492197691e+00 nan
2.789377612907024240e+00 nan
2.792439498321850788e+00 nan
2.795501383736677337e+00 nan
2.798563269151503885e+00 nan
2.801625154566330878e+00 nan
2.804687039981157426e+00 nan
2.807748925395983974e+00 nan
2.810810810810810523e+00 nan
2.813872696225637071e+00 nan
2.816934581640463620e+00 nan
2.819996467055290168e+00 nan
2.823058352470116716e+00 nan
2.826120237884943265e+00 nan
2.829182123299769813e+00 nan
2.832244008714596806e+00 nan
2.835305894129423354e+00 nan
2.838367779544249458e+00 nan
2.841429664959076451e+00 nan
2.844491550373902999e+00 nan
2.847553435788729104e+00 nan
2.850615321203556096e+00 nan
2.853677206618382645e+00 nan
2.856739092033208749e+00 nan
2.859800977448035741e+00 nan
2.862862862862862290e+00 nan
2.865924748277689282e+00 nan
2.868986633692515831e+00 nan
2.872048519107342379e+00 nan
2.875110404522168928e+00 nan
2.878172289936995476e+00 nan
2.881234175351822024e+00 nan
2.884296060766648573e+00 nan
2.887357946181475121e+00 nan
2.890419831596301670e+00 nan
2.893481717011128218e+00 nan
2.896543602425955211e+00 nan
2.899605487840781759e+00 nan
2.902667373255608307e+00 nan
2.905729258670434856e+00 nan
2.908791144085261404e+00 nan
2.911853029500087953e+00 nan
2.914914914914914501e+00 nan
2.917976800329741049e+00 nan
2.921038685744567598e+00 nan
2.924100571159394146e+00 nan
2.927162456574220695e+00 nan
2.930224341989047687e+00 nan
2.933286227403874236e+00 nan
2.936348112818700784e+00 nan
2.939409998233527332e+00 nan
2.942471883648353881e+00 nan
2.945533769063180429e+00 nan
2.948595654478006978e+00 nan
2.951657539892833526e+00 nan
2.954719425307660075e+00 nan
2.957781310722486623e+00 nan
2.960843196137313615e+00 nan
2.963905081552139720e+00 nan
2.966966966966966712e+00 nan
2.970028852381793261e+00 nan
2.973090737796619365e+00 nan
2.976152623211446357e+00 nan
2.979214508626272906e+00 nan
2.982276394041099010e+00 nan
2.985338279455926003e+00 nan
2.988400164870752551e+00 nan
2.991462050285579544e+00 nan
2.994523935700406092e+00 nan
2.997585821115232640e+00 nan
3.000647706530059189e+00 nan
3.003709591944885737e+00 nan
3.006771477359712286e+00 nan
3.009833362774538834e+00 nan
3.012895248189365383e+00 nan
3.015957133604191931e+00 nan
3.019019019019018479e+00 nan
3.022080904433845028e+00 nan
3.025142789848672020e+00 nan
3.028204675263498569e+00 nan
3.031266560678325117e+00 nan
3.034328446093151666e+00 nan
3.037390331507978214e+00 nan
3.040452216922804762e+00 nan
3.043514102337631311e+00 nan
3.046575987752457859e+00 nan
3.049637873167284408e+00 nan
3.052699758582110956e+00 nan
3.055761643996937948e+00 nan
3.058823529411764497e+00 nan
