0.000000000000000000e+00 1.323300494515798320e+01
1.530942707413295457e-03 1.290768945088957409e+01
3.061885414826590913e-03 1.290394258621911483e+01
4.592828122239886804e-03 1.290019609440891024e+01
6.123770829653181827e-03 1.289644997000951498e+01
7.654713537066476850e-03 1.289289557261973229e+01
9.185656244479773608e-03 1.288936809030121466e+01
1.071659895189306863e-02 1.288584090545145955e+01
1.224754165930636365e-02 1.288247459354967539e+01
1.377848436671965868e-02 1.287926609818994983e+01
1.530942707413295370e-02 1.287605780895431273e+01
1.684036978154624872e-02 1.287284972147088880e+01
1.837131248895954722e-02 1.286964183135479445e+01
1.990225519637284224e-02 1.286643413420809523e+01
2.143319790378613726e-02 1.286322662561974539e+01
2.296414061119943228e-02 1.286001930116554348e+01
2.449508331861272731e-02 1.285681215640806307e+01
2.602602602602602580e-02 1.285371022209689151e+01
2.755696873343931735e-02 1.285066207352931578e+01
2.908791144085261238e-02 1.284764215677015819e+01
3.061885414826590740e-02 1.284465045832580898e+01
3.214979685567920242e-02 1.284168696481850525e+01
3.368073956309249745e-02 1.283875166298683546e+01
3.521168227050579247e-02 1.283584453968623862e+01
3.674262497791909443e-02 1.283296558188952474e+01
3.827356768533238945e-02 1.283010943875224363e+01
3.980451039274568448e-02 1.282720366204650730e+01
4.133545310015897950e-02 1.282431744455630707e+01
4.286639580757227452e-02 1.282145077634103636e+01
4.439733851498556955e-02 1.281860364753919868e+01
4.592828122239886457e-02 1.281577604836877349e+01
4.745922392981215959e-02 1.281296796912756619e+01
4.899016663722545462e-02 1.281017940019356516e+01
5.052110934463874270e-02 1.280741033202531654e+01
5.205205205205205160e-02 1.280466075516226887e+01
5.358299475946533968e-02 1.280193066022515147e+01
5.511393746687863471e-02 1.279922003791633145e+01
5.664488017429192973e-02 1.279652887902020097e+01
5.817582288170522475e-02 1.279385717440352366e+01
5.970676558911851978e-02 1.279120491501583068e+01
6.123770829653181480e-02 1.278857209188978850e+01
6.276865100394511676e-02 1.278595869614157010e+01
6.429959371135840485e-02 1.278336471897124937e+01
6.583053641877170681e-02 1.278079015166316879e+01
6.736147912618499489e-02 1.277818190665248466e+01
6.889242183359829685e-02 1.277557736872590510e+01
7.042336454101158494e-02 1.277298565260286445e+01
7.195430724842488690e-02 1.277040675162655781e+01
7.348524995583818886e-02 1.276784065919340350e+01
7.501619266325147695e-02 1.276528736875328818e+01
7.654713537066477891e-02 1.276274687380983863e+01
7.807807807807806699e-02 1.276021916792065980e+01
7.960902078549136895e-02 1.275770424469761188e+01
8.113996349290464316e-02 1.275520209780706260e+01
8.267090620031795900e-02 1.275271272097014474e+01
8.420184890773124708e-02 1.275023610796302975e+01
8.573279161514454905e-02 1.274777225261719060e+01
8.726373432255783713e-02 1.274532114881965938e+01
8.879467702997113909e-02 1.274288279051330797e+01
9.032561973738442718e-02 1.274045717169710912e+01
9.185656244479772914e-02 1.273804428642641362e+01
9.338750515221101722e-02 1.273564412881321850e+01
9.491844785962431919e-02 1.273323698215986077e+01
9.644939056703760727e-02 1.273082655565434962e+01
9.798033327445090923e-02 1.272842347054490553e+01
9.951127598186421119e-02 1.272602745155954018e+01
1.010422186892774854e-01 1.272363822354027896e+01
1.025731613966908012e-01 1.272125551144098665e+01
1.041041041041041032e-01 1.271887904032516303e+01
1.056350468115173913e-01 1.271650853536375259e+01
1.071659895189306794e-01 1.271414372183291874e+01
1.086969322263439813e-01 1.271178432511181988e+01
1.102278749337572694e-01 1.270943007068036579e+01
1.117588176411705714e-01 1.270708068411697056e+01
1.132897603485838595e-01 1.270473589109628776e+01
1.148207030559971614e-01 1.270239541738693667e+01
1.163516457634104495e-01 1.270005898884920370e+01
1.178825884708237515e-01 1.269772633143275797e+01
1.194135311782370396e-01 1.269539717117432431e+01
1.209444738856503415e-01 1.269307123419536509e+01
1.224754165930636296e-01 1.269075937334999082e+01
1.240063593004769454e-01 1.268846828958706574e+01
1.255373020078902335e-01 1.268618202081688473e+01
1.270682447153035355e-01 1.268390035947528105e+01
1.285991874227168097e-01 1.268162309806644572e+01
1.301301301301301117e-01 1.267935002916117426e+01
1.316610728375434136e-01 1.267708094539513475e+01
1.331920155449567156e-01 1.267481563946709677e+01
1.347229582523699898e-01 1.267255390413717109e+01
1.362539009597832917e-01 1.267029553222501903e+01
1.377848436671965937e-01 1.266804031660807972e+01
1.393157863746098957e-01 1.266578805021976706e+01
1.408467290820231699e-01 1.266353852604765784e+01
1.423776717894364718e-01 1.266129153713167810e+01
1.439086144968497738e-01 1.265904687656227168e+01
1.454395572042630480e-01 1.265680433747856348e+01
1.469704999116763777e-01 1.265456371306652095e+01
1.485014426190896519e-01 1.265232479655707465e+01
1.500323853265029539e-01 1.265008738122427090e+01
1.515633280339162559e-01 1.264785126038337637e+01
1.530942707413295578e-01 1.264561622738899693e+01
1.546252134487428320e-01 1.264338207563317695e+01
1.561561561561561340e-01 1.264114859854347728e+01
1.576870988635694359e-01 1.263891558958107275e+01
1.592180415709827379e-01 1.263668284223880001e+01
1.607489842783960121e-01 1.263445015003922478e+01
1.622799269858092863e-01 1.263221730653268438e+01
1.638108696932226160e-01 1.262998410529532478e+01
1.653418124006359180e-01 1.262775033992711649e+01
1.668727551080491922e-01 1.262551580404987206e+01
1.684036978154624942e-01 1.262328029130524953e+01
1.699346405228757961e-01 1.262104359535273446e+01
1.714655832302890981e-01 1.261880550986762550e+01
1.729965259377024001e-01 1.261656582853899167e+01
1.745274686451156743e-01 1.261432434506764011e+01
1.760584113525289762e-01 1.261209805111781002e+01
1.775893540599422782e-01 1.260989581600596487e+01
1.791202967673555801e-01 1.260769474858683559e+01
1.806512394747688544e-01 1.260549474101258127e+01
1.821821821821821563e-01 1.260329568544570478e+01
1.837131248895954583e-01 1.260109747405803482e+01
1.852440675970087325e-01 1.259889999902967972e+01
1.867750103044220344e-01 1.259670315254799888e+01
1.883059530118353364e-01 1.259450682680655653e+01
1.898368957192486384e-01 1.259231091400406299e+01
1.913678384266619403e-01 1.259011530634332132e+01
1.928987811340752145e-01 1.258791989603016326e+01
1.944297238414885165e-01 1.258572457527237276e+01
1.959606665489018185e-01 1.258352923627862374e+01
1.974916092563151204e-01 1.258133377125737340e+01
1.990225519637284224e-01 1.257913807241579462e+01
2.005534946711416966e-01 1.257694203195866756e+01
2.020844373785549708e-01 1.257474554208728001e+01
2.036153800859683005e-01 1.257254849499831550e+01
2.051463227933816025e-01 1.257035078288274299e+01
2.066772655007948767e-01 1.256815229792468891e+01
2.082082082082082064e-01 1.256595293230030741e+01
2.097391509156214806e-01 1.256375257817665059e+01
2.112700936230347826e-01 1.256155112771051741e+01
2.128010363304480568e-01 1.255934847304731328e+01
2.143319790378613587e-01 1.255714450631988122e+01
2.158629217452746607e-01 1.255493911964734899e+01
2.173938644526879627e-01 1.255273220513395493e+01
2.189248071601012369e-01 1.255052365486787025e+01
2.204557498675145388e-01 1.254831336092001592e+01
2.219866925749278408e-01 1.254610121534286726e+01
2.235176352823411428e-01 1.254388711016925662e+01
2.250485779897544447e-01 1.254167093741117078e+01
2.265795206971677189e-01 1.253945258905853422e+01
2.281104634045810209e-01 1.253723195707799221e+01
2.296414061119943228e-01 1.253502168748878987e+01
2.311723488194076526e-01 1.253282723218160655e+01
2.327032915268208990e-01 1.253063273412863232e+01
2.342342342342342010e-01 1.252843815577190334e+01
2.357651769416475029e-01 1.252624345954371776e+01
2.372961196490608049e-01 1.252404860786623431e+01
2.388270623564740791e-01 1.252185356315107256e+01
2.403580050638873811e-01 1.251965828779890266e+01
2.418889477713006830e-01 1.251746274419904381e+01
2.434198904787139850e-01 1.251526689472905218e+01
2.449508331861272592e-01 1.251307070175429814e+01
2.464817758935405612e-01 1.251087412762756834e+01
2.480127186009538909e-01 1.250867713468863407e+01
2.495436613083671651e-01 1.250647968526383025e+01
2.510746040157804670e-01 1.250428174166564155e+01
2.526055467231937413e-01 1.250208326619226185e+01
2.541364894306070710e-01 1.249988422112717856e+01
2.556674321380203452e-01 1.249768456873873212e+01
2.571983748454336194e-01 1.249548427127968608e+01
2.587293175528469491e-01 1.249328329098678125e+01
2.602602602602602233e-01 1.249108159008030761e+01
2.617912029676734975e-01 1.248887913076365308e+01
2.633221456750868272e-01 1.248667587522285594e+01
2.648530883825001014e-01 1.248447178562616244e+01
2.663840310899134312e-01 1.248226682412357036e+01
2.679149737973267054e-01 1.248006095284637595e+01
2.694459165047399796e-01 1.247785413390671927e+01
2.709768592121533093e-01 1.247564632939711338e+01
2.725078019195665835e-01 1.247343750138999852e+01
2.740387446269798577e-01 1.247122761193725360e+01
2.755696873343931874e-01 1.246901662306974679e+01
2.771006300418064616e-01 1.246680449679685232e+01
2.786315727492197913e-01 1.246459119510597802e+01
2.801625154566330655e-01 1.246237667996208565e+01
2.816934581640463398e-01 1.246016091330721132e+01
2.832244008714596695e-01 1.245794746586498292e+01
2.847553435788729437e-01 1.245573770162291716e+01
2.862862862862862734e-01 1.245352747275430616e+01
2.878172289936995476e-01 1.245131677598498143e+01
2.893481717011128218e-01 1.244910560803238475e+01
2.908791144085260960e-01 1.244689396560554862e+01
2.924100571159394257e-01 1.244468184540505362e+01
2.939409998233527554e-01 1.244246924412301070e+01
2.954719425307660297e-01 1.244025615844301491e+01
2.970028852381793039e-01 1.243804258504012594e+01
2.985338279455926336e-01 1.243582852058082544e+01
3.000647706530059078e-01 1.243361396172300104e+01
3.015957133604191820e-01 1.243139890511589307e+01
3.031266560678325117e-01 1.242918334740007857e+01
3.046575987752457859e-01 1.242696728520743044e+01
3.061885414826591156e-01 1.242475071516108720e+01
3.077194841900723343e-01 1.242253363387541398e+01
3.092504268974856640e-01 1.242031603795598116e+01
3.107813696048989938e-01 1.241809792399951640e+01
3.123123123123122680e-01 1.241587928859387624e+01
3.138432550197255422e-01 1.241366012831801768e+01
3.153741977271388719e-01 1.241144043974194844e+01
3.169051404345521461e-01 1.240922021942670916e+01
3.184360831419654758e-01 1.240699946392432373e+01
3.199670258493787500e-01 1.240477816977777437e+01
3.214979685567920242e-01 1.240255633352095721e+01
3.230289112642053539e-01 1.240033395167865038e+01
3.245598539716185726e-01 1.239811102076647842e+01
3.260907966790319579e-01 1.239588753729087145e+01
3.276217393864452321e-01 1.239366349774902787e+01
3.291526820938585063e-01 1.239143889862888770e+01
3.306836248012718360e-01 1.238921373640907930e+01
3.322145675086851102e-01 1.238698800755888740e+01
3.337455102160983844e-01 1.238476170853821934e+01
3.352764529235117141e-01 1.238253483579756242e+01
3.368073956309249883e-01 1.238030291655043591e+01
3.383383383383383181e-01 1.237806509129969612e+01
3.398692810457515923e-01 1.237582634827511541e+01
3.414002237531648110e-01 1.237358668373176940e+01
3.429311664605781962e-01 1.237134609391218021e+01
3.444621091679914704e-01 1.236910457504625604e+01
3.459930518754048001e-01 1.236686212335123436e+01
3.475239945828180743e-01 1.236461873503162501e+01
3.490549372902313485e-01 1.236237440627915518e+01
3.505858799976446782e-01 1.236012913327270724e+01
3.521168227050579524e-01 1.235788291217826007e+01
3.536477654124712267e-01 1.235563573914883229e+01
3.551787081198845564e-01 1.235338761032442534e+01
3.567096508272978306e-01 1.235113852183195604e+01
3.582405935347111603e-01 1.234888846978519972e+01
3.597715362421244345e-01 1.234663745028473159e+01
3.613024789495377087e-01 1.234438545941786636e+01
3.628334216569510384e-01 1.234213249325858364e+01
3.643643643643643126e-01 1.233987854786748706e+01
3.658953070717775868e-01 1.233762361929171902e+01
3.674262497791909166e-01 1.233536770356491274e+01
3.689571924866041908e-01 1.233311079670712118e+01
3.704881351940174650e-01 1.233085289472475843e+01
3.720190779014307947e-01 1.232859399361052510e+01
3.735500206088440689e-01 1.232633408934335151e+01
3.750809633162573986e-01 1.232407317788833012e+01
3.766119060236706728e-01 1.232181125519664278e+01
3.781428487310840025e-01 1.231954831720550381e+01
3.796737914384972767e-01 1.231728435983808367e+01
3.812047341459105509e-01 1.231501937900344501e+01
3.827356768533238807e-01 1.231275337059647335e+01
3.842666195607371549e-01 1.231048633049780783e+01
3.857975622681504291e-01 1.230821825457376661e+01
3.873285049755637033e-01 1.230594913867628826e+01
3.888594476829770330e-01 1.230367897864284643e+01
3.903903903903903627e-01 1.230140777029638777e+01
3.919213330978036369e-01 1.229913550944525724e+01
3.934522758052169111e-01 1.229686219188312890e+01
3.949832185126302408e-01 1.229458781338891882e+01
3.965141612200435151e-01 1.229231236972673003e+01
3.980451039274568448e-01 1.229003585664576370e+01
3.995760466348701190e-01 1.228775826988025521e+01
4.011069893422833932e-01 1.228547960514938531e+01
4.026379320496967229e-01 1.228319985815721260e+01
4.041688747571099416e-01 1.228091902459259721e+01
4.056998174645232713e-01 1.227863710012911724e+01
4.072307601719366010e-01 1.227635408042499598e+01
4.087617028793498752e-01 1.227406996112301485e+01
4.102926455867632050e-01 1.227178473785044588e+01
4.118235882941764792e-01 1.226949840621896115e+01
4.133545310015897534e-01 1.226721096182455106e+01
4.148854737090030831e-01 1.226492240024745328e+01
4.164164164164164128e-01 1.226263271705206037e+01
4.179473591238296870e-01 1.226034190778683630e+01
4.194783018312429612e-01 1.225804996798424362e+01
4.210092445386562354e-01 1.225575689316064398e+01
4.225401872460695651e-01 1.225346267881622175e+01
4.240711299534828393e-01 1.225116510547859860e+01
4.256020726608961136e-01 1.224885885076633407e+01
4.271330153683094433e-01 1.224655110697582572e+01
4.286639580757227175e-01 1.224424186929836011e+01
4.301949007831360472e-01 1.224193113290509771e+01
4.317258434905493214e-01 1.223961889294696448e+01
4.332567861979626511e-01 1.223730514455454355e+01
4.347877289053759253e-01 1.223498988283795441e+01
4.363186716127891995e-01 1.223267310288675169e+01
4.378496143202024737e-01 1.223035479976980966e+01
4.393805570276158035e-01 1.222803496853520500e+01
4.409114997350290777e-01 1.222571360421010134e+01
4.424424424424424074e-01 1.222339070180064091e+01
4.439733851498556816e-01 1.222106625629181487e+01
4.455043278572689558e-01 1.221874026264736024e+01
4.470352705646822855e-01 1.221641271580962851e+01
4.485662132720955597e-01 1.221408361069947190e+01
4.500971559795088894e-01 1.221175294221612262e+01
4.516280986869221636e-01 1.220942070523707024e+01
4.531590413943354378e-01 1.220708689461793917e+01
4.546899841017487676e-01 1.220475150519235719e+01
4.562209268091620418e-01 1.220241453177184532e+01
4.577518695165753160e-01 1.220007596914568104e+01
4.592828122239886457e-01 1.219773581208077040e+01
4.608137549314019199e-01 1.219539405532152898e+01
4.623446976388153051e-01 1.219305069358973981e+01
4.638756403462285238e-01 1.219070572158443611e+01
4.654065830536417980e-01 1.218835913398175919e+01
4.669375257610551277e-01 1.218601092543483055e+01
4.684684684684684020e-01 1.218366109057362046e+01
4.699994111758817317e-01 1.218130962400480577e+01
4.715303538832950059e-01 1.217895652031164033e+01
4.730612965907082801e-01 1.217660177405381638e+01
4.745922392981216098e-01 1.217424537976731891e+01
4.761231820055348840e-01 1.217188733196430128e+01
4.776541247129481582e-01 1.216952762513292896e+01
4.791850674203615434e-01 1.216716625373724092e+01
4.807160101277747621e-01 1.216480321221701644e+01
4.822469528351880919e-01 1.216243849498761698e+01
4.837778955426013661e-01 1.216007209643984766e+01
4.853088382500146403e-01 1.215770401093980979e+01
4.868397809574279700e-01 1.215533423282874637e+01
4.883707236648412442e-01 1.215296275642290169e+01
4.899016663722545184e-01 1.215058957601336331e+01
4.914326090796678481e-01 1.214821468586591280e+01
4.929635517870811223e-01 1.214583808022087119e+01
4.944944944944944520e-01 1.214345975329294092e+01
4.960254372019077818e-01 1.214107969927105479e+01
4.975563799093210005e-01 1.213869791231821438e+01
4.990873226167343302e-01 1.213631438657132833e+01
5.006182653241476599e-01 1.213392911614106140e+01
5.021492080315609341e-01 1.213154209511166037e+01
5.036801507389742083e-01 1.212915331754079773e+01
5.052110934463874825e-01 1.212676277745940290e+01
5.067420361538007567e-01 1.212437046887150061e+01
5.082729788612141419e-01 1.212197638575403857e+01
5.098039215686274161e-01 1.211958052205671699e+01
5.113348642760406904e-01 1.211718287170182151e+01
5.128658069834539646e-01 1.211477937180292841e+01
5.143967496908672388e-01 1.211237384435559328e+01
5.159276923982806240e-01 1.210996629396087521e+01
5.174586351056938982e-01 1.210755671057459182e+01
5.189895778131071724e-01 1.210514508411720414e+01
5.205205205205204466e-01 1.210273140447353413e+01
5.220514632279337208e-01 1.210031566149250182e+01
5.235824059353469950e-01 1.209789784498684817e+01
5.251133486427603803e-01 1.209547794473285975e+01
5.266442913501736545e-01 1.209305595047008453e+01
5.281752340575869287e-01 1.209063185190106005e+01
5.297061767650002029e-01 1.208820563869102216e+01
5.312371194724134771e-01 1.208577730046762255e+01
5.327680621798268623e-01 1.208334682682063743e+01
5.342990048872401365e-01 1.208091420730168153e+01
5.358299475946534107e-01 1.207847943142390790e+01
5.373608903020666849e-01 1.207604248866171659e+01
5.388918330094799591e-01 1.207360336845045801e+01
5.404227757168933444e-01 1.207116206018612381e+01
5.419537184243066186e-01 1.206871855322505027e+01
5.434846611317198928e-01 1.206627283688360563e+01
5.450156038391331670e-01 1.206382490043789169e+01
5.465465465465464412e-01 1.206137473312341868e+01
5.480774892539597154e-01 1.205892232413479803e+01
5.496084319613731006e-01 1.205646766262542613e+01
5.511393746687863748e-01 1.205401073770715925e+01
5.526703173761995380e-01 1.205155153844999560e+01
5.542012600836129232e-01 1.204909005388174492e+01
5.557322027910261975e-01 1.204662627298770161e+01
5.572631454984395827e-01 1.204416018471031613e+01
5.587940882058528569e-01 1.204169177794885748e+01
5.603250309132661311e-01 1.203922104155907391e+01
5.618559736206794053e-01 1.203674796435285543e+01
5.633869163280926795e-01 1.203427253509789097e+01
5.649178590355060647e-01 1.203179474251732017e+01
5.664488017429193389e-01 1.202931457528937820e+01
5.679797444503326131e-01 1.202683202204705815e+01
5.695106871577458874e-01 1.202434707137773628e+01
5.710416298651591616e-01 1.202185971182282742e+01
5.725725725725725468e-01 1.201936993187741365e+01
5.741035152799858210e-01 1.201687771998988374e+01
5.756344579873990952e-01 1.201438306456156191e+01
5.771654006948123694e-01 1.201188595394633651e+01
5.786963434022256436e-01 1.200938637645028173e+01
5.802272861096390288e-01 1.200688432033127917e+01
5.817582288170521920e-01 1.200437977379864130e+01
5.832891715244655773e-01 1.200187272501271707e+01
5.848201142318788515e-01 1.199936316208450293e+01
5.863510569392920146e-01 1.199685107307525556e+01
5.878819996467055109e-01 1.199433644599609039e+01
5.894129423541187851e-01 1.199181926880758553e+01
5.909438850615320593e-01 1.198929952941936961e+01
5.924748277689453335e-01 1.198677721568972387e+01
5.940057704763586077e-01 1.198425231542515768e+01
5.955367131837718819e-01 1.198172481638000875e+01
5.970676558911852672e-01 1.197919470625601157e+01
5.985985985985985414e-01 1.197666197270188171e+01
6.001295413060118156e-01 1.197412941845130341e+01
6.016604840134250898e-01 1.197159520091603291e+01
6.031914267208383640e-01 1.196905843542601389e+01
6.047223694282517492e-01 1.196651911063717222e+01
6.062533121356650234e-01 1.196397721515375601e+01
6.077842548430782976e-01 1.196143273752793412e+01
6.093151975504915718e-01 1.195888566625937699e+01
6.108461402579048460e-01 1.195633598979483914e+01
6.123770829653182313e-01 1.195378369652774175e+01
6.139080256727315055e-01 1.195122877479774282e+01
6.154389683801446687e-01 1.194867121289030365e+01
6.169699110875580539e-01 1.194611099903626261e+01
6.185008537949713281e-01 1.194354812141139277e+01
6.200317965023847133e-01 1.194098256813595782e+01
6.215627392097979875e-01 1.193841432727426621e+01
6.230936819172112617e-01 1.193584338683422352e+01
6.246246246246245359e-01 1.193326973476687058e+01
6.261555673320378101e-01 1.193069335896592875e+01
6.276865100394510844e-01 1.192811424726733271e+01
6.292174527468644696e-01 1.192553238744876332e+01
6.307483954542777438e-01 1.192294776722917149e+01
6.322793381616910180e-01 1.192036037426830575e+01
6.338102808691042922e-01 1.191777019616622191e+01
6.353412235765175664e-01 1.191517722046279992e+01
6.368721662839309516e-01 1.191258143463725361e+01
6.384031089913442258e-01 1.190998282610762615e+01
6.399340516987575000e-01 1.190738138223029807e+01
6.414649944061707743e-01 1.190477709029947029e+01
6.429959371135840485e-01 1.190216993754665964e+01
6.445268798209973227e-01 1.189955991114018019e+01
6.460578225284107079e-01 1.189694699818461743e+01
6.475887652358239821e-01 1.189433118572030246e+01
6.491197079432371453e-01 1.189171246072278620e+01
6.506506506506505305e-01 1.188909081010228874e+01
6.521815933580639157e-01 1.188646622070316994e+01
6.537125360654771900e-01 1.188383867930336812e+01
6.552434787728904642e-01 1.188120817261385476e+01
6.567744214803037384e-01 1.187857468727807309e+01
6.583053641877170126e-01 1.187593820987136617e+01
6.598363068951302868e-01 1.187329872690041910e+01
6.613672496025436720e-01 1.187065622480266569e+01
6.628981923099569462e-01 1.186801068994571828e+01
6.644291350173702204e-01 1.186536210862677798e+01
6.659600777247834946e-01 1.186271046707203247e+01
6.674910204321967688e-01 1.186005575143606450e+01
6.690219631396101541e-01 1.185739794780123546e+01
6.705529058470234283e-01 1.185473704217708679e+01
6.720838485544367025e-01 1.185207302049970224e+01
6.736147912618499767e-01 1.184940586863110035e+01
6.751457339692632509e-01 1.184673557235859320e+01
6.766766766766766361e-01 1.184406211739414516e+01
6.782076193840897993e-01 1.184138548937373869e+01
6.797385620915031845e-01 1.183870567385671002e+01
6.812695047989164587e-01 1.183602265632510253e+01
6.828004475063296219e-01 1.183333642218299531e+01
6.843313902137431182e-01 1.183064695675582989e+01
6.858623329211563924e-01 1.182795424528973527e+01
6.873932756285696666e-01 1.182525827295084042e+01
6.889242183359829408e-01 1.182255902482458154e+01
6.904551610433962150e-01 1.181985648591500038e+01
6.919861037508096002e-01 1.181715064114403368e+01
6.935170464582228744e-01 1.181444147535080802e+01
6.950479891656361486e-01 1.181172897329090610e+01
6.965789318730494228e-01 1.180901311963564204e+01
6.981098745804626970e-01 1.180629389897132242e+01
6.996408172878759713e-01 1.180357129579850017e+01
7.011717599952893565e-01 1.180084529453121789e+01
7.027027027027026307e-01 1.179811587949625640e+01
7.042336454101159049e-01 1.179538303493235318e+01
7.057645881175291791e-01 1.179264674498942789e+01
7.072955308249424533e-01 1.178990699372780071e+01
7.088264735323558385e-01 1.178716376511739305e+01
7.103574162397691127e-01 1.178441704303692816e+01
7.118883589471822759e-01 1.178166681127311044e+01
7.134193016545956612e-01 1.177891305351982076e+01
7.149502443620089354e-01 1.177615575337727094e+01
7.164811870694223206e-01 1.177339489435117592e+01
7.180121297768355948e-01 1.177063045985190293e+01
7.195430724842488690e-01 1.176786243319361347e+01
7.210740151916621432e-01 1.176509079759340182e+01
7.226049578990754174e-01 1.176231553617041747e+01
7.241359006064888026e-01 1.175953663194497700e+01
7.256668433139020769e-01 1.175675406783767940e+01
7.271977860213153511e-01 1.175396782666848949e+01
7.287287287287286253e-01 1.175117789115583378e+01
7.302596714361418995e-01 1.174838424391567315e+01
7.317906141435551737e-01 1.174558686746056857e+01
7.333215568509685589e-01 1.174278574419873600e+01
7.348524995583818331e-01 1.173998085643309075e+01
7.363834422657951073e-01 1.173717218636028825e+01
7.379143849732083815e-01 1.173435971606973638e+01
7.394453276806216557e-01 1.173154342754262203e+01
7.409762703880349299e-01 1.172872330265090390e+01
7.425072130954483152e-01 1.172589932315630534e+01
7.440381558028615894e-01 1.172307147070929467e+01
7.455690985102747526e-01 1.172023972684805670e+01
7.471000412176881378e-01 1.171740407299744291e+01
7.486309839251015230e-01 1.171456449046792336e+01
7.501619266325147972e-01 1.171172096045451205e+01
7.516928693399280714e-01 1.170887346403569929e+01
7.532238120473413456e-01 1.170602198217234680e+01
7.547547547547546198e-01 1.170316649570659528e+01
7.562856974621680051e-01 1.170030988189566301e+01
7.578166401695812793e-01 1.169745001158044140e+01
7.593475828769945535e-01 1.169458618979660791e+01
7.608785255844078277e-01 1.169171839818640457e+01
7.624094682918211019e-01 1.168884661827308413e+01
7.639404109992344871e-01 1.168597083145978566e+01
7.654713537066477613e-01 1.168309101902840830e+01
7.670022964140610355e-01 1.168020716213845667e+01
7.685332391214743097e-01 1.167731924182588621e+01
7.700641818288875839e-01 1.167442723900192725e+01
7.715951245363008582e-01 1.167153113445190016e+01
7.731260672437142434e-01 1.166863090883400567e+01
7.746570099511274066e-01 1.166572654267812403e+01
7.761879526585407918e-01 1.166281801638457516e+01
7.777188953659540660e-01 1.165990531022288046e+01
7.792498380733672292e-01 1.165698840433050343e+01
7.807807807807807254e-01 1.165406727871157244e+01
7.823117234881939996e-01 1.165114191323560711e+01
7.838426661956072738e-01 1.164821228763619843e+01
7.853736089030205481e-01 1.164527838150970140e+01
7.869045516104338223e-01 1.164234017431389923e+01
7.884354943178472075e-01 1.163939764536665145e+01
7.899664370252604817e-01 1.163645077384453508e+01
7.914973797326737559e-01 1.163349953878145371e+01
7.930283224400870301e-01 1.163054391906725016e+01
7.945592651475003043e-01 1.162758389344628362e+01
7.960902078549136895e-01 1.162461944051599794e+01
7.976211505623269638e-01 1.162165053872548093e+01
7.991520932697402380e-01 1.161867716637399361e+01
8.006830359771535122e-01 1.161569930160948161e+01
8.022139786845667864e-01 1.161271692242708298e+01
8.037449213919800606e-01 1.160973000666760413e+01
8.052758640993934458e-01 1.160673853201597794e+01
8.068068068068067200e-01 1.160374247599971653e+01
8.083377495142198832e-01 1.160074181598732679e+01
8.098686922216332684e-01 1.159773652918672049e+01
8.113996349290465426e-01 1.159472659264359962e+01
8.129305776364599279e-01 1.159171198323982033e+01
8.144615203438732021e-01 1.158869267769174272e+01
8.159924630512864763e-01 1.158566865254855216e+01
8.175234057586997505e-01 1.158263988419057355e+01
8.190543484661130247e-01 1.157960634882754114e+01
8.205852911735264099e-01 1.157656802249687544e+01
8.221162338809396841e-01 1.157352488106191757e+01
8.236471765883529583e-01 1.157047690021015462e+01
8.251781192957662325e-01 1.156742405545140961e+01
8.267090620031795067e-01 1.156436632211602422e+01
8.282400047105930030e-01 1.156130367535300785e+01
8.297709474180061662e-01 1.155823609012816888e+01
8.313018901254194404e-01 1.155516354122222111e+01
8.328328328328328256e-01 1.155208600322886170e+01
8.343637755402459888e-01 1.154900345055283495e+01
8.358947182476593740e-01 1.154591585740796589e+01
8.374256609550726482e-01 1.154282319781516186e+01
8.389566036624859224e-01 1.153972544560040348e+01
8.404875463698991966e-01 1.153662257439270356e+01
8.420184890773124708e-01 1.153351455762203237e+01
8.435494317847257451e-01 1.153040136851722863e+01
8.450803744921391303e-01 1.152728298010387498e+01
8.466113171995524045e-01 1.152415936520215389e+01
8.481422599069656787e-01 1.152103049642466992e+01
8.496732026143789529e-01 1.151789634617424163e+01
8.512041453217922271e-01 1.151475688664167762e+01
8.527350880292056123e-01 1.151161208980350992e+01
8.542660307366188865e-01 1.150846192741970242e+01
8.557969734440321607e-01 1.150530637103133813e+01
8.573279161514454350e-01 1.150214539195825658e+01
8.588588588588587092e-01 1.149897896129668773e+01
8.603898015662720944e-01 1.149580704991682900e+01
8.619207442736854796e-01 1.149262962846040104e+01
8.634516869810986428e-01 1.148944666733818565e+01
8.649826296885119170e-01 1.148625813672749985e+01
8.665135723959253022e-01 1.148306400656966630e+01
8.680445151033385764e-01 1.147986424656743232e+01
8.695754578107518507e-01 1.147665882618236388e+01
8.711064005181651249e-01 1.147344771463220248e+01
8.726373432255783991e-01 1.147023088088818454e+01
8.741682859329916733e-01 1.146700829367232366e+01
8.756992286404049475e-01 1.146377992145466784e+01
8.772301713478183327e-01 1.146054573245050179e+01
8.787611140552316069e-01 1.145730569461753312e+01
8.802920567626448811e-01 1.145405977565301470e+01
8.818229994700581553e-01 1.145080794299085447e+01
8.833539421774714295e-01 1.144755016379867207e+01
8.848848848848848148e-01 1.144428640497481098e+01
8.864158275922980890e-01 1.144101663314532402e+01
8.879467702997113632e-01 1.143774081466090919e+01
8.894777130071246374e-01 1.143445891559379923e+01
8.910086557145379116e-01 1.143117090173462458e+01
8.925395984219512968e-01 1.142787673858921238e+01
8.940705411293645710e-01 1.142457639137535885e+01
8.956014838367779562e-01 1.142126982501955013e+01
8.971324265441911194e-01 1.141795700415363157e+01
8.986633692516043936e-01 1.141463789311144517e+01
9.001943119590177789e-01 1.141131245592540999e+01
9.017252546664310531e-01 1.140798065632305303e+01
9.032561973738443273e-01 1.140464245772350438e+01
9.047871400812576015e-01 1.140129782323392504e+01
9.063180827886708757e-01 1.139794671564590267e+01
9.078490254960842609e-01 1.139458909743178516e+01
9.093799682034975351e-01 1.139122493074096454e+01
9.109109109109108093e-01 1.138785417739611461e+01
9.124418536183240835e-01 1.138447754100754494e+01
9.139727963257373577e-01 1.138109439082394481e+01
9.155037390331506320e-01 1.137770456513139194e+01
9.170346817405640172e-01 1.137430802475556924e+01
9.185656244479772914e-01 1.137090473017793535e+01
9.200965671553905656e-01 1.136749464153164446e+01
9.216275098628038398e-01 1.136407771859742688e+01
9.231584525702171140e-01 1.136065392079938441e+01
9.246893952776306103e-01 1.135722320720075018e+01
9.262203379850437734e-01 1.135378553649956856e+01
9.277512806924570476e-01 1.135034086702431644e+01
9.292822233998704329e-01 1.134688915672947118e+01
9.308131661072835961e-01 1.134343036319100406e+01
9.323441088146969813e-01 1.133996444360180256e+01
9.338750515221102555e-01 1.133649135476704117e+01
9.354059942295235297e-01 1.133301105309947410e+01
9.369369369369368039e-01 1.132952349461465680e+01
9.384678796443500781e-01 1.132602863492610368e+01
9.399988223517634633e-01 1.132252642924036223e+01
9.415297650591767376e-01 1.131901683235204281e+01
9.430607077665900118e-01 1.131549979863872579e+01
9.445916504740032860e-01 1.131197528205584391e+01
9.461225931814165602e-01 1.130844323613145264e+01
9.476535358888298344e-01 1.130490361396093668e+01
9.491844785962432196e-01 1.130135636820163292e+01
9.507154213036564938e-01 1.129780145106738232e+01
9.522463640110697680e-01 1.129423881432297527e+01
9.537773067184830422e-01 1.129066840927853654e+01
9.553082494258963164e-01 1.128709018678381959e+01
9.568391921333097017e-01 1.128350409722240144e+01
9.583701348407230869e-01 1.127991009050580118e+01
9.599010775481362501e-01 1.127630811606750960e+01
9.614320202555495243e-01 1.127269812285691053e+01
9.629629629629629095e-01 1.126908005933313106e+01
9.644939056703761837e-01 1.126545387345877813e+01
9.660248483777894579e-01 1.126181951269358983e+01
9.675557910852027321e-01 1.125817692398797476e+01
9.690867337926160063e-01 1.125452605377647153e+01
9.706176765000292805e-01 1.125086684797108205e+01
9.721486192074426658e-01 1.124719925195451609e+01
9.736795619148559400e-01 1.124352321057332915e+01
9.752105046222692142e-01 1.123983866813094323e+01
9.767414473296824884e-01 1.123614556838055911e+01
9.782723900370957626e-01 1.123244385451796568e+01
9.798033327445090368e-01 1.122873346917422488e+01
9.813342754519224220e-01 1.122501435440824480e+01
9.828652181593356962e-01 1.122128645169922834e+01
9.843961608667489704e-01 1.121754970193901535e+01
9.859271035741622446e-01 1.121380404542427911e+01
9.874580462815755189e-01 1.121004942184861086e+01
9.889889889889889041e-01 1.120628577029448358e+01
9.905199316964021783e-01 1.120251302922506831e+01
9.920508744038155635e-01 1.119873113647592433e+01
9.935818171112287267e-01 1.119494002924655973e+01
9.951127598186420009e-01 1.119113964409184447e+01
9.966437025260553861e-01 1.118732991691328671e+01
9.981746452334686603e-01 1.118351078295016876e+01
9.997055879408819345e-01 1.117968217677053389e+01
1.001236530648295320e+00 1.117584403226201140e+01
1.002767473355708594e+00 1.117199628262252276e+01
1.004298416063121868e+00 1.116813886035079051e+01
1.005829358770535142e+00 1.116427169723671931e+01
1.007360301477948417e+00 1.116039472435161173e+01
1.008891244185361691e+00 1.115650787203819760e+01
1.010422186892774965e+00 1.115261106990052653e+01
1.011953129600188239e+00 1.114870424679367034e+01
1.013484072307601513e+00 1.114478733081325146e+01
1.015015015015014788e+00 1.114086024928479901e+01
1.016545957722428284e+00 1.113692292875292544e+01
1.018076900429841558e+00 1.113297529497030602e+01
1.019607843137254832e+00 1.112901727288648601e+01
1.021138785844668107e+00 1.112504878663647467e+01
1.022669728552081381e+00 1.112106975952916521e+01
1.024200671259494655e+00 1.111708011403553442e+01
1.025731613966907929e+00 1.111307977177665052e+01
1.027262556674321203e+00 1.110906865351146422e+01
1.028793499381734478e+00 1.110504667912439203e+01
1.030324442089147752e+00 1.110101376761267389e+01
1.031855384796561248e+00 1.109696983707351947e+01
1.033386327503974522e+00 1.109291480469101820e+01
1.034917270211387796e+00 1.108884858672282370e+01
1.036448212918801071e+00 1.108477109848659303e+01
1.037979155626214345e+00 1.108068225434619869e+01
1.039510098333627619e+00 1.107658196769768288e+01
1.041041041041040893e+00 1.107247015095496323e+01
1.042571983748454167e+00 1.106834671553527905e+01
1.044102926455867442e+00 1.106421157184438187e+01
1.045633869163280716e+00 1.106006462926145417e+01
1.047164811870693990e+00 1.105590579612374924e+01
1.048695754578107486e+00 1.105173497971096097e+01
1.050226697285520761e+00 1.104755208622929885e+01
1.051757639992934035e+00 1.104335702079528048e+01
1.053288582700347309e+00 1.103914968741921498e+01
1.054819525407760583e+00 1.103492998898839694e+01
1.056350468115173857e+00 1.103069782724996806e+01
1.057881410822587132e+00 1.102645310279347868e+01
1.059412353530000406e+00 1.102219571503312601e+01
1.060943296237413680e+00 1.101792556218963703e+01
1.062474238944826954e+00 1.101364254127184061e+01
1.064005181652240450e+00 1.100934654805787183e+01
1.065536124359653725e+00 1.100503747707603530e+01
1.067067067067066999e+00 1.100071522158529724e+01
1.068598009774480273e+00 1.099637842555049083e+01
1.070128952481893547e+00 1.099202803720642585e+01
1.071659895189306821e+00 1.098766407478641050e+01
1.073190837896720096e+00 1.098328642516255726e+01
1.074721780604133370e+00 1.097889497382355906e+01
1.076252723311546644e+00 1.097448960485263214e+01
1.077783666018959918e+00 1.097007020090504348e+01
1.079314608726373192e+00 1.096563664318519038e+01
1.080845551433786689e+00 1.096118881142324497e+01
1.082376494141199963e+00 1.095672658385132081e+01
1.083907436848613237e+00 1.095224983717919720e+01
1.085438379556026511e+00 1.094775844656953723e+01
1.086969322263439786e+00 1.094325228561263685e+01
1.088500264970853060e+00 1.093873122630065353e+01
1.090031207678266334e+00 1.093419513900134632e+01
1.091562150385679608e+00 1.092964389243125467e+01
1.093093093093092882e+00 1.092507735362837451e+01
1.094624035800506157e+00 1.092049538792425700e+01
1.096154978507919431e+00 1.091589785891556019e+01
1.097685921215332927e+00 1.091128462843500913e+01
1.099216863922746201e+00 1.090665555652178220e+01
1.100747806630159253e+00 1.090201050139127226e+01
1.102278749337572750e+00 1.089734931940423657e+01
1.103809692044986024e+00 1.089267186503531448e+01
1.105340634752399076e+00 1.088797799084090023e+01
1.106871577459812572e+00 1.088326754742631586e+01
1.108402520167225846e+00 1.087854038341235707e+01
1.109933462874638899e+00 1.087379634540108242e+01
1.111464405582052395e+00 1.086903527794092383e+01
1.112995348289465891e+00 1.086425702349105293e+01
1.114526290996879165e+00 1.085946142238498346e+01
1.116057233704292440e+00 1.085464831279341524e+01
1.117588176411705714e+00 1.084981753068628407e+01
1.119119119119118988e+00 1.084496890979399808e+01
1.120650061826532262e+00 1.084010228156784095e+01
1.122181004533945536e+00 1.083521747513953848e+01
1.123711947241358811e+00 1.083031431727992810e+01
1.125242889948772085e+00 1.082539263235674731e+01
1.126773832656185359e+00 1.082045224229150726e+01
1.128304775363598855e+00 1.081549296651540715e+01
1.129835718071012129e+00 1.081051462192430179e+01
1.131366660778425404e+00 1.080551702283266202e+01
1.132897603485838678e+00 1.080049998092652075e+01
1.134428546193251952e+00 1.079546330521538700e+01
1.135959488900665226e+00 1.079040680198307456e+01
1.137490431608078501e+00 1.078533027473743466e+01
1.139021374315491775e+00 1.078023352415896596e+01
1.140552317022905049e+00 1.077511634804826812e+01
1.142083259730318323e+00 1.076997854127229282e+01
1.143614202437731597e+00 1.076481989570938325e+01
1.145145145145145094e+00 1.075964020019307199e+01
1.146676087852558368e+00 1.075443924045456967e+01
1.148207030559971642e+00 1.074921679906394445e+01
1.149737973267384916e+00 1.074397265536994972e+01
1.151268915974798190e+00 1.073870658543844492e+01
1.152799858682211465e+00 1.073341836198938992e+01
1.154330801389624739e+00 1.072810775433237396e+01
1.155861744097038013e+00 1.072277452830062572e+01
1.157392686804451287e+00 1.071741844618346207e+01
1.158923629511864561e+00 1.071203926665716111e+01
1.160454572219278058e+00 1.070663674471417792e+01
1.161985514926691332e+00 1.070121063159067276e+01
1.163516457634104384e+00 1.069576067469231972e+01
1.165047400341517880e+00 1.069028661751830533e+01
1.166578343048931155e+00 1.068478819958352410e+01
1.168109285756344207e+00 1.067926515633887341e+01
1.169640228463757703e+00 1.067371721908959437e+01
1.171171171171170977e+00 1.066814411491164449e+01
1.172702113878584029e+00 1.066254556656600450e+01
1.174233056585997526e+00 1.065692129241086228e+01
1.175763999293411022e+00 1.065127100631164581e+01
1.177294942000824296e+00 1.064559441754879998e+01
1.178825884708237570e+00 1.063989123072326670e+01
1.180356827415650844e+00 1.063416114565960768e+01
1.181887770123064119e+00 1.062840288580385462e+01
1.183418712830477393e+00 1.062261591811401829e+01
1.184949655537890667e+00 1.061680102390439728e+01
1.186480598245303941e+00 1.061095788083136426e+01
1.188011540952717215e+00 1.060508616122208636e+01
1.189542483660130490e+00 1.059918553196114566e+01
1.191073426367543764e+00 1.059325565437423577e+01
1.192604369074957260e+00 1.058729618410882267e+01
1.194135311782370534e+00 1.058130677101170569e+01
1.195666254489783809e+00 1.057528705900336341e+01
1.197197197197197083e+00 1.056923668594897769e+01
1.198728139904610357e+00 1.056315528352607203e+01
1.200259082612023631e+00 1.055704247708859889e+01
1.201790025319436905e+00 1.055089788552742824e+01
1.203320968026850180e+00 1.054472112112707194e+01
1.204851910734263454e+00 1.053851178941856226e+01
1.206382853441676728e+00 1.053226948902833016e+01
1.207913796149090224e+00 1.052599381152299074e+01
1.209444738856503498e+00 nan
1.210975681563916773e+00 nan
1.212506624271330047e+00 nan
1.214037566978743321e+00 nan
1.215568509686156595e+00 nan
1.217099452393569869e+00 nan
1.218630395100983144e+00 nan
1.220161337808396418e+00 nan
1.221692280515809692e+00 nan
1.223223223223222966e+00 nan
1.224754165930636463e+00 nan
1.226285108638049515e+00 nan
1.227816051345463011e+00 nan
1.229346994052876285e+00 nan
1.230877936760289337e+00 nan
1.232408879467702834e+00 nan
1.233939822175116108e+00 nan
1.235470764882529160e+00 nan
1.237001707589942656e+00 nan
1.238532650297355930e+00 nan
1.240063593004769427e+00 nan
1.241594535712182701e+00 nan
1.243125478419595975e+00 nan
1.244656421127009249e+00 nan
1.246187363834422523e+00 nan
1.247718306541835798e+00 nan
1.249249249249249072e+00 nan
1.250780191956662346e+00 nan
1.252311134664075620e+00 nan
1.253842077371488894e+00 nan
1.255373020078902169e+00 nan
1.256903962786315665e+00 nan
1.258434905493728939e+00 nan
1.259965848201142213e+00 nan
1.261496790908555488e+00 nan
1.263027733615968762e+00 nan
1.264558676323382036e+00 nan
1.266089619030795310e+00 nan
1.267620561738208584e+00 nan
1.269151504445621859e+00 nan
1.270682447153035133e+00 nan
1.272213389860448629e+00 nan
1.273744332567861903e+00 nan
1.275275275275275177e+00 nan
1.276806217982688452e+00 nan
1.278337160690101726e+00 nan
1.279868103397515000e+00 nan
1.281399046104928274e+00 nan
1.282929988812341549e+00 nan
1.284460931519754823e+00 nan
1.285991874227168097e+00 nan
1.287522816934581371e+00 nan
1.289053759641994645e+00 nan
1.290584702349408142e+00 nan
1.292115645056821416e+00 nan
1.293646587764234468e+00 nan
1.295177530471647964e+00 nan
1.296708473179061238e+00 nan
1.298239415886474291e+00 nan
1.299770358593887787e+00 nan
1.301301301301301061e+00 nan
1.302832244008714113e+00 nan
1.304363186716127831e+00 nan
1.305894129423541106e+00 nan
1.307425072130954380e+00 nan
1.308956014838367654e+00 nan
1.310486957545780928e+00 nan
1.312017900253194203e+00 nan
1.313548842960607477e+00 nan
1.315079785668020751e+00 nan
1.316610728375434025e+00 nan
1.318141671082847299e+00 nan
1.319672613790260574e+00 nan
1.321203556497674070e+00 nan
1.322734499205087344e+00 nan
1.324265441912500618e+00 nan
1.325796384619913892e+00 nan
1.327327327327327167e+00 nan
1.328858270034740441e+00 nan
1.330389212742153715e+00 nan
1.331920155449566989e+00 nan
1.333451098156980263e+00 nan
1.334982040864393538e+00 nan
1.336512983571807034e+00 nan
1.338043926279220308e+00 nan
1.339574868986633582e+00 nan
1.341105811694046857e+00 nan
1.342636754401460131e+00 nan
1.344167697108873405e+00 nan
1.345698639816286679e+00 nan
1.347229582523699953e+00 nan
1.348760525231113228e+00 nan
1.350291467938526502e+00 nan
1.351822410645939776e+00 nan
1.353353353353353272e+00 nan
1.354884296060766546e+00 nan
1.356415238768179599e+00 nan
1.357946181475593095e+00 nan
1.359477124183006369e+00 nan
1.361008066890419421e+00 nan
1.362539009597832917e+00 nan
1.364069952305246192e+00 nan
1.365600895012659244e+00 nan
1.367131837720072740e+00 nan
1.368662780427486236e+00 nan
1.370193723134899511e+00 nan
1.371724665842312785e+00 nan
1.373255608549726059e+00 nan
1.374786551257139333e+00 nan
1.376317493964552607e+00 nan
1.377848436671965882e+00 nan
1.379379379379379156e+00 nan
1.380910322086792430e+00 nan
1.382441264794205704e+00 nan
1.383972207501619200e+00 nan
1.385503150209032475e+00 nan
1.387034092916445749e+00 nan
1.388565035623859023e+00 nan
1.390095978331272297e+00 nan
1.391626921038685571e+00 nan
1.393157863746098846e+00 nan
1.394688806453512120e+00 nan
1.396219749160925394e+00 nan
1.397750691868338668e+00 nan
1.399281634575751943e+00 nan
1.400812577283165439e+00 nan
1.402343519990578713e+00 nan
1.403874462697991987e+00 nan
1.405405405405405261e+00 nan
1.406936348112818536e+00 nan
1.408467290820231810e+00 nan
1.409998233527645084e+00 nan
1.411529176235058358e+00 nan
1.413060118942471632e+00 nan
1.414591061649884907e+00 nan
1.416122004357298403e+00 nan
1.417652947064711677e+00 nan
1.419183889772124729e+00 nan
1.420714832479538225e+00 nan
1.422245775186951500e+00 nan
1.423776717894364552e+00 nan
1.425307660601778048e+00 nan
1.426838603309191322e+00 nan
1.428369546016604374e+00 nan
1.429900488724017871e+00 nan
1.431431431431431145e+00 nan
1.432962374138844641e+00 nan
1.434493316846257915e+00 nan
1.436024259553671190e+00 nan
1.437555202261084464e+00 nan
1.439086144968497738e+00 nan
1.440617087675911012e+00 nan
1.442148030383324286e+00 nan
1.443678973090737561e+00 nan
1.445209915798150835e+00 nan
1.446740858505564109e+00 nan
1.448271801212977605e+00 nan
1.449802743920390879e+00 nan
1.451333686627804154e+00 nan
1.452864629335217428e+00 nan
1.454395572042630702e+00 nan
1.455926514750043976e+00 nan
1.457457457457457251e+00 nan
1.458988400164870525e+00 nan
1.460519342872283799e+00 nan
1.462050285579697073e+00 nan
1.463581228287110347e+00 nan
1.465112170994523844e+00 nan
1.466643113701937118e+00 nan
1.468174056409350392e+00 nan
1.469704999116763666e+00 nan
1.471235941824176940e+00 nan
1.472766884531590215e+00 nan
1.474297827239003489e+00 nan
1.475828769946416763e+00 nan
1.477359712653830037e+00 nan
1.478890655361243311e+00 nan
1.480421598068656808e+00 nan
1.481952540776069860e+00 nan
1.483483483483483356e+00 nan
1.485014426190896630e+00 nan
1.486545368898309682e+00 nan
1.488076311605723179e+00 nan
1.489607254313136453e+00 nan
1.491138197020549505e+00 nan
1.492669139727963001e+00 nan
1.494200082435376276e+00 nan
1.495731025142789772e+00 nan
1.497261967850203046e+00 nan
1.498792910557616320e+00 nan
1.500323853265029594e+00 nan
1.501854795972442869e+00 nan
1.503385738679856143e+00 nan
1.504916681387269417e+00 nan
1.506447624094682691e+00 nan
1.507978566802095965e+00 nan
1.509509509509509240e+00 nan
1.511040452216922514e+00 nan
1.512571394924336010e+00 nan
1.514102337631749284e+00 nan
1.515633280339162559e+00 nan
1.517164223046575833e+00 nan
1.518695165753989107e+00 nan
1.520226108461402381e+00 nan
1.521757051168815655e+00 nan
1.523287993876228930e+00 nan
1.524818936583642204e+00 nan
1.526349879291055478e+00 nan
1.527880821998468974e+00 nan
1.529411764705882248e+00 nan
