0.000000000000000000e+00 1.323300494515798320e+01
3.061885414826591564e-04 1.215256829862364008e+01
6.123770829653183128e-04 1.214871291541392750e+01
9.185656244479773608e-04 1.214485682512813725e+01
1.224754165930636626e-03 1.214100002288723523e+01
1.530942707413295890e-03 1.213722453268495904e+01
1.837131248895954722e-03 1.213345972116450433e+01
2.143319790378613986e-03 1.212969417710217712e+01
2.449508331861273251e-03 1.212600901019409250e+01
2.755696873343932516e-03 1.212240269619830002e+01
3.061885414826591781e-03 1.211879562586850767e+01
3.368073956309250612e-03 1.211518779470104867e+01
3.674262497791909443e-03 1.211157919817649997e+01
3.980451039274569142e-03 1.210796983175959340e+01
4.286639580757227973e-03 1.210435969089915531e+01
4.592828122239887671e-03 1.210074877102803192e+01
4.899016663722546502e-03 1.209713706756300944e+01
5.205205205205205334e-03 1.209352457590474650e+01
5.511393746687865032e-03 1.208991129143769783e+01
5.817582288170523863e-03 1.208636238355756731e+01
6.123770829653183562e-03 1.208282991247803295e+01
6.429959371135842393e-03 1.207930890607186569e+01
6.736147912618501224e-03 1.207579935903014068e+01
7.042336454101160055e-03 1.207230126607664111e+01
7.348524995583818886e-03 1.206881462196796129e+01
7.654713537066478585e-03 1.206533942149360250e+01
7.960902078549138283e-03 1.206187565947608142e+01
8.267090620031797982e-03 1.205842333077102779e+01
8.573279161514455946e-03 1.205498243026728744e+01
8.879467702997115644e-03 1.205154081711526537e+01
9.185656244479775343e-03 1.204808506251813860e+01
9.491844785962433306e-03 1.204463754375722395e+01
9.798033327445093005e-03 1.204119825593645920e+01
1.010422186892775270e-02 1.203776719418037189e+01
1.041041041041041067e-02 1.203434435363413613e+01
1.071659895189307037e-02 1.203092972946363659e+01
1.102278749337573006e-02 1.202752331685551823e+01
1.132897603485838803e-02 1.202412511101725734e+01
1.163516457634104773e-02 1.202073510717721661e+01
1.194135311782370742e-02 1.201735330058470907e+01
1.224754165930636712e-02 1.201397968651005677e+01
1.255373020078902509e-02 1.201061426024465462e+01
1.285991874227168479e-02 1.200725701710103088e+01
1.316610728375434448e-02 1.200390795241291109e+01
1.347229582523700245e-02 1.200056706153528552e+01
1.377848436671966215e-02 1.199723433984446075e+01
1.408467290820232011e-02 1.199390978273813779e+01
1.439086144968497981e-02 1.199059338563546895e+01
1.469704999116763777e-02 1.198728514397712530e+01
1.500323853265030094e-02 1.198398505322536067e+01
1.530942707413295717e-02 1.198069310886407379e+01
1.561561561561561860e-02 1.197740212431493134e+01
1.592180415709827657e-02 1.197410155302985224e+01
1.622799269858093626e-02 1.197080700847737234e+01
1.653418124006359596e-02 1.196751848621017267e+01
1.684036978154625219e-02 1.196423598179373471e+01
1.714655832302891189e-02 1.196095949080637588e+01
1.745274686451157159e-02 1.195768900883927799e+01
1.775893540599423129e-02 1.195442453149652628e+01
1.806512394747689099e-02 1.195116605439514146e+01
1.837131248895955069e-02 1.194791357316511338e+01
1.867750103044220691e-02 1.194466708344943662e+01
1.898368957192486661e-02 1.194142658090414422e+01
1.928987811340752631e-02 1.193819206119834675e+01
1.959606665489018601e-02 1.193496352001426075e+01
1.990225519637284571e-02 1.193174095304724780e+01
2.020844373785550541e-02 1.192852435600585181e+01
2.051463227933816511e-02 1.192531372461183814e+01
2.082082082082082133e-02 1.192210905460022019e+01
2.112700936230348103e-02 1.191891034171930386e+01
2.143319790378614073e-02 1.191571758173072126e+01
2.173938644526880043e-02 1.191253077040947694e+01
2.204557498675146013e-02 1.190934990354396561e+01
2.235176352823411983e-02 1.190617163620533248e+01
2.265795206971677606e-02 1.190298915774049426e+01
2.296414061119943575e-02 1.189981085639782066e+01
2.327032915268209545e-02 1.189663665266657411e+01
2.357651769416475515e-02 1.189346646703947741e+01
2.388270623564741485e-02 1.189030022001212750e+01
2.418889477713007455e-02 1.188713783208244834e+01
2.449508331861273425e-02 1.188397922375011184e+01
2.480127186009539048e-02 1.188082431551598006e+01
2.510746040157805017e-02 1.187767302788152612e+01
2.541364894306070987e-02 1.187452528134826224e+01
2.571983748454336957e-02 1.187138099641715705e+01
2.602602602602602927e-02 1.186824009358806187e+01
2.633221456750868897e-02 1.186510249335912803e+01
2.663840310899134520e-02 1.186196811622621539e+01
2.694459165047400490e-02 1.185883688268230785e+01
2.725078019195666459e-02 1.185570871321691655e+01
2.755696873343932429e-02 1.185258352831549189e+01
2.786315727492198399e-02 1.184946124845882487e+01
2.816934581640464022e-02 1.184634179412244137e+01
2.847553435788729992e-02 1.184322508577600175e+01
2.878172289936995962e-02 1.184011104388270041e+01
2.908791144085261932e-02 1.183700135982440926e+01
2.939409998233527554e-02 1.183390035136862473e+01
2.970028852381793524e-02 1.183080233851491947e+01
3.000647706530060188e-02 1.182770725519251798e+01
3.031266560678325811e-02 1.182461503532557501e+01
3.061885414826591434e-02 1.182152561283267467e+01
3.092504268974857057e-02 1.181843892162631704e+01
3.123123123123123721e-02 1.181535489561240837e+01
3.153741977271388996e-02 1.181227346868974770e+01
3.184360831419655313e-02 1.180919457474950285e+01
3.214979685567920936e-02 1.180611814767470769e+01
3.245598539716187253e-02 1.180304412133971859e+01
3.276217393864452876e-02 1.179997242960970638e+01
3.306836248012719193e-02 1.179690300634012168e+01
3.337455102160984816e-02 1.179383578537616550e+01
3.368073956309250439e-02 1.179077070055225818e+01
3.398692810457516755e-02 1.178770768569149929e+01
3.429311664605782378e-02 1.178464667460513482e+01
3.459930518754048695e-02 1.178158760109200998e+01
3.490549372902314318e-02 1.177853039893803100e+01
3.521168227050580635e-02 1.177547500191561625e+01
3.551787081198846258e-02 1.177242134378314198e+01
3.582405935347111881e-02 1.176936935828439701e+01
3.613024789495378197e-02 1.176631897914801783e+01
3.643643643643643820e-02 1.176327014008694150e+01
3.674262497791910137e-02 1.176022277479783540e+01
3.704881351940175760e-02 1.175717681696053063e+01
3.735500206088441383e-02 1.175413220023746774e+01
3.766119060236707700e-02 1.175108885827310523e+01
3.796737914384973323e-02 1.174804672469337063e+01
3.827356768533239639e-02 1.174500573310506368e+01
3.857975622681505262e-02 1.174196581709528076e+01
3.888594476829771579e-02 1.173892691023083934e+01
3.919213330978037202e-02 1.173588894605768651e+01
3.949832185126302825e-02 1.173285185810030562e+01
3.980451039274569142e-02 1.172981557986113188e+01
4.011069893422834765e-02 1.172678004481994840e+01
4.041688747571101081e-02 1.172374518643329466e+01
4.072307601719366704e-02 1.172071093813385723e+01
4.102926455867633021e-02 1.171767723332986399e+01
4.133545310015898644e-02 1.171464400540448381e+01
4.164164164164164267e-02 1.171161353673079653e+01
4.194783018312430584e-02 1.170859276018900808e+01
4.225401872460696207e-02 1.170557309876758900e+01
4.256020726608962523e-02 1.170255450574422618e+01
4.286639580757228146e-02 1.169953693437792630e+01
4.317258434905493769e-02 1.169652033790858603e+01
4.347877289053760086e-02 1.169350466955655499e+01
4.378496143202025709e-02 1.169048988252219878e+01
4.409114997350292026e-02 1.168747592998545493e+01
4.439733851498557649e-02 1.168446276510538873e+01
4.470352705646823965e-02 1.168145034101974744e+01
4.500971559795089588e-02 1.167843861084451795e+01
4.531590413943355211e-02 1.167542752767346670e+01
4.562209268091621528e-02 1.167241704457769025e+01
4.592828122239887151e-02 1.166940711460515701e+01
4.623446976388153468e-02 1.166639769078025068e+01
4.654065830536419091e-02 1.166338872610330668e+01
4.684684684684685407e-02 1.166038017355014667e+01
4.715303538832951030e-02 1.165737198607161318e+01
4.745922392981216653e-02 1.165436411659309890e+01
4.776541247129482970e-02 1.165135651801407413e+01
4.807160101277748593e-02 1.164834914320761250e+01
4.837778955426014910e-02 1.164534194501990960e+01
4.868397809574280533e-02 1.164233487626980512e+01
4.899016663722546849e-02 1.163932788974829791e+01
4.929635517870812472e-02 1.163632093821805746e+01
4.960254372019078095e-02 1.163331397441293724e+01
4.990873226167344412e-02 1.163030695103748080e+01
5.021492080315610035e-02 1.162729982076642621e+01
5.052110934463876352e-02 1.162429253624420333e+01
5.082729788612141975e-02 1.162128505008444357e+01
5.113348642760407597e-02 1.161827731486946114e+01
5.143967496908673914e-02 1.161526928314975571e+01
5.174586351056939537e-02 1.161226090744350081e+01
5.205205205205205854e-02 1.160925214023602159e+01
5.235824059353471477e-02 1.160624293397929030e+01
5.266442913501737794e-02 1.160323324109139520e+01
5.297061767650003417e-02 1.160022301395602362e+01
5.327680621798269039e-02 1.159721220492193616e+01
5.358299475946535356e-02 1.159420076630243379e+01
5.388918330094800979e-02 1.159118865037482138e+01
5.419537184243067296e-02 1.158817755136392869e+01
5.450156038391332919e-02 1.158517369493623228e+01
5.480774892539598542e-02 1.158216971837075349e+01
5.511393746687864859e-02 1.157916559057054329e+01
5.542012600836130481e-02 1.157616128041024695e+01
5.572631454984396798e-02 1.157315675673574518e+01
5.603250309132662421e-02 1.157015198836377046e+01
5.633869163280928044e-02 1.156714694408154820e+01
5.664488017429194361e-02 1.156414159264641128e+01
5.695106871577459984e-02 1.156113590278543413e+01
5.725725725725726301e-02 1.155812984319504721e+01
5.756344579873991923e-02 1.155512338254065874e+01
5.786963434022257546e-02 1.155211648945627090e+01
5.817582288170523863e-02 1.154910913254408733e+01
5.848201142318790874e-02 1.154610128037413830e+01
5.878819996467055109e-02 1.154309290148387213e+01
5.909438850615321426e-02 1.154008396437777506e+01
5.940057704763587049e-02 1.153707443752697159e+01
5.970676558911853365e-02 1.153406428936881944e+01
6.001295413060120376e-02 1.153105348830651522e+01
6.031914267208384611e-02 1.152804200270869117e+01
6.062533121356651622e-02 1.152502980090899776e+01
6.093151975504916551e-02 1.152201685120570929e+01
6.123770829653182868e-02 1.151900312186130115e+01
6.154389683801449878e-02 1.151598858110203416e+01
6.185008537949714114e-02 1.151297319711754774e+01
6.215627392097981124e-02 1.150995693806042830e+01
6.246246246246247441e-02 1.150693977204579355e+01
6.276865100394513064e-02 1.150392166715086084e+01
6.307483954542777993e-02 1.150090259141452087e+01
6.338102808691044310e-02 1.149788251283690954e+01
6.368721662839310627e-02 1.149486139937896745e+01
6.399340516987576943e-02 1.149183921896200644e+01
6.429959371135841872e-02 1.148881593946726554e+01
6.460578225284108189e-02 1.148579152873547571e+01
6.491197079432374506e-02 1.148276595456639981e+01
6.521815933580639435e-02 1.147973918471839916e+01
6.552434787728905752e-02 1.147671118690796810e+01
6.583053641877172069e-02 1.147368192880928461e+01
6.613672496025438385e-02 1.147065137805374846e+01
6.644291350173703314e-02 1.146761950222952819e+01
6.674910204321969631e-02 1.146458708929839787e+01
6.705529058470235948e-02 1.146155771789083744e+01
6.736147912618500877e-02 1.145852730173196221e+01
6.766766766766767194e-02 1.145549581731288136e+01
6.797385620915033511e-02 1.145246324108605585e+01
6.828004475063299827e-02 1.144942954946492009e+01
6.858623329211564756e-02 1.144639471882352311e+01
6.889242183359831073e-02 1.144335872549615196e+01
6.919861037508097390e-02 1.144032154577696048e+01
6.950479891656362319e-02 1.143728315591958555e+01
6.981098745804628636e-02 1.143424353213677946e+01
7.011717599952894953e-02 1.143120265060001195e+01
7.042336454101161269e-02 1.142816048743910429e+01
7.072955308249426198e-02 1.142511701874182783e+01
7.103574162397692515e-02 1.142207222055351501e+01
7.134193016545958832e-02 1.141902606887667027e+01
7.164811870694223761e-02 1.141597853967057397e+01
7.195430724842490078e-02 1.141292960885088270e+01
7.226049578990756395e-02 1.140987925228922251e+01
7.256668433139021324e-02 1.140682744581279451e+01
7.287287287287287640e-02 1.140377416520395926e+01
7.317906141435553957e-02 1.140071938619982639e+01
7.348524995583820274e-02 1.139766308449184429e+01
7.379143849732085203e-02 1.139460523572538797e+01
7.409762703880351520e-02 1.139154581549932743e+01
7.440381558028617837e-02 1.138848479936561375e+01
7.471000412176882766e-02 1.138542216282885633e+01
7.501619266325149082e-02 1.138235788134588233e+01
7.532238120473415399e-02 1.137929193032531927e+01
7.562856974621681716e-02 1.137622428512714379e+01
7.593475828769946645e-02 1.137315492106226245e+01
7.624094682918212962e-02 1.137008381339204988e+01
7.654713537066479279e-02 1.136701093732792067e+01
7.685332391214744208e-02 1.136393626803087287e+01
7.715951245363010524e-02 1.136085978061103674e+01
7.746570099511276841e-02 1.135778145012722362e+01
7.777188953659543158e-02 1.135470125158646049e+01
7.807807807807808087e-02 1.135161915994354054e+01
7.838426661956074404e-02 1.134853515010054714e+01
7.869045516104340721e-02 1.134544919690638842e+01
7.899664370252605650e-02 1.134236127515632830e+01
7.930283224400871966e-02 1.133927209666009439e+01
7.960902078549138283e-02 1.133618557124417059e+01
7.991520932697404600e-02 1.133309722336404946e+01
8.022139786845669529e-02 1.133000703070029580e+01
8.052758640993935846e-02 1.132691497088118560e+01
8.083377495142202163e-02 1.132382102148225655e+01
8.113996349290467092e-02 1.132072516002585161e+01
8.144615203438733408e-02 1.131762736398068192e+01
8.175234057586999725e-02 1.131452761076135971e+01
8.205852911735266042e-02 1.131142587772794350e+01
8.236471765883530971e-02 1.130832214218547982e+01
8.267090620031797288e-02 1.130521638138352891e+01
8.297709474180063605e-02 1.130210857251569934e+01
8.328328328328328534e-02 1.129899869271917723e+01
8.358947182476594850e-02 1.129588671907424491e+01
8.389566036624861167e-02 1.129277262860380660e+01
8.420184890773127484e-02 1.128965639827289102e+01
8.450803744921392413e-02 1.128653800498818249e+01
8.481422599069658730e-02 1.128341742559751104e+01
8.512041453217925047e-02 1.128029463688936929e+01
8.542660307366189976e-02 1.127716961559240261e+01
8.573279161514456292e-02 1.127404233837491176e+01
8.603898015662722609e-02 1.127091278184434842e+01
8.634516869810987538e-02 1.126778092254679109e+01
8.665135723959253855e-02 1.126464673696644603e+01
8.695754578107520172e-02 1.126151020152511251e+01
8.726373432255786489e-02 1.125837129258166769e+01
8.756992286404051418e-02 1.125522998643153549e+01
8.787611140552317734e-02 1.125208625930615725e+01
8.818229994700584051e-02 1.124894008737244810e+01
8.848848848848848980e-02 1.124579144673226594e+01
8.879467702997115297e-02 1.124264031342186065e+01
8.910086557145381614e-02 1.123948666341132352e+01
8.940705411293647931e-02 1.123633047260403472e+01
8.971324265441912860e-02 1.123317171683610916e+01
9.001943119590179176e-02 1.123001037187582263e+01
9.032561973738445493e-02 1.122684641342305945e+01
9.063180827886710422e-02 1.122367981710872975e+01
9.093799682034976739e-02 1.122051055849419043e+01
9.124418536183243056e-02 1.121733861307067492e+01
9.155037390331509373e-02 1.121416395625870166e+01
9.185656244479774302e-02 1.121098656340747546e+01
9.216275098628040618e-02 1.120780640979430487e+01
9.246893952776306935e-02 1.120462347062399289e+01
9.277512806924571864e-02 1.120143772102823654e+01
9.308131661072838181e-02 1.119824913606500871e+01
9.338750515221104498e-02 1.119505769071795243e+01
9.369369369369370815e-02 1.119186335989575376e+01
9.399988223517635744e-02 1.118866611843151659e+01
9.430607077665902060e-02 1.118546594108213554e+01
9.461225931814168377e-02 1.118226280252765292e+01
9.491844785962433306e-02 1.117905667737062458e+01
9.522463640110699623e-02 1.117584754013546977e+01
9.553082494258965940e-02 1.117263536526781564e+01
9.583701348407232257e-02 1.116942012713384891e+01
9.614320202555497186e-02 1.116620180001964080e+01
9.644939056703763502e-02 1.116298035813048450e+01
9.675557910852029819e-02 1.115975577559022724e+01
9.706176765000294748e-02 1.115652802644057573e+01
9.736795619148561065e-02 1.115329708464042113e+01
9.767414473296827382e-02 1.115006292406514632e+01
9.798033327445093699e-02 1.114682551850592063e+01
9.828652181593358628e-02 1.114358484166901064e+01
9.859271035741624944e-02 1.114034086717505723e+01
9.889889889889891261e-02 1.113709356855836674e+01
9.920508744038156190e-02 1.113384291926618985e+01
9.951127598186422507e-02 1.113058889265799145e+01
9.981746452334688824e-02 1.112733146200471701e+01
1.001236530648295375e-01 1.112407060048805718e+01
1.004298416063122007e-01 1.112080628119969106e+01
1.007360301477948639e-01 1.111753847714054544e+01
1.010422186892775270e-01 1.111426716122002922e+01
1.013484072307601763e-01 1.111099230625526246e+01
1.016545957722428395e-01 1.110771549934703195e+01
1.019607843137255027e-01 1.110444063709599050e+01
1.022669728552081519e-01 1.110116244816626896e+01
1.025731613966908151e-01 1.109788090919377979e+01
1.028793499381734783e-01 1.109459599672566554e+01
1.031855384796561415e-01 1.109130768721956173e+01
1.034917270211387907e-01 1.108801595704289156e+01
1.037979155626214539e-01 1.108472078247211634e+01
1.041041041041041171e-01 1.108142213969200007e+01
1.044102926455867664e-01 1.107812000479487580e+01
1.047164811870694295e-01 1.107481435377987289e+01
1.050226697285520927e-01 1.107150516255217632e+01
1.053288582700347559e-01 1.106819240692225215e+01
1.056350468115174052e-01 1.106487606260507839e+01
1.059412353530000683e-01 1.106155610521935806e+01
1.062474238944827315e-01 1.105823251028674648e+01
1.065536124359653808e-01 1.105490525323104478e+01
1.068598009774480440e-01 1.105157430937740770e+01
1.071659895189307071e-01 1.104823965395153529e+01
1.074721780604133703e-01 1.104490126207885403e+01
1.077783666018960196e-01 1.104155910878369262e+01
1.080845551433786828e-01 1.103821316898846838e+01
1.083907436848613459e-01 1.103486341751282573e+01
1.086969322263439952e-01 1.103150982907281552e+01
1.090031207678266584e-01 1.102815237828002282e+01
1.093093093093093354e-01 1.102479103964071960e+01
1.096154978507919708e-01 1.102142578755499613e+01
1.099216863922746201e-01 1.101805659631587631e+01
1.102278749337572972e-01 1.101468344010844191e+01
1.105340634752399603e-01 1.101130629300894270e+01
1.108402520167226096e-01 1.100792512898388686e+01
1.111464405582052867e-01 1.100453992188914221e+01
1.114526290996879360e-01 1.100115064546901422e+01
1.117588176411705714e-01 1.099775727335532061e+01
1.120650061826532484e-01 1.099435977906646578e+01
1.123711947241359255e-01 1.099095813600648519e+01
1.126773832656185609e-01 1.098755231746410921e+01
1.129835718071012102e-01 1.098414229661179142e+01
1.132897603485838872e-01 1.098072804650474588e+01
1.135959488900665504e-01 1.097730954007996829e+01
1.139021374315491997e-01 1.097388675015525195e+01
1.142083259730318767e-01 1.097045964942818408e+01
1.145145145145145260e-01 1.096702821047515108e+01
1.148207030559971892e-01 1.096359240575031535e+01
1.151268915974798385e-01 1.096015220758459385e+01
1.154330801389625016e-01 1.095670758818462609e+01
1.157392686804451509e-01 1.095325851963172958e+01
1.160454572219278280e-01 1.094980497388084473e+01
1.163516457634104773e-01 1.094634692275947074e+01
1.166578343048931404e-01 1.094288433796659810e+01
1.169640228463758175e-01 1.093941719107161603e+01
1.172702113878584668e-01 1.093594545351322722e+01
1.175763999293411022e-01 1.093246909659833754e+01
1.178825884708237792e-01 1.092898809150094586e+01
1.181887770123064285e-01 1.092550240926100713e+01
1.184949655537890917e-01 1.092201202078331690e+01
1.188011540952717410e-01 1.091851689683634241e+01
1.191073426367544180e-01 1.091501700805107511e+01
1.194135311782370673e-01 1.091151232491986356e+01
1.197197197197197305e-01 1.090800281779522329e+01
1.200259082612024075e-01 1.090448845688865553e+01
1.203320968026850568e-01 1.090096921226943749e+01
1.206382853441676922e-01 1.089744505386340201e+01
1.209444738856503693e-01 1.089391595145172253e+01
1.212506624271330324e-01 1.089038187466966612e+01
1.215568509686156817e-01 1.088684279300533930e+01
1.218630395100983310e-01 1.088329867579843757e+01
1.221692280515810081e-01 1.087974949223895216e+01
1.224754165930636574e-01 1.087619521136589640e+01
1.227816051345463205e-01 1.087263580206600011e+01
1.230877936760289976e-01 1.086907123307238798e+01
1.233939822175116330e-01 1.086550147296326685e+01
1.237001707589942823e-01 1.086192649016057565e+01
1.240063593004769593e-01 1.085834816261851721e+01
1.243125478419596225e-01 1.085476870596269094e+01
1.246187363834422718e-01 1.085118418181220612e+01
1.249249249249249488e-01 1.084759456161114599e+01
1.252311134664075842e-01 1.084399981664953572e+01
1.255373020078902613e-01 1.084039991806203318e+01
1.258434905493729106e-01 1.083679483682658784e+01
1.261496790908555599e-01 1.083318454376309781e+01
1.264558676323382369e-01 1.082956900953205448e+01
1.267620561738208862e-01 1.082594820463317120e+01
1.270682447153035632e-01 1.082232209940399237e+01
1.273744332567862125e-01 1.081869066401850077e+01
1.276806217982688618e-01 1.081505386848569650e+01
1.279868103397515389e-01 1.081141168264817232e+01
1.282929988812341882e-01 1.080776407618067125e+01
1.285991874227168374e-01 1.080411101858862821e+01
1.289053759641995145e-01 1.080045247920669738e+01
1.292115645056821638e-01 1.079678842719726717e+01
1.295177530471648131e-01 1.079311883154895213e+01
1.298239415886474901e-01 1.078944366107508301e+01
1.301301301301301394e-01 1.078576288441216491e+01
1.304363186716127887e-01 1.078207647001833180e+01
1.307425072130954657e-01 1.077838438617178518e+01
1.310486957545781150e-01 1.077468660096920416e+01
1.313548842960607643e-01 1.077098308232415036e+01
1.316610728375434414e-01 1.076727379796546202e+01
1.319672613790260907e-01 1.076355871543560916e+01
1.322734499205087677e-01 1.075983780208905394e+01
1.325796384619914170e-01 1.075611102509058448e+01
1.328858270034740663e-01 1.075237835141362730e+01
1.331920155449567433e-01 1.074863974783855447e+01
1.334982040864393926e-01 1.074489518095096052e+01
1.338043926279220419e-01 1.074114461713992519e+01
1.341105811694047190e-01 1.073738802259626191e+01
1.344167697108873682e-01 nan
1.347229582523700175e-01 nan
1.350291467938526946e-01 nan
1.353353353353353439e-01 nan
1.356415238768179932e-01 nan
1.359477124183006702e-01 nan
1.362539009597833195e-01 nan
1.365600895012659965e-01 nan
1.368662780427486458e-01 nan
1.371724665842312951e-01 nan
1.374786551257139722e-01 nan
1.377848436671966215e-01 nan
1.380910322086792708e-01 nan
1.383972207501619478e-01 nan
1.387034092916445971e-01 nan
1.390095978331272464e-01 nan
1.393157863746099234e-01 nan
1.396219749160925727e-01 nan
1.399281634575752220e-01 nan
1.402343519990578991e-01 nan
1.405405405405405483e-01 nan
1.408467290820232254e-01 nan
1.411529176235058747e-01 nan
1.414591061649885240e-01 nan
1.417652947064712010e-01 nan
1.420714832479538503e-01 nan
1.423776717894364996e-01 nan
1.426838603309191766e-01 nan
1.429900488724018259e-01 nan
1.432962374138844752e-01 nan
1.436024259553671523e-01 nan
1.439086144968498016e-01 nan
1.442148030383324508e-01 nan
1.445209915798151279e-01 nan
1.448271801212977772e-01 nan
1.451333686627804265e-01 nan
1.454395572042631035e-01 nan
1.457457457457457528e-01 nan
1.460519342872284299e-01 nan
1.463581228287110791e-01 nan
1.466643113701937284e-01 nan
1.469704999116764055e-01 nan
1.472766884531590548e-01 nan
1.475828769946417041e-01 nan
1.478890655361243811e-01 nan
1.481952540776070304e-01 nan
1.485014426190896797e-01 nan
1.488076311605723567e-01 nan
1.491138197020550060e-01 nan
1.494200082435376553e-01 nan
1.497261967850203324e-01 nan
1.500323853265029816e-01 nan
1.503385738679856587e-01 nan
1.506447624094683080e-01 nan
1.509509509509509573e-01 nan
1.512571394924336343e-01 nan
1.515633280339162836e-01 nan
1.518695165753989329e-01 nan
1.521757051168816099e-01 nan
1.524818936583642592e-01 nan
1.527880821998469085e-01 nan
1.530942707413295856e-01 nan
1.534004592828122349e-01 nan
1.537066478242948842e-01 nan
1.540128363657775612e-01 nan
1.543190249072602105e-01 nan
1.546252134487428875e-01 nan
1.549314019902255368e-01 nan
1.552375905317081861e-01 nan
1.555437790731908632e-01 nan
1.558499676146735125e-01 nan
1.561561561561561617e-01 nan
1.564623446976388388e-01 nan
1.567685332391214881e-01 nan
1.570747217806041374e-01 nan
1.573809103220868144e-01 nan
1.576870988635694637e-01 nan
1.579932874050521130e-01 nan
1.582994759465347900e-01 nan
1.586056644880174393e-01 nan
1.589118530295000886e-01 nan
1.592180415709827657e-01 nan
1.595242301124654150e-01 nan
1.598304186539480920e-01 nan
1.601366071954307413e-01 nan
1.604427957369133906e-01 nan
1.607489842783960676e-01 nan
1.610551728198787169e-01 nan
1.613613613613613662e-01 nan
1.616675499028440433e-01 nan
1.619737384443266925e-01 nan
1.622799269858093418e-01 nan
1.625861155272920189e-01 nan
1.628923040687746682e-01 nan
1.631984926102573175e-01 nan
1.635046811517399945e-01 nan
1.638108696932226438e-01 nan
1.641170582347053208e-01 nan
1.644232467761879701e-01 nan
1.647294353176706194e-01 nan
1.650356238591532965e-01 nan
1.653418124006359458e-01 nan
1.656480009421185950e-01 nan
1.659541894836012721e-01 nan
1.662603780250839214e-01 nan
1.665665665665665707e-01 nan
1.668727551080492477e-01 nan
1.671789436495318970e-01 nan
1.674851321910145463e-01 nan
1.677913207324972233e-01 nan
1.680975092739798726e-01 nan
1.684036978154625497e-01 nan
1.687098863569451990e-01 nan
1.690160748984278483e-01 nan
1.693222634399105253e-01 nan
1.696284519813931746e-01 nan
1.699346405228758239e-01 nan
1.702408290643585009e-01 nan
1.705470176058411502e-01 nan
1.708532061473237995e-01 nan
1.711593946888064766e-01 nan
1.714655832302891258e-01 nan
1.717717717717717751e-01 nan
1.720779603132544522e-01 nan
1.723841488547371015e-01 nan
1.726903373962197508e-01 nan
1.729965259377024278e-01 nan
1.733027144791850771e-01 nan
1.736089030206677541e-01 nan
1.739150915621504034e-01 nan
1.742212801036330527e-01 nan
1.745274686451157298e-01 nan
1.748336571865983791e-01 nan
1.751398457280810284e-01 nan
1.754460342695637054e-01 nan
1.757522228110463547e-01 nan
1.760584113525290040e-01 nan
1.763645998940116810e-01 nan
1.766707884354943303e-01 nan
1.769769769769769796e-01 nan
1.772831655184596567e-01 nan
1.775893540599423059e-01 nan
1.778955426014249830e-01 nan
1.782017311429076323e-01 nan
1.785079196843902816e-01 nan
1.788141082258729586e-01 nan
1.791202967673556079e-01 nan
1.794264853088382572e-01 nan
1.797326738503209342e-01 nan
1.800388623918035835e-01 nan
1.803450509332862328e-01 nan
1.806512394747689099e-01 nan
1.809574280162515592e-01 nan
1.812636165577342084e-01 nan
1.815698050992168855e-01 nan
1.818759936406995348e-01 nan
1.821821821821822118e-01 nan
1.824883707236648611e-01 nan
1.827945592651475104e-01 nan
1.831007478066301875e-01 nan
1.834069363481128367e-01 nan
1.837131248895954860e-01 nan
1.840193134310781631e-01 nan
1.843255019725608124e-01 nan
1.846316905140434617e-01 nan
1.849378790555261387e-01 nan
1.852440675970087880e-01 nan
1.855502561384914373e-01 nan
1.858564446799741143e-01 nan
1.861626332214567636e-01 nan
1.864688217629394129e-01 nan
1.867750103044220900e-01 nan
1.870811988459047392e-01 nan
1.873873873873874163e-01 nan
1.876935759288700656e-01 nan
1.879997644703527149e-01 nan
1.883059530118353919e-01 nan
1.886121415533180412e-01 nan
1.889183300948006905e-01 nan
1.892245186362833675e-01 nan
1.895307071777660168e-01 nan
1.898368957192486661e-01 nan
1.901430842607313432e-01 nan
1.904492728022139925e-01 nan
1.907554613436966418e-01 nan
1.910616498851793188e-01 nan
1.913678384266619681e-01 nan
1.916740269681446451e-01 nan
1.919802155096272944e-01 nan
1.922864040511099437e-01 nan
1.925925925925926208e-01 nan
1.928987811340752700e-01 nan
1.932049696755579193e-01 nan
1.935111582170405964e-01 nan
1.938173467585232457e-01 nan
1.941235353000058950e-01 nan
1.944297238414885720e-01 nan
1.947359123829712213e-01 nan
1.950421009244538706e-01 nan
1.953482894659365476e-01 nan
1.956544780074191969e-01 nan
1.959606665489018740e-01 nan
1.962668550903845233e-01 nan
1.965730436318671726e-01 nan
1.968792321733498496e-01 nan
1.971854207148324989e-01 nan
1.974916092563151482e-01 nan
1.977977977977978252e-01 nan
1.981039863392804745e-01 nan
1.984101748807631238e-01 nan
1.987163634222458009e-01 nan
1.990225519637284501e-01 nan
1.993287405052110994e-01 nan
1.996349290466937765e-01 nan
1.999411175881764258e-01 nan
2.002473061296590751e-01 nan
2.005534946711417521e-01 nan
2.008596832126244014e-01 nan
2.011658717541070784e-01 nan
2.014720602955897277e-01 nan
2.017782488370723770e-01 nan
2.020844373785550541e-01 nan
2.023906259200377034e-01 nan
2.026968144615203526e-01 nan
2.030030030030030297e-01 nan
2.033091915444856790e-01 nan
2.036153800859683283e-01 nan
2.039215686274510053e-01 nan
2.042277571689336546e-01 nan
2.045339457104163039e-01 nan
2.048401342518989809e-01 nan
2.051463227933816302e-01 nan
2.054525113348643073e-01 nan
2.057586998763469566e-01 nan
2.060648884178296059e-01 nan
2.063710769593122829e-01 nan
2.066772655007949322e-01 nan
2.069834540422775815e-01 nan
2.072896425837602585e-01 nan
2.075958311252429078e-01 nan
2.079020196667255571e-01 nan
2.082082082082082342e-01 nan
2.085143967496908834e-01 nan
2.088205852911735327e-01 nan
2.091267738326562098e-01 nan
2.094329623741388591e-01 nan
2.097391509156215084e-01 nan
2.100453394571041854e-01 nan
2.103515279985868347e-01 nan
2.106577165400695117e-01 nan
2.109639050815521610e-01 nan
2.112700936230348103e-01 nan
2.115762821645174874e-01 nan
2.118824707060001367e-01 nan
2.121886592474827860e-01 nan
2.124948477889654630e-01 nan
2.128010363304481123e-01 nan
2.131072248719307616e-01 nan
2.134134134134134386e-01 nan
2.137196019548960879e-01 nan
2.140257904963787372e-01 nan
2.143319790378614143e-01 nan
2.146381675793440635e-01 nan
2.149443561208267406e-01 nan
2.152505446623093899e-01 nan
2.155567332037920392e-01 nan
2.158629217452747162e-01 nan
2.161691102867573655e-01 nan
2.164752988282400148e-01 nan
2.167814873697226918e-01 nan
2.170876759112053411e-01 nan
2.173938644526879904e-01 nan
2.177000529941706675e-01 nan
2.180062415356533168e-01 nan
2.183124300771359660e-01 nan
2.186186186186186708e-01 nan
2.189248071601012924e-01 nan
2.192309957015839417e-01 nan
2.195371842430666187e-01 nan
2.198433727845492403e-01 nan
2.201495613260319728e-01 nan
2.204557498675145943e-01 nan
2.207619384089972714e-01 nan
2.210681269504799207e-01 nan
2.213743154919625422e-01 nan
2.216805040334452193e-01 nan
2.219866925749278963e-01 nan
2.222928811164105733e-01 nan
2.225990696578931949e-01 nan
2.229052581993758719e-01 nan
2.232114467408585212e-01 nan
2.235176352823411428e-01 nan
2.238238238238238198e-01 nan
2.241300123653064968e-01 nan
2.244362009067891739e-01 nan
2.247423894482718509e-01 nan
2.250485779897544725e-01 nan
2.253547665312371218e-01 nan
2.256609550727197988e-01 nan
2.259671436142024203e-01 nan
2.262733321556851529e-01 nan
2.265795206971677744e-01 nan
2.268857092386504515e-01 nan
2.271918977801331008e-01 nan
2.274980863216157223e-01 nan
2.278042748630983994e-01 nan
2.281104634045810764e-01 nan
2.284166519460637534e-01 nan
2.287228404875464305e-01 nan
2.290290290290290520e-01 nan
2.293352175705117013e-01 nan
2.296414061119943784e-01 nan
2.299475946534769999e-01 nan
2.302537831949596769e-01 nan
2.305599717364423540e-01 nan
2.308661602779250033e-01 nan
2.311723488194076526e-01 nan
2.314785373608903019e-01 nan
2.317847259023729789e-01 nan
2.320909144438556559e-01 nan
2.323971029853383330e-01 nan
2.327032915268209545e-01 nan
2.330094800683036038e-01 nan
2.333156686097862809e-01 nan
2.336218571512689024e-01 nan
2.339280456927516350e-01 nan
2.342342342342342565e-01 nan
2.345404227757169335e-01 nan
2.348466113171995828e-01 nan
2.351527998586822044e-01 nan
2.354589884001648814e-01 nan
2.357651769416475585e-01 nan
2.360713654831302355e-01 nan
2.363775540246128570e-01 nan
2.366837425660955341e-01 nan
2.369899311075781834e-01 nan
2.372961196490608049e-01 nan
2.376023081905434819e-01 nan
2.379084967320261590e-01 nan
2.382146852735088360e-01 nan
2.385208738149915131e-01 nan
2.388270623564741346e-01 nan
2.391332508979567839e-01 nan
2.394394394394394610e-01 nan
2.397456279809220825e-01 nan
2.400518165224048150e-01 nan
2.403580050638874366e-01 nan
2.406641936053701136e-01 nan
2.409703821468527629e-01 nan
2.412765706883353845e-01 nan
2.415827592298180615e-01 nan
2.418889477713007385e-01 nan
2.421951363127834156e-01 nan
2.425013248542660649e-01 nan
2.428075133957487142e-01 nan
2.431137019372313635e-01 nan
2.434198904787140405e-01 nan
2.437260790201966620e-01 nan
2.440322675616793391e-01 nan
2.443384561031620161e-01 nan
2.446446446446446654e-01 nan
2.449508331861273147e-01 nan
2.452570217276099640e-01 nan
2.455632102690926410e-01 nan
2.458693988105753181e-01 nan
2.461755873520579951e-01 nan
2.464817758935406167e-01 nan
2.467879644350232660e-01 nan
2.470941529765059430e-01 nan
2.474003415179885645e-01 nan
2.477065300594712971e-01 nan
2.480127186009539186e-01 nan
2.483189071424365957e-01 nan
2.486250956839192450e-01 nan
2.489312842254018665e-01 nan
2.492374727668845436e-01 nan
2.495436613083672206e-01 nan
2.498498498498498976e-01 nan
2.501560383913325469e-01 nan
2.504622269328151685e-01 nan
2.507684154742978455e-01 nan
2.510746040157805226e-01 nan
2.513807925572631441e-01 nan
2.516869810987458211e-01 nan
2.519931696402284982e-01 nan
2.522993581817111197e-01 nan
2.526055467231937968e-01 nan
2.529117352646764738e-01 nan
2.532179238061590953e-01 nan
2.535241123476417724e-01 nan
2.538303008891244494e-01 nan
2.541364894306071265e-01 nan
2.544426779720897480e-01 nan
2.547488665135724251e-01 nan
2.550550550550551021e-01 nan
2.553612435965377236e-01 nan
2.556674321380204007e-01 nan
2.559736206795030777e-01 nan
2.562798092209856993e-01 nan
2.565859977624683763e-01 nan
2.568921863039510534e-01 nan
2.571983748454336749e-01 nan
2.575045633869163519e-01 nan
2.578107519283990290e-01 nan
2.581169404698816505e-01 nan
2.584231290113643276e-01 nan
2.587293175528470046e-01 nan
2.590355060943296261e-01 nan
2.593416946358123032e-01 nan
2.596478831772949802e-01 nan
2.599540717187776018e-01 nan
2.602602602602602788e-01 nan
2.605664488017429559e-01 nan
2.608726373432255774e-01 nan
2.611788258847082544e-01 nan
2.614850144261909315e-01 nan
2.617912029676735530e-01 nan
2.620973915091562301e-01 nan
2.624035800506389071e-01 nan
2.627097685921215287e-01 nan
2.630159571336042057e-01 nan
2.633221456750868827e-01 nan
2.636283342165695598e-01 nan
2.639345227580521813e-01 nan
2.642407112995348584e-01 nan
2.645468998410175354e-01 nan
2.648530883825001569e-01 nan
2.651592769239828340e-01 nan
2.654654654654655110e-01 nan
2.657716540069481326e-01 nan
2.660778425484308096e-01 nan
2.663840310899134867e-01 nan
2.666902196313961082e-01 nan
2.669964081728787852e-01 nan
2.673025967143614623e-01 nan
2.676087852558440838e-01 nan
2.679149737973267609e-01 nan
2.682211623388094379e-01 nan
2.685273508802920595e-01 nan
2.688335394217747365e-01 nan
2.691397279632574135e-01 nan
2.694459165047400351e-01 nan
2.697521050462227121e-01 nan
2.700582935877053892e-01 nan
2.703644821291880107e-01 nan
2.706706706706706878e-01 nan
2.709768592121533648e-01 nan
2.712830477536359863e-01 nan
2.715892362951186634e-01 nan
2.718954248366013404e-01 nan
2.722016133780840175e-01 nan
2.725078019195666390e-01 nan
2.728139904610493160e-01 nan
2.731201790025319931e-01 nan
2.734263675440146146e-01 nan
2.737325560854972917e-01 nan
2.740387446269799687e-01 nan
2.743449331684625903e-01 nan
2.746511217099452673e-01 nan
2.749573102514279443e-01 nan
2.752634987929105659e-01 nan
2.755696873343932429e-01 nan
2.758758758758759200e-01 nan
2.761820644173585415e-01 nan
2.764882529588412186e-01 nan
2.767944415003238956e-01 nan
2.771006300418065171e-01 nan
2.774068185832891942e-01 nan
2.777130071247718712e-01 nan
2.780191956662544928e-01 nan
2.783253842077371698e-01 nan
2.786315727492198469e-01 nan
2.789377612907024684e-01 nan
2.792439498321851454e-01 nan
2.795501383736678225e-01 nan
2.798563269151504440e-01 nan
2.801625154566331211e-01 nan
2.804687039981157981e-01 nan
2.807748925395984196e-01 nan
2.810810810810810967e-01 nan
2.813872696225637737e-01 nan
2.816934581640464508e-01 nan
2.819996467055290723e-01 nan
2.823058352470117494e-01 nan
2.826120237884944264e-01 nan
2.829182123299770479e-01 nan
2.832244008714597250e-01 nan
2.835305894129424020e-01 nan
2.838367779544250236e-01 nan
2.841429664959077006e-01 nan
2.844491550373903777e-01 nan
2.847553435788729992e-01 nan
2.850615321203556762e-01 nan
2.853677206618383533e-01 nan
2.856739092033209748e-01 nan
2.859800977448036519e-01 nan
2.862862862862863289e-01 nan
2.865924748277689504e-01 nan
2.868986633692516275e-01 nan
2.872048519107343045e-01 nan
2.875110404522169261e-01 nan
2.878172289936996031e-01 nan
2.881234175351822802e-01 nan
2.884296060766649017e-01 nan
2.887357946181475787e-01 nan
2.890419831596302558e-01 nan
2.893481717011128773e-01 nan
2.896543602425955544e-01 nan
2.899605487840782314e-01 nan
2.902667373255608529e-01 nan
2.905729258670435300e-01 nan
2.908791144085262070e-01 nan
2.911853029500088841e-01 nan
2.914914914914915056e-01 nan
2.917976800329741827e-01 nan
2.921038685744568597e-01 nan
2.924100571159394812e-01 nan
2.927162456574221583e-01 nan
2.930224341989048353e-01 nan
2.933286227403874569e-01 nan
2.936348112818701339e-01 nan
2.939409998233528110e-01 nan
2.942471883648354325e-01 nan
2.945533769063181095e-01 nan
2.948595654478007866e-01 nan
2.951657539892834081e-01 nan
2.954719425307660852e-01 nan
2.957781310722487622e-01 nan
2.960843196137313837e-01 nan
2.963905081552140608e-01 nan
2.966966966966967378e-01 nan
2.970028852381793594e-01 nan
2.973090737796620364e-01 nan
2.976152623211447135e-01 nan
2.979214508626273350e-01 nan
2.982276394041100120e-01 nan
2.985338279455926891e-01 nan
2.988400164870753106e-01 nan
2.991462050285579877e-01 nan
2.994523935700406647e-01 nan
2.997585821115233418e-01 nan
3.000647706530059633e-01 nan
3.003709591944886403e-01 nan
3.006771477359713174e-01 nan
3.009833362774539389e-01 nan
3.012895248189366160e-01 nan
3.015957133604192930e-01 nan
3.019019019019019145e-01 nan
3.022080904433845916e-01 nan
3.025142789848672686e-01 nan
3.028204675263498902e-01 nan
3.031266560678325672e-01 nan
3.034328446093152443e-01 nan
3.037390331507978658e-01 nan
3.040452216922805428e-01 nan
3.043514102337632199e-01 nan
3.046575987752458414e-01 nan
3.049637873167285185e-01 nan
3.052699758582111955e-01 nan
3.055761643996938171e-01 nan
3.058823529411764941e-01 nan
